"","Id","MSSubClass","MSZoning","LotFrontage","LotArea","Street","Alley","LotShape","LandContour","Utilities","LotConfig","LandSlope","Neighborhood","Condition1","Condition2","BldgType","HouseStyle","OverallQual","OverallCond","YearBuilt","YearRemodAdd","RoofStyle","RoofMatl","Exterior1st","Exterior2nd","MasVnrType","MasVnrArea","ExterQual","ExterCond","Foundation","BsmtQual","BsmtCond","BsmtExposure","BsmtFinType1","BsmtFinSF1","BsmtFinType2","BsmtFinSF2","BsmtUnfSF","TotalBsmtSF","Heating","HeatingQC","CentralAir","Electrical","X1stFlrSF","X2ndFlrSF","LowQualFinSF","GrLivArea","BsmtFullBath","BsmtHalfBath","FullBath","HalfBath","BedroomAbvGr","KitchenAbvGr","KitchenQual","TotRmsAbvGrd","Functional","Fireplaces","FireplaceQu","GarageType","GarageYrBlt","GarageFinish","GarageCars","GarageArea","GarageQual","GarageCond","PavedDrive","WoodDeckSF","OpenPorchSF","EnclosedPorch","X3SsnPorch","ScreenPorch","PoolArea","PoolQC","Fence","MiscFeature","MiscVal","MoSold","YrSold","SaleType","SaleCondition","SalePrice","Source"
"1",1,60,"RL",65,8450,"Pave",NA,"Reg","Lvl","AllPub","Inside","Gtl","CollgCr","Norm","Norm","1Fam","2Story","7","5",2003,2003,"Gable","CompShg","VinylSd","VinylSd","BrkFace",196,"Gd","TA","PConc","Gd","TA","No","GLQ",706,"Unf",0,150,856,"GasA","Ex","Y","SBrkr",856,854,0,1710,1,0,2,1,3,1,"Gd",8,"Typ",0,NA,"Attchd",2003,"RFn",2,548,"TA","TA","Y",0,61,0,0,0,0,NA,NA,NA,0,2,2008,"WD","Normal",208500,"Train"
"2",2,20,"RL",80,9600,"Pave",NA,"Reg","Lvl","AllPub","FR2","Gtl","Veenker","Feedr","Norm","1Fam","1Story","6","8",1976,1976,"Gable","CompShg","MetalSd","MetalSd","None",0,"TA","TA","CBlock","Gd","TA","Gd","ALQ",978,"Unf",0,284,1262,"GasA","Ex","Y","SBrkr",1262,0,0,1262,0,1,2,0,3,1,"TA",6,"Typ",1,"TA","Attchd",1976,"RFn",2,460,"TA","TA","Y",298,0,0,0,0,0,NA,NA,NA,0,5,2007,"WD","Normal",181500,"Train"
"3",3,60,"RL",68,11250,"Pave",NA,"IR1","Lvl","AllPub","Inside","Gtl","CollgCr","Norm","Norm","1Fam","2Story","7","5",2001,2002,"Gable","CompShg","VinylSd","VinylSd","BrkFace",162,"Gd","TA","PConc","Gd","TA","Mn","GLQ",486,"Unf",0,434,920,"GasA","Ex","Y","SBrkr",920,866,0,1786,1,0,2,1,3,1,"Gd",6,"Typ",1,"TA","Attchd",2001,"RFn",2,608,"TA","TA","Y",0,42,0,0,0,0,NA,NA,NA,0,9,2008,"WD","Normal",223500,"Train"
"4",4,70,"RL",60,9550,"Pave",NA,"IR1","Lvl","AllPub","Corner","Gtl","Crawfor","Norm","Norm","1Fam","2Story","7","5",1915,1970,"Gable","CompShg","Wd Sdng","Wd Shng","None",0,"TA","TA","BrkTil","TA","Gd","No","ALQ",216,"Unf",0,540,756,"GasA","Gd","Y","SBrkr",961,756,0,1717,1,0,1,0,3,1,"Gd",7,"Typ",1,"Gd","Detchd",1998,"Unf",3,642,"TA","TA","Y",0,35,272,0,0,0,NA,NA,NA,0,2,2006,"WD","Abnorml",140000,"Train"
"5",5,60,"RL",84,14260,"Pave",NA,"IR1","Lvl","AllPub","FR2","Gtl","NoRidge","Norm","Norm","1Fam","2Story","8","5",2000,2000,"Gable","CompShg","VinylSd","VinylSd","BrkFace",350,"Gd","TA","PConc","Gd","TA","Av","GLQ",655,"Unf",0,490,1145,"GasA","Ex","Y","SBrkr",1145,1053,0,2198,1,0,2,1,4,1,"Gd",9,"Typ",1,"TA","Attchd",2000,"RFn",3,836,"TA","TA","Y",192,84,0,0,0,0,NA,NA,NA,0,12,2008,"WD","Normal",250000,"Train"
"6",6,50,"RL",85,14115,"Pave",NA,"IR1","Lvl","AllPub","Inside","Gtl","Mitchel","Norm","Norm","1Fam","1.5Fin","5","5",1993,1995,"Gable","CompShg","VinylSd","VinylSd","None",0,"TA","TA","Wood","Gd","TA","No","GLQ",732,"Unf",0,64,796,"GasA","Ex","Y","SBrkr",796,566,0,1362,1,0,1,1,1,1,"TA",5,"Typ",0,NA,"Attchd",1993,"Unf",2,480,"TA","TA","Y",40,30,0,320,0,0,NA,"MnPrv","Shed",700,10,2009,"WD","Normal",143000,"Train"
"7",7,20,"RL",75,10084,"Pave",NA,"Reg","Lvl","AllPub","Inside","Gtl","Somerst","Norm","Norm","1Fam","1Story","8","5",2004,2005,"Gable","CompShg","VinylSd","VinylSd","Stone",186,"Gd","TA","PConc","Ex","TA","Av","GLQ",1369,"Unf",0,317,1686,"GasA","Ex","Y","SBrkr",1694,0,0,1694,1,0,2,0,3,1,"Gd",7,"Typ",1,"Gd","Attchd",2004,"RFn",2,636,"TA","TA","Y",255,57,0,0,0,0,NA,NA,NA,0,8,2007,"WD","Normal",307000,"Train"
"8",8,60,"RL",NA,10382,"Pave",NA,"IR1","Lvl","AllPub","Corner","Gtl","NWAmes","PosN","Norm","1Fam","2Story","7","6",1973,1973,"Gable","CompShg","HdBoard","HdBoard","Stone",240,"TA","TA","CBlock","Gd","TA","Mn","ALQ",859,"BLQ",32,216,1107,"GasA","Ex","Y","SBrkr",1107,983,0,2090,1,0,2,1,3,1,"TA",7,"Typ",2,"TA","Attchd",1973,"RFn",2,484,"TA","TA","Y",235,204,228,0,0,0,NA,NA,"Shed",350,11,2009,"WD","Normal",2e+05,"Train"
"9",9,50,"RM",51,6120,"Pave",NA,"Reg","Lvl","AllPub","Inside","Gtl","OldTown","Artery","Norm","1Fam","1.5Fin","7","5",1931,1950,"Gable","CompShg","BrkFace","Wd Shng","None",0,"TA","TA","BrkTil","TA","TA","No","Unf",0,"Unf",0,952,952,"GasA","Gd","Y","FuseF",1022,752,0,1774,0,0,2,0,2,2,"TA",8,"Min1",2,"TA","Detchd",1931,"Unf",2,468,"Fa","TA","Y",90,0,205,0,0,0,NA,NA,NA,0,4,2008,"WD","Abnorml",129900,"Train"
"10",10,190,"RL",50,7420,"Pave",NA,"Reg","Lvl","AllPub","Corner","Gtl","BrkSide","Artery","Artery","2fmCon","1.5Unf","5","6",1939,1950,"Gable","CompShg","MetalSd","MetalSd","None",0,"TA","TA","BrkTil","TA","TA","No","GLQ",851,"Unf",0,140,991,"GasA","Ex","Y","SBrkr",1077,0,0,1077,1,0,1,0,2,2,"TA",5,"Typ",2,"TA","Attchd",1939,"RFn",1,205,"Gd","TA","Y",0,4,0,0,0,0,NA,NA,NA,0,1,2008,"WD","Normal",118000,"Train"
"11",11,20,"RL",70,11200,"Pave",NA,"Reg","Lvl","AllPub","Inside","Gtl","Sawyer","Norm","Norm","1Fam","1Story","5","5",1965,1965,"Hip","CompShg","HdBoard","HdBoard","None",0,"TA","TA","CBlock","TA","TA","No","Rec",906,"Unf",0,134,1040,"GasA","Ex","Y","SBrkr",1040,0,0,1040,1,0,1,0,3,1,"TA",5,"Typ",0,NA,"Detchd",1965,"Unf",1,384,"TA","TA","Y",0,0,0,0,0,0,NA,NA,NA,0,2,2008,"WD","Normal",129500,"Train"
"12",12,60,"RL",85,11924,"Pave",NA,"IR1","Lvl","AllPub","Inside","Gtl","NridgHt","Norm","Norm","1Fam","2Story","9","5",2005,2006,"Hip","CompShg","WdShing","Wd Shng","Stone",286,"Ex","TA","PConc","Ex","TA","No","GLQ",998,"Unf",0,177,1175,"GasA","Ex","Y","SBrkr",1182,1142,0,2324,1,0,3,0,4,1,"Ex",11,"Typ",2,"Gd","BuiltIn",2005,"Fin",3,736,"TA","TA","Y",147,21,0,0,0,0,NA,NA,NA,0,7,2006,"New","Partial",345000,"Train"
"13",13,20,"RL",NA,12968,"Pave",NA,"IR2","Lvl","AllPub","Inside","Gtl","Sawyer","Norm","Norm","1Fam","1Story","5","6",1962,1962,"Hip","CompShg","HdBoard","Plywood","None",0,"TA","TA","CBlock","TA","TA","No","ALQ",737,"Unf",0,175,912,"GasA","TA","Y","SBrkr",912,0,0,912,1,0,1,0,2,1,"TA",4,"Typ",0,NA,"Detchd",1962,"Unf",1,352,"TA","TA","Y",140,0,0,0,176,0,NA,NA,NA,0,9,2008,"WD","Normal",144000,"Train"
"14",14,20,"RL",91,10652,"Pave",NA,"IR1","Lvl","AllPub","Inside","Gtl","CollgCr","Norm","Norm","1Fam","1Story","7","5",2006,2007,"Gable","CompShg","VinylSd","VinylSd","Stone",306,"Gd","TA","PConc","Gd","TA","Av","Unf",0,"Unf",0,1494,1494,"GasA","Ex","Y","SBrkr",1494,0,0,1494,0,0,2,0,3,1,"Gd",7,"Typ",1,"Gd","Attchd",2006,"RFn",3,840,"TA","TA","Y",160,33,0,0,0,0,NA,NA,NA,0,8,2007,"New","Partial",279500,"Train"
"15",15,20,"RL",NA,10920,"Pave",NA,"IR1","Lvl","AllPub","Corner","Gtl","NAmes","Norm","Norm","1Fam","1Story","6","5",1960,1960,"Hip","CompShg","MetalSd","MetalSd","BrkFace",212,"TA","TA","CBlock","TA","TA","No","BLQ",733,"Unf",0,520,1253,"GasA","TA","Y","SBrkr",1253,0,0,1253,1,0,1,1,2,1,"TA",5,"Typ",1,"Fa","Attchd",1960,"RFn",1,352,"TA","TA","Y",0,213,176,0,0,0,NA,"GdWo",NA,0,5,2008,"WD","Normal",157000,"Train"
"16",16,45,"RM",51,6120,"Pave",NA,"Reg","Lvl","AllPub","Corner","Gtl","BrkSide","Norm","Norm","1Fam","1.5Unf","7","8",1929,2001,"Gable","CompShg","Wd Sdng","Wd Sdng","None",0,"TA","TA","BrkTil","TA","TA","No","Unf",0,"Unf",0,832,832,"GasA","Ex","Y","FuseA",854,0,0,854,0,0,1,0,2,1,"TA",5,"Typ",0,NA,"Detchd",1991,"Unf",2,576,"TA","TA","Y",48,112,0,0,0,0,NA,"GdPrv",NA,0,7,2007,"WD","Normal",132000,"Train"
"17",17,20,"RL",NA,11241,"Pave",NA,"IR1","Lvl","AllPub","CulDSac","Gtl","NAmes","Norm","Norm","1Fam","1Story","6","7",1970,1970,"Gable","CompShg","Wd Sdng","Wd Sdng","BrkFace",180,"TA","TA","CBlock","TA","TA","No","ALQ",578,"Unf",0,426,1004,"GasA","Ex","Y","SBrkr",1004,0,0,1004,1,0,1,0,2,1,"TA",5,"Typ",1,"TA","Attchd",1970,"Fin",2,480,"TA","TA","Y",0,0,0,0,0,0,NA,NA,"Shed",700,3,2010,"WD","Normal",149000,"Train"
"18",18,90,"RL",72,10791,"Pave",NA,"Reg","Lvl","AllPub","Inside","Gtl","Sawyer","Norm","Norm","Duplex","1Story","4","5",1967,1967,"Gable","CompShg","MetalSd","MetalSd","None",0,"TA","TA","Slab",NA,NA,NA,NA,0,NA,0,0,0,"GasA","TA","Y","SBrkr",1296,0,0,1296,0,0,2,0,2,2,"TA",6,"Typ",0,NA,"CarPort",1967,"Unf",2,516,"TA","TA","Y",0,0,0,0,0,0,NA,NA,"Shed",500,10,2006,"WD","Normal",90000,"Train"
"19",19,20,"RL",66,13695,"Pave",NA,"Reg","Lvl","AllPub","Inside","Gtl","SawyerW","RRAe","Norm","1Fam","1Story","5","5",2004,2004,"Gable","CompShg","VinylSd","VinylSd","None",0,"TA","TA","PConc","TA","TA","No","GLQ",646,"Unf",0,468,1114,"GasA","Ex","Y","SBrkr",1114,0,0,1114,1,0,1,1,3,1,"Gd",6,"Typ",0,NA,"Detchd",2004,"Unf",2,576,"TA","TA","Y",0,102,0,0,0,0,NA,NA,NA,0,6,2008,"WD","Normal",159000,"Train"
"20",20,20,"RL",70,7560,"Pave",NA,"Reg","Lvl","AllPub","Inside","Gtl","NAmes","Norm","Norm","1Fam","1Story","5","6",1958,1965,"Hip","CompShg","BrkFace","Plywood","None",0,"TA","TA","CBlock","TA","TA","No","LwQ",504,"Unf",0,525,1029,"GasA","TA","Y","SBrkr",1339,0,0,1339,0,0,1,0,3,1,"TA",6,"Min1",0,NA,"Attchd",1958,"Unf",1,294,"TA","TA","Y",0,0,0,0,0,0,NA,"MnPrv",NA,0,5,2009,"COD","Abnorml",139000,"Train"
"21",21,60,"RL",101,14215,"Pave",NA,"IR1","Lvl","AllPub","Corner","Gtl","NridgHt","Norm","Norm","1Fam","2Story","8","5",2005,2006,"Gable","CompShg","VinylSd","VinylSd","BrkFace",380,"Gd","TA","PConc","Ex","TA","Av","Unf",0,"Unf",0,1158,1158,"GasA","Ex","Y","SBrkr",1158,1218,0,2376,0,0,3,1,4,1,"Gd",9,"Typ",1,"Gd","BuiltIn",2005,"RFn",3,853,"TA","TA","Y",240,154,0,0,0,0,NA,NA,NA,0,11,2006,"New","Partial",325300,"Train"
"22",22,45,"RM",57,7449,"Pave","Grvl","Reg","Bnk","AllPub","Inside","Gtl","IDOTRR","Norm","Norm","1Fam","1.5Unf","7","7",1930,1950,"Gable","CompShg","Wd Sdng","Wd Sdng","None",0,"TA","TA","PConc","TA","TA","No","Unf",0,"Unf",0,637,637,"GasA","Ex","Y","FuseF",1108,0,0,1108,0,0,1,0,3,1,"Gd",6,"Typ",1,"Gd","Attchd",1930,"Unf",1,280,"TA","TA","N",0,0,205,0,0,0,NA,"GdPrv",NA,0,6,2007,"WD","Normal",139400,"Train"
"23",23,20,"RL",75,9742,"Pave",NA,"Reg","Lvl","AllPub","Inside","Gtl","CollgCr","Norm","Norm","1Fam","1Story","8","5",2002,2002,"Hip","CompShg","VinylSd","VinylSd","BrkFace",281,"Gd","TA","PConc","Gd","TA","No","Unf",0,"Unf",0,1777,1777,"GasA","Ex","Y","SBrkr",1795,0,0,1795,0,0,2,0,3,1,"Gd",7,"Typ",1,"Gd","Attchd",2002,"RFn",2,534,"TA","TA","Y",171,159,0,0,0,0,NA,NA,NA,0,9,2008,"WD","Normal",230000,"Train"
"24",24,120,"RM",44,4224,"Pave",NA,"Reg","Lvl","AllPub","Inside","Gtl","MeadowV","Norm","Norm","TwnhsE","1Story","5","7",1976,1976,"Gable","CompShg","CemntBd","CmentBd","None",0,"TA","TA","PConc","Gd","TA","No","GLQ",840,"Unf",0,200,1040,"GasA","TA","Y","SBrkr",1060,0,0,1060,1,0,1,0,3,1,"TA",6,"Typ",1,"TA","Attchd",1976,"Unf",2,572,"TA","TA","Y",100,110,0,0,0,0,NA,NA,NA,0,6,2007,"WD","Normal",129900,"Train"
"25",25,20,"RL",NA,8246,"Pave",NA,"IR1","Lvl","AllPub","Inside","Gtl","Sawyer","Norm","Norm","1Fam","1Story","5","8",1968,2001,"Gable","CompShg","Plywood","Plywood","None",0,"TA","Gd","CBlock","TA","TA","Mn","Rec",188,"ALQ",668,204,1060,"GasA","Ex","Y","SBrkr",1060,0,0,1060,1,0,1,0,3,1,"Gd",6,"Typ",1,"TA","Attchd",1968,"Unf",1,270,"TA","TA","Y",406,90,0,0,0,0,NA,"MnPrv",NA,0,5,2010,"WD","Normal",154000,"Train"
"26",26,20,"RL",110,14230,"Pave",NA,"Reg","Lvl","AllPub","Corner","Gtl","NridgHt","Norm","Norm","1Fam","1Story","8","5",2007,2007,"Gable","CompShg","VinylSd","VinylSd","Stone",640,"Gd","TA","PConc","Gd","TA","No","Unf",0,"Unf",0,1566,1566,"GasA","Ex","Y","SBrkr",1600,0,0,1600,0,0,2,0,3,1,"Gd",7,"Typ",1,"Gd","Attchd",2007,"RFn",3,890,"TA","TA","Y",0,56,0,0,0,0,NA,NA,NA,0,7,2009,"WD","Normal",256300,"Train"
"27",27,20,"RL",60,7200,"Pave",NA,"Reg","Lvl","AllPub","Corner","Gtl","NAmes","Norm","Norm","1Fam","1Story","5","7",1951,2000,"Gable","CompShg","Wd Sdng","Wd Sdng","None",0,"TA","TA","CBlock","TA","TA","Mn","BLQ",234,"Rec",486,180,900,"GasA","TA","Y","SBrkr",900,0,0,900,0,1,1,0,3,1,"Gd",5,"Typ",0,NA,"Detchd",2005,"Unf",2,576,"TA","TA","Y",222,32,0,0,0,0,NA,NA,NA,0,5,2010,"WD","Normal",134800,"Train"
"28",28,20,"RL",98,11478,"Pave",NA,"Reg","Lvl","AllPub","Inside","Gtl","NridgHt","Norm","Norm","1Fam","1Story","8","5",2007,2008,"Gable","CompShg","VinylSd","VinylSd","Stone",200,"Gd","TA","PConc","Ex","TA","No","GLQ",1218,"Unf",0,486,1704,"GasA","Ex","Y","SBrkr",1704,0,0,1704,1,0,2,0,3,1,"Gd",7,"Typ",1,"Gd","Attchd",2008,"RFn",3,772,"TA","TA","Y",0,50,0,0,0,0,NA,NA,NA,0,5,2010,"WD","Normal",306000,"Train"
"29",29,20,"RL",47,16321,"Pave",NA,"IR1","Lvl","AllPub","CulDSac","Gtl","NAmes","Norm","Norm","1Fam","1Story","5","6",1957,1997,"Gable","CompShg","MetalSd","MetalSd","None",0,"TA","TA","CBlock","TA","TA","Gd","BLQ",1277,"Unf",0,207,1484,"GasA","TA","Y","SBrkr",1600,0,0,1600,1,0,1,0,2,1,"TA",6,"Typ",2,"Gd","Attchd",1957,"RFn",1,319,"TA","TA","Y",288,258,0,0,0,0,NA,NA,NA,0,12,2006,"WD","Normal",207500,"Train"
"30",30,30,"RM",60,6324,"Pave",NA,"IR1","Lvl","AllPub","Inside","Gtl","BrkSide","Feedr","RRNn","1Fam","1Story","4","6",1927,1950,"Gable","CompShg","MetalSd","MetalSd","None",0,"TA","TA","BrkTil","TA","TA","No","Unf",0,"Unf",0,520,520,"GasA","Fa","N","SBrkr",520,0,0,520,0,0,1,0,1,1,"Fa",4,"Typ",0,NA,"Detchd",1920,"Unf",1,240,"Fa","TA","Y",49,0,87,0,0,0,NA,NA,NA,0,5,2008,"WD","Normal",68500,"Train"
"31",31,70,"C (all)",50,8500,"Pave","Pave","Reg","Lvl","AllPub","Inside","Gtl","IDOTRR","Feedr","Norm","1Fam","2Story","4","4",1920,1950,"Gambrel","CompShg","BrkFace","BrkFace","None",0,"TA","Fa","BrkTil","TA","TA","No","Unf",0,"Unf",0,649,649,"GasA","TA","N","SBrkr",649,668,0,1317,0,0,1,0,3,1,"TA",6,"Typ",0,NA,"Detchd",1920,"Unf",1,250,"TA","Fa","N",0,54,172,0,0,0,NA,"MnPrv",NA,0,7,2008,"WD","Normal",40000,"Train"
"32",32,20,"RL",NA,8544,"Pave",NA,"IR1","Lvl","AllPub","CulDSac","Gtl","Sawyer","Norm","Norm","1Fam","1Story","5","6",1966,2006,"Gable","CompShg","HdBoard","HdBoard","None",0,"TA","TA","CBlock","TA","TA","No","Unf",0,"Unf",0,1228,1228,"GasA","Gd","Y","SBrkr",1228,0,0,1228,0,0,1,1,3,1,"Gd",6,"Typ",0,NA,"Attchd",1966,"Unf",1,271,"TA","TA","Y",0,65,0,0,0,0,NA,"MnPrv",NA,0,6,2008,"WD","Normal",149350,"Train"
"33",33,20,"RL",85,11049,"Pave",NA,"Reg","Lvl","AllPub","Corner","Gtl","CollgCr","Norm","Norm","1Fam","1Story","8","5",2007,2007,"Gable","CompShg","VinylSd","VinylSd","None",0,"Gd","TA","PConc","Ex","TA","Av","Unf",0,"Unf",0,1234,1234,"GasA","Ex","Y","SBrkr",1234,0,0,1234,0,0,2,0,3,1,"Gd",7,"Typ",0,NA,"Attchd",2007,"RFn",2,484,"TA","TA","Y",0,30,0,0,0,0,NA,NA,NA,0,1,2008,"WD","Normal",179900,"Train"
"34",34,20,"RL",70,10552,"Pave",NA,"IR1","Lvl","AllPub","Inside","Gtl","NAmes","Norm","Norm","1Fam","1Story","5","5",1959,1959,"Hip","CompShg","BrkFace","BrkFace","None",0,"TA","TA","CBlock","TA","TA","No","Rec",1018,"Unf",0,380,1398,"GasA","Gd","Y","SBrkr",1700,0,0,1700,0,1,1,1,4,1,"Gd",6,"Typ",1,"Gd","Attchd",1959,"RFn",2,447,"TA","TA","Y",0,38,0,0,0,0,NA,NA,NA,0,4,2010,"WD","Normal",165500,"Train"
"35",35,120,"RL",60,7313,"Pave",NA,"Reg","Lvl","AllPub","Inside","Gtl","NridgHt","Norm","Norm","TwnhsE","1Story","9","5",2005,2005,"Hip","CompShg","MetalSd","MetalSd","BrkFace",246,"Ex","TA","PConc","Ex","TA","No","GLQ",1153,"Unf",0,408,1561,"GasA","Ex","Y","SBrkr",1561,0,0,1561,1,0,2,0,2,1,"Ex",6,"Typ",1,"Gd","Attchd",2005,"Fin",2,556,"TA","TA","Y",203,47,0,0,0,0,NA,NA,NA,0,8,2007,"WD","Normal",277500,"Train"
"36",36,60,"RL",108,13418,"Pave",NA,"Reg","Lvl","AllPub","Inside","Gtl","NridgHt","Norm","Norm","1Fam","2Story","8","5",2004,2005,"Gable","CompShg","VinylSd","VinylSd","Stone",132,"Gd","TA","PConc","Ex","TA","Av","Unf",0,"Unf",0,1117,1117,"GasA","Ex","Y","SBrkr",1132,1320,0,2452,0,0,3,1,4,1,"Gd",9,"Typ",1,"Gd","BuiltIn",2004,"Fin",3,691,"TA","TA","Y",113,32,0,0,0,0,NA,NA,NA,0,9,2006,"WD","Normal",309000,"Train"
"37",37,20,"RL",112,10859,"Pave",NA,"Reg","Lvl","AllPub","Corner","Gtl","CollgCr","Norm","Norm","1Fam","1Story","5","5",1994,1995,"Gable","CompShg","VinylSd","VinylSd","None",0,"TA","TA","PConc","Gd","TA","No","Unf",0,"Unf",0,1097,1097,"GasA","Ex","Y","SBrkr",1097,0,0,1097,0,0,1,1,3,1,"TA",6,"Typ",0,NA,"Attchd",1995,"Unf",2,672,"TA","TA","Y",392,64,0,0,0,0,NA,NA,NA,0,6,2009,"WD","Normal",145000,"Train"
"38",38,20,"RL",74,8532,"Pave",NA,"Reg","Lvl","AllPub","Inside","Gtl","NAmes","Norm","Norm","1Fam","1Story","5","6",1954,1990,"Hip","CompShg","Wd Sdng","Wd Sdng","BrkFace",650,"TA","TA","CBlock","TA","TA","No","Rec",1213,"Unf",0,84,1297,"GasA","Gd","Y","SBrkr",1297,0,0,1297,0,1,1,0,3,1,"TA",5,"Typ",1,"TA","Attchd",1954,"Fin",2,498,"TA","TA","Y",0,0,0,0,0,0,NA,NA,NA,0,10,2009,"WD","Normal",153000,"Train"
"39",39,20,"RL",68,7922,"Pave",NA,"Reg","Lvl","AllPub","Inside","Gtl","NAmes","Norm","Norm","1Fam","1Story","5","7",1953,2007,"Gable","CompShg","VinylSd","VinylSd","None",0,"TA","Gd","CBlock","TA","TA","No","GLQ",731,"Unf",0,326,1057,"GasA","TA","Y","SBrkr",1057,0,0,1057,1,0,1,0,3,1,"Gd",5,"Typ",0,NA,"Detchd",1953,"Unf",1,246,"TA","TA","Y",0,52,0,0,0,0,NA,NA,NA,0,1,2010,"WD","Abnorml",109000,"Train"
"40",40,90,"RL",65,6040,"Pave",NA,"Reg","Lvl","AllPub","Inside","Gtl","Edwards","Norm","Norm","Duplex","1Story","4","5",1955,1955,"Gable","CompShg","AsbShng","Plywood","None",0,"TA","TA","PConc",NA,NA,NA,NA,0,NA,0,0,0,"GasA","TA","N","FuseP",1152,0,0,1152,0,0,2,0,2,2,"Fa",6,"Typ",0,NA,NA,NA,NA,0,0,NA,NA,"N",0,0,0,0,0,0,NA,NA,NA,0,6,2008,"WD","AdjLand",82000,"Train"
"41",41,20,"RL",84,8658,"Pave",NA,"Reg","Lvl","AllPub","Inside","Gtl","NAmes","Norm","Norm","1Fam","1Story","6","5",1965,1965,"Gable","CompShg","Wd Sdng","Wd Sdng","BrkFace",101,"TA","TA","CBlock","TA","TA","No","Rec",643,"Unf",0,445,1088,"GasA","Ex","Y","SBrkr",1324,0,0,1324,0,0,2,0,3,1,"TA",6,"Typ",1,"TA","Attchd",1965,"RFn",2,440,"TA","TA","Y",0,138,0,0,0,0,NA,"GdWo",NA,0,12,2006,"WD","Abnorml",160000,"Train"
"42",42,20,"RL",115,16905,"Pave",NA,"Reg","Lvl","AllPub","Inside","Gtl","Timber","Norm","Norm","1Fam","1Story","5","6",1959,1959,"Gable","CompShg","VinylSd","VinylSd","None",0,"TA","Gd","CBlock","TA","TA","Gd","BLQ",967,"Unf",0,383,1350,"GasA","Gd","Y","SBrkr",1328,0,0,1328,0,1,1,1,2,1,"TA",5,"Typ",2,"Gd","Attchd",1959,"RFn",1,308,"TA","TA","P",0,104,0,0,0,0,NA,NA,NA,0,7,2007,"WD","Normal",170000,"Train"
"43",43,85,"RL",NA,9180,"Pave",NA,"IR1","Lvl","AllPub","CulDSac","Gtl","SawyerW","Norm","Norm","1Fam","SFoyer","5","7",1983,1983,"Gable","CompShg","HdBoard","HdBoard","None",0,"TA","TA","CBlock","Gd","TA","Av","ALQ",747,"LwQ",93,0,840,"GasA","Gd","Y","SBrkr",884,0,0,884,1,0,1,0,2,1,"Gd",5,"Typ",0,NA,"Attchd",1983,"RFn",2,504,"TA","Gd","Y",240,0,0,0,0,0,NA,"MnPrv",NA,0,12,2007,"WD","Normal",144000,"Train"
"44",44,20,"RL",NA,9200,"Pave",NA,"IR1","Lvl","AllPub","CulDSac","Gtl","CollgCr","Norm","Norm","1Fam","1Story","5","6",1975,1980,"Hip","CompShg","VinylSd","VinylSd","None",0,"TA","TA","CBlock","Gd","TA","Av","LwQ",280,"BLQ",491,167,938,"GasA","TA","Y","SBrkr",938,0,0,938,1,0,1,0,3,1,"TA",5,"Typ",0,NA,"Detchd",1977,"Unf",1,308,"TA","TA","Y",145,0,0,0,0,0,NA,"MnPrv",NA,0,7,2008,"WD","Normal",130250,"Train"
"45",45,20,"RL",70,7945,"Pave",NA,"Reg","Lvl","AllPub","Inside","Gtl","NAmes","Norm","Norm","1Fam","1Story","5","6",1959,1959,"Gable","CompShg","BrkFace","Wd Sdng","None",0,"TA","TA","CBlock","TA","TA","No","ALQ",179,"BLQ",506,465,1150,"GasA","Ex","Y","FuseA",1150,0,0,1150,1,0,1,0,3,1,"TA",6,"Typ",0,NA,"Attchd",1959,"RFn",1,300,"TA","TA","Y",0,0,0,0,0,0,NA,NA,NA,0,5,2006,"WD","Normal",141000,"Train"
"46",46,120,"RL",61,7658,"Pave",NA,"Reg","Lvl","AllPub","Inside","Gtl","NridgHt","Norm","Norm","TwnhsE","1Story","9","5",2005,2005,"Hip","CompShg","MetalSd","MetalSd","BrkFace",412,"Ex","TA","PConc","Ex","TA","No","GLQ",456,"Unf",0,1296,1752,"GasA","Ex","Y","SBrkr",1752,0,0,1752,1,0,2,0,2,1,"Ex",6,"Typ",1,"Gd","Attchd",2005,"RFn",2,576,"TA","TA","Y",196,82,0,0,0,0,NA,NA,NA,0,2,2010,"WD","Normal",319900,"Train"
"47",47,50,"RL",48,12822,"Pave",NA,"IR1","Lvl","AllPub","CulDSac","Gtl","Mitchel","Norm","Norm","1Fam","1.5Fin","7","5",2003,2003,"Gable","CompShg","VinylSd","VinylSd","None",0,"Gd","TA","PConc","Ex","TA","No","GLQ",1351,"Unf",0,83,1434,"GasA","Ex","Y","SBrkr",1518,631,0,2149,1,0,1,1,1,1,"Gd",6,"Typ",1,"Ex","Attchd",2003,"RFn",2,670,"TA","TA","Y",168,43,0,0,198,0,NA,NA,NA,0,8,2009,"WD","Abnorml",239686,"Train"
"48",48,20,"FV",84,11096,"Pave",NA,"Reg","Lvl","AllPub","Inside","Gtl","Somerst","Norm","Norm","1Fam","1Story","8","5",2006,2006,"Gable","CompShg","VinylSd","VinylSd","None",0,"Gd","TA","PConc","Gd","TA","Av","GLQ",24,"Unf",0,1632,1656,"GasA","Ex","Y","SBrkr",1656,0,0,1656,0,0,2,0,3,1,"Gd",7,"Typ",0,NA,"Attchd",2006,"RFn",3,826,"TA","TA","Y",0,146,0,0,0,0,NA,NA,NA,0,7,2007,"WD","Normal",249700,"Train"
"49",49,190,"RM",33,4456,"Pave",NA,"Reg","Lvl","AllPub","Inside","Gtl","OldTown","Norm","Norm","2fmCon","2Story","4","5",1920,2008,"Gable","CompShg","MetalSd","MetalSd","None",0,"TA","TA","BrkTil","TA","TA","No","Unf",0,"Unf",0,736,736,"GasA","Gd","Y","SBrkr",736,716,0,1452,0,0,2,0,2,3,"TA",8,"Typ",0,NA,NA,NA,NA,0,0,NA,NA,"N",0,0,102,0,0,0,NA,NA,NA,0,6,2009,"New","Partial",113000,"Train"
"50",50,20,"RL",66,7742,"Pave",NA,"Reg","Lvl","AllPub","Inside","Gtl","Sawyer","Norm","Norm","1Fam","1Story","5","7",1966,1966,"Gable","CompShg","HdBoard","HdBoard","None",0,"TA","TA","CBlock","TA","TA","No","BLQ",763,"Unf",0,192,955,"GasA","Ex","Y","SBrkr",955,0,0,955,1,0,1,0,3,1,"TA",6,"Typ",0,NA,"Attchd",1966,"Unf",1,386,"TA","TA","Y",0,0,0,0,0,0,NA,"MnPrv",NA,0,1,2007,"WD","Normal",127000,"Train"
"51",51,60,"RL",NA,13869,"Pave",NA,"IR2","Lvl","AllPub","Corner","Gtl","Gilbert","Norm","Norm","1Fam","2Story","6","6",1997,1997,"Gable","CompShg","VinylSd","VinylSd","None",0,"TA","TA","PConc","Gd","TA","Av","GLQ",182,"Unf",0,612,794,"GasA","Gd","Y","SBrkr",794,676,0,1470,0,1,2,0,3,1,"TA",6,"Typ",0,NA,"Attchd",1997,"Fin",2,388,"TA","TA","Y",0,75,0,0,0,0,NA,NA,NA,0,7,2007,"WD","Normal",177000,"Train"
"52",52,50,"RM",52,6240,"Pave",NA,"Reg","Lvl","AllPub","Inside","Gtl","BrkSide","Norm","Norm","1Fam","1.5Fin","6","6",1934,1950,"Gable","CompShg","Wd Sdng","Wd Sdng","None",0,"TA","TA","PConc","TA","TA","No","Unf",0,"Unf",0,816,816,"GasA","TA","Y","SBrkr",816,0,360,1176,0,0,1,0,3,1,"TA",6,"Typ",1,"Gd","Detchd",1985,"Unf",2,528,"TA","TA","Y",112,0,0,0,0,0,NA,"MnPrv","Shed",400,9,2006,"WD","Normal",114500,"Train"
"53",53,90,"RM",110,8472,"Grvl",NA,"IR2","Bnk","AllPub","Corner","Mod","IDOTRR","RRNn","Norm","Duplex","1Story","5","5",1963,1963,"Gable","CompShg","Wd Sdng","Wd Sdng","None",0,"Fa","TA","CBlock","Gd","TA","Gd","LwQ",104,"GLQ",712,0,816,"GasA","TA","N","SBrkr",816,0,0,816,1,0,1,0,2,1,"TA",5,"Typ",0,NA,"CarPort",1963,"Unf",2,516,"TA","TA","Y",106,0,0,0,0,0,NA,NA,NA,0,5,2010,"WD","Normal",110000,"Train"
"54",54,20,"RL",68,50271,"Pave",NA,"IR1","Low","AllPub","Inside","Gtl","Veenker","Norm","Norm","1Fam","1Story","9","5",1981,1987,"Gable","WdShngl","WdShing","Wd Shng","None",0,"Gd","TA","CBlock","Ex","TA","Gd","GLQ",1810,"Unf",0,32,1842,"GasA","Gd","Y","SBrkr",1842,0,0,1842,2,0,0,1,0,1,"Gd",5,"Typ",1,"Gd","Attchd",1981,"Fin",3,894,"TA","TA","Y",857,72,0,0,0,0,NA,NA,NA,0,11,2006,"WD","Normal",385000,"Train"
"55",55,80,"RL",60,7134,"Pave",NA,"Reg","Bnk","AllPub","Inside","Mod","NAmes","Norm","Norm","1Fam","SLvl","5","5",1955,1955,"Gable","CompShg","MetalSd","MetalSd","None",0,"TA","TA","CBlock","TA","TA","No","ALQ",384,"Unf",0,0,384,"GasA","TA","Y","SBrkr",1360,0,0,1360,0,0,1,0,3,1,"TA",6,"Min1",1,"TA","Detchd",1962,"Unf",2,572,"TA","TA","Y",0,50,0,0,0,0,NA,"MnPrv",NA,0,2,2007,"WD","Normal",130000,"Train"
"56",56,20,"RL",100,10175,"Pave",NA,"IR1","Lvl","AllPub","Inside","Gtl","NAmes","Norm","Norm","1Fam","1Story","6","5",1964,1964,"Gable","CompShg","HdBoard","Plywood","BrkFace",272,"TA","TA","CBlock","TA","TA","No","BLQ",490,"Unf",0,935,1425,"GasA","Gd","Y","SBrkr",1425,0,0,1425,0,0,2,0,3,1,"TA",7,"Typ",1,"Gd","Attchd",1964,"RFn",2,576,"TA","TA","Y",0,0,0,407,0,0,NA,NA,NA,0,7,2008,"WD","Normal",180500,"Train"
"57",57,160,"FV",24,2645,"Pave","Pave","Reg","Lvl","AllPub","Inside","Gtl","Somerst","Norm","Norm","Twnhs","2Story","8","5",1999,2000,"Gable","CompShg","MetalSd","MetalSd","BrkFace",456,"Gd","TA","PConc","Gd","TA","No","GLQ",649,"Unf",0,321,970,"GasA","Ex","Y","SBrkr",983,756,0,1739,1,0,2,1,3,1,"Gd",7,"Typ",0,NA,"Attchd",1999,"Fin",2,480,"TA","TA","Y",115,0,0,0,0,0,NA,NA,NA,0,8,2009,"WD","Abnorml",172500,"Train"
"58",58,60,"RL",89,11645,"Pave",NA,"IR1","Lvl","AllPub","Corner","Gtl","CollgCr","Norm","Norm","1Fam","2Story","7","5",2004,2004,"Gable","CompShg","VinylSd","VinylSd","None",0,"Gd","TA","PConc","Gd","TA","No","Unf",0,"Unf",0,860,860,"GasA","Ex","Y","SBrkr",860,860,0,1720,0,0,2,1,3,1,"Gd",7,"Typ",0,NA,"Attchd",2004,"RFn",2,565,"TA","TA","Y",0,70,0,0,0,0,NA,NA,NA,0,8,2006,"WD","Normal",196500,"Train"
"59",59,60,"RL",66,13682,"Pave",NA,"IR2","HLS","AllPub","CulDSac","Gtl","StoneBr","Norm","Norm","1Fam","2Story","10","5",2006,2006,"Hip","CompShg","VinylSd","VinylSd","BrkFace",1031,"Ex","TA","PConc","Ex","TA","Gd","Unf",0,"Unf",0,1410,1410,"GasA","Ex","Y","SBrkr",1426,1519,0,2945,0,0,3,1,3,1,"Gd",10,"Typ",1,"Gd","BuiltIn",2006,"Fin",3,641,"TA","TA","Y",192,0,37,0,0,0,NA,NA,NA,0,10,2006,"New","Partial",438780,"Train"
"60",60,20,"RL",60,7200,"Pave",NA,"Reg","Bnk","AllPub","Inside","Gtl","CollgCr","Norm","Norm","1Fam","1Story","5","7",1972,1972,"Gable","CompShg","HdBoard","HdBoard","None",0,"TA","TA","CBlock","TA","TA","Av","ALQ",632,"Unf",0,148,780,"GasA","Ex","Y","SBrkr",780,0,0,780,0,0,1,0,2,1,"TA",4,"Typ",0,NA,"Detchd",1973,"Unf",1,352,"TA","TA","Y",196,0,0,0,0,0,NA,"MnPrv",NA,0,1,2008,"WD","Normal",124900,"Train"
"61",61,20,"RL",63,13072,"Pave",NA,"Reg","Lvl","AllPub","Inside","Gtl","SawyerW","RRAe","Norm","1Fam","1Story","6","5",2004,2004,"Gable","CompShg","VinylSd","VinylSd","None",0,"TA","TA","PConc","Gd","TA","No","ALQ",941,"Unf",0,217,1158,"GasA","Ex","Y","SBrkr",1158,0,0,1158,1,0,1,1,3,1,"Gd",5,"Typ",0,NA,"Detchd",2006,"Unf",2,576,"TA","TA","Y",0,50,0,0,0,0,NA,NA,NA,0,5,2006,"New","Partial",158000,"Train"
"62",62,75,"RM",60,7200,"Pave",NA,"Reg","Lvl","AllPub","Inside","Gtl","IDOTRR","Norm","Norm","1Fam","2.5Unf","5","7",1920,1996,"Gable","CompShg","MetalSd","MetalSd","None",0,"TA","TA","BrkTil","TA","Fa","No","Unf",0,"Unf",0,530,530,"GasA","TA","N","SBrkr",581,530,0,1111,0,0,1,0,3,1,"Fa",6,"Typ",0,NA,"Detchd",1935,"Unf",1,288,"TA","TA","N",0,0,144,0,0,0,NA,NA,NA,0,3,2007,"WD","Normal",101000,"Train"
"63",63,120,"RL",44,6442,"Pave",NA,"IR1","Lvl","AllPub","Inside","Gtl","NridgHt","Norm","Norm","TwnhsE","1Story","8","5",2006,2006,"Gable","CompShg","VinylSd","VinylSd","Stone",178,"Gd","TA","PConc","Gd","Gd","Mn","GLQ",24,"Unf",0,1346,1370,"GasA","Ex","Y","SBrkr",1370,0,0,1370,0,0,2,0,2,1,"Gd",6,"Typ",1,"Gd","Attchd",2006,"RFn",2,484,"TA","TA","Y",120,49,0,0,0,0,NA,NA,NA,0,10,2007,"WD","Normal",202500,"Train"
"64",64,70,"RM",50,10300,"Pave",NA,"IR1","Bnk","AllPub","Inside","Gtl","OldTown","RRAn","Feedr","1Fam","2Story","7","6",1921,1950,"Gable","CompShg","Stucco","Stucco","None",0,"TA","TA","BrkTil","TA","TA","No","Unf",0,"Unf",0,576,576,"GasA","Gd","Y","SBrkr",902,808,0,1710,0,0,2,0,3,1,"TA",9,"Typ",0,NA,"Detchd",1990,"Unf",2,480,"TA","TA","Y",12,11,64,0,0,0,NA,"GdPrv",NA,0,4,2010,"WD","Normal",140000,"Train"
"65",65,60,"RL",NA,9375,"Pave",NA,"Reg","Lvl","AllPub","Inside","Gtl","CollgCr","Norm","Norm","1Fam","2Story","7","5",1997,1998,"Gable","CompShg","VinylSd","VinylSd","BrkFace",573,"TA","TA","PConc","Gd","TA","No","GLQ",739,"Unf",0,318,1057,"GasA","Ex","Y","SBrkr",1057,977,0,2034,1,0,2,1,3,1,"Gd",8,"Typ",0,NA,"Attchd",1998,"RFn",2,645,"TA","TA","Y",576,36,0,0,0,0,NA,"GdPrv",NA,0,2,2009,"WD","Normal",219500,"Train"
"66",66,60,"RL",76,9591,"Pave",NA,"Reg","Lvl","AllPub","Inside","Gtl","NridgHt","Norm","Norm","1Fam","2Story","8","5",2004,2005,"Gable","CompShg","VinylSd","VinylSd","BrkFace",344,"Gd","TA","PConc","Ex","TA","Av","Unf",0,"Unf",0,1143,1143,"GasA","Ex","Y","SBrkr",1143,1330,0,2473,0,0,2,1,4,1,"Gd",9,"Typ",1,"Gd","BuiltIn",2004,"RFn",3,852,"TA","TA","Y",192,151,0,0,0,0,NA,NA,NA,0,10,2007,"WD","Normal",317000,"Train"
"67",67,20,"RL",NA,19900,"Pave",NA,"Reg","Lvl","AllPub","Inside","Gtl","NAmes","PosA","Norm","1Fam","1Story","7","5",1970,1989,"Gable","CompShg","Plywood","Plywood","BrkFace",287,"TA","TA","CBlock","Gd","TA","Gd","GLQ",912,"Unf",0,1035,1947,"GasA","TA","Y","SBrkr",2207,0,0,2207,1,0,2,0,3,1,"TA",7,"Min1",1,"Gd","Attchd",1970,"RFn",2,576,"TA","TA","Y",301,0,0,0,0,0,NA,NA,NA,0,7,2010,"WD","Normal",180000,"Train"
"68",68,20,"RL",72,10665,"Pave",NA,"IR1","Lvl","AllPub","Inside","Gtl","CollgCr","Norm","Norm","1Fam","1Story","7","5",2003,2003,"Gable","CompShg","VinylSd","VinylSd","BrkFace",167,"Gd","TA","PConc","Gd","TA","Av","GLQ",1013,"Unf",0,440,1453,"GasA","Ex","Y","SBrkr",1479,0,0,1479,1,0,2,0,3,1,"Gd",7,"Typ",0,NA,"Attchd",2003,"RFn",2,558,"TA","TA","Y",144,29,0,0,0,0,NA,NA,NA,0,6,2007,"WD","Normal",226000,"Train"
"69",69,30,"RM",47,4608,"Pave",NA,"Reg","Lvl","AllPub","Corner","Gtl","OldTown","Artery","Norm","1Fam","1Story","4","6",1945,1950,"Gable","CompShg","MetalSd","MetalSd","None",0,"TA","Gd","CBlock","TA","TA","No","Unf",0,"Unf",0,747,747,"GasA","TA","Y","SBrkr",747,0,0,747,0,0,1,0,2,1,"TA",4,"Typ",0,NA,"Attchd",1945,"Unf",1,220,"TA","TA","Y",0,0,0,0,0,0,NA,NA,NA,0,6,2010,"WD","Normal",80000,"Train"
"70",70,50,"RL",81,15593,"Pave",NA,"Reg","Lvl","AllPub","Corner","Gtl","ClearCr","Norm","Norm","1Fam","1.5Fin","7","4",1953,1953,"Gable","CompShg","BrkFace","AsbShng","None",0,"Gd","TA","CBlock","TA","TA","No","BLQ",603,"Unf",0,701,1304,"GasW","TA","Y","SBrkr",1304,983,0,2287,0,0,2,0,3,1,"TA",7,"Typ",1,"TA","Attchd",1953,"Fin",2,667,"TA","TA","Y",0,21,114,0,0,0,NA,NA,NA,0,7,2006,"WD","Normal",225000,"Train"
"71",71,20,"RL",95,13651,"Pave",NA,"IR1","Lvl","AllPub","Inside","Gtl","NAmes","Norm","Norm","1Fam","1Story","7","6",1973,1973,"Gable","CompShg","Plywood","Plywood","BrkFace",1115,"TA","Gd","CBlock","Gd","TA","Gd","ALQ",1880,"Unf",0,343,2223,"GasA","Ex","Y","SBrkr",2223,0,0,2223,1,0,2,0,3,1,"TA",8,"Typ",2,"Gd","Attchd",1973,"Fin",2,516,"TA","TA","Y",300,0,0,0,0,0,NA,NA,NA,0,2,2007,"WD","Normal",244000,"Train"
"72",72,20,"RL",69,7599,"Pave",NA,"Reg","Lvl","AllPub","Corner","Gtl","Mitchel","Norm","Norm","1Fam","1Story","4","6",1982,2006,"Gable","CompShg","HdBoard","Plywood","None",0,"TA","TA","CBlock","TA","TA","No","ALQ",565,"Unf",0,280,845,"GasA","TA","Y","SBrkr",845,0,0,845,1,0,1,0,2,1,"TA",4,"Typ",0,NA,"Detchd",1987,"Unf",2,360,"TA","TA","Y",0,0,0,0,0,0,NA,NA,NA,0,6,2007,"WD","Normal",129500,"Train"
"73",73,60,"RL",74,10141,"Pave",NA,"IR1","Lvl","AllPub","Corner","Gtl","Gilbert","Norm","Norm","1Fam","2Story","7","5",1998,1998,"Gable","CompShg","VinylSd","VinylSd","BrkFace",40,"TA","TA","PConc","Gd","TA","No","Unf",0,"Unf",0,832,832,"GasA","Gd","Y","SBrkr",885,833,0,1718,0,0,2,1,3,1,"TA",7,"Typ",1,"TA","Attchd",1998,"Fin",2,427,"TA","TA","Y",0,94,0,0,291,0,NA,NA,NA,0,12,2009,"WD","Normal",185000,"Train"
"74",74,20,"RL",85,10200,"Pave",NA,"Reg","Lvl","AllPub","Inside","Gtl","NAmes","Norm","Norm","1Fam","1Story","5","7",1954,2003,"Gable","CompShg","Wd Sdng","Wd Sdng","BrkFace",104,"TA","TA","CBlock","TA","TA","No","ALQ",320,"BLQ",362,404,1086,"GasA","Gd","Y","SBrkr",1086,0,0,1086,1,0,1,0,3,1,"TA",6,"Typ",0,NA,"Attchd",1989,"Unf",2,490,"TA","TA","Y",0,0,0,0,0,0,NA,"GdWo",NA,0,5,2010,"WD","Normal",144900,"Train"
"75",75,50,"RM",60,5790,"Pave",NA,"Reg","Lvl","AllPub","Corner","Gtl","OldTown","Norm","Norm","1Fam","2Story","3","6",1915,1950,"Gambrel","CompShg","VinylSd","VinylSd","None",0,"Gd","Gd","CBlock","Fa","TA","No","Unf",0,"Unf",0,840,840,"GasA","Gd","N","SBrkr",840,765,0,1605,0,0,2,0,3,2,"TA",8,"Typ",0,NA,"Detchd",1915,"Unf",1,379,"TA","TA","Y",0,0,202,0,0,0,NA,NA,NA,0,5,2010,"WD","Normal",107400,"Train"
"76",76,180,"RM",21,1596,"Pave",NA,"Reg","Lvl","AllPub","Inside","Gtl","MeadowV","Norm","Norm","Twnhs","SLvl","4","5",1973,1973,"Gable","CompShg","CemntBd","CmentBd","None",0,"TA","TA","CBlock","Gd","TA","Gd","GLQ",462,"Unf",0,0,462,"GasA","TA","Y","SBrkr",526,462,0,988,1,0,1,0,2,1,"TA",5,"Typ",0,NA,"BuiltIn",1973,"Unf",1,297,"TA","TA","Y",120,101,0,0,0,0,NA,"GdWo",NA,0,11,2009,"WD","Normal",91000,"Train"
"77",77,20,"RL",NA,8475,"Pave",NA,"IR1","Lvl","AllPub","Inside","Gtl","NAmes","Norm","Norm","1Fam","1Story","4","7",1956,1956,"Gable","CompShg","VinylSd","VinylSd","None",0,"TA","TA","CBlock","TA","TA","No","ALQ",228,"Unf",0,724,952,"GasA","Ex","Y","FuseA",952,0,0,952,0,0,1,0,2,1,"TA",4,"Typ",0,NA,"Detchd",1956,"Unf",1,283,"TA","TA","Y",0,0,0,0,0,0,NA,NA,NA,0,4,2008,"WD","Normal",135750,"Train"
"78",78,50,"RM",50,8635,"Pave",NA,"Reg","Lvl","AllPub","Inside","Gtl","BrkSide","Norm","Norm","1Fam","1.5Fin","5","5",1948,2001,"Gable","CompShg","Wd Sdng","Wd Sdng","None",0,"TA","TA","CBlock","TA","TA","No","BLQ",336,"GLQ",41,295,672,"GasA","TA","Y","SBrkr",1072,213,0,1285,1,0,1,0,2,1,"TA",6,"Min1",0,NA,"Detchd",1948,"Unf",1,240,"TA","TA","Y",0,0,0,0,0,0,NA,"MnPrv",NA,0,1,2008,"WD","Normal",127000,"Train"
"79",79,90,"RL",72,10778,"Pave",NA,"Reg","Lvl","AllPub","Inside","Gtl","Sawyer","Norm","Norm","Duplex","1Story","4","5",1968,1968,"Hip","CompShg","HdBoard","HdBoard","None",0,"TA","TA","CBlock","TA","TA","No","Unf",0,"Unf",0,1768,1768,"GasA","TA","N","SBrkr",1768,0,0,1768,0,0,2,0,4,2,"TA",8,"Typ",0,NA,NA,NA,NA,0,0,NA,NA,"Y",0,0,0,0,0,0,NA,NA,NA,0,4,2010,"WD","Normal",136500,"Train"
"80",80,50,"RM",60,10440,"Pave","Grvl","Reg","Lvl","AllPub","Corner","Gtl","OldTown","Norm","Norm","1Fam","2Story","5","6",1910,1981,"Gable","CompShg","Wd Sdng","Wd Sdng","None",0,"TA","TA","PConc","TA","TA","No","Unf",0,"Unf",0,440,440,"GasA","Gd","Y","SBrkr",682,548,0,1230,0,0,1,1,2,1,"TA",5,"Typ",0,NA,"Detchd",1966,"Unf",2,440,"TA","TA","Y",74,0,128,0,0,0,NA,"MnPrv",NA,0,5,2009,"WD","Normal",110000,"Train"
"81",81,60,"RL",100,13000,"Pave",NA,"Reg","Lvl","AllPub","Corner","Gtl","NAmes","Norm","Norm","1Fam","2Story","6","6",1968,1968,"Gable","CompShg","VinylSd","VinylSd","BrkFace",576,"TA","Gd","CBlock","Gd","TA","No","Rec",448,"Unf",0,448,896,"GasA","TA","Y","SBrkr",1182,960,0,2142,0,0,2,1,4,1,"Gd",8,"Typ",1,"Gd","Attchd",1968,"Fin",1,509,"TA","TA","Y",0,72,0,0,252,0,NA,NA,NA,0,6,2009,"WD","Normal",193500,"Train"
"82",82,120,"RM",32,4500,"Pave",NA,"Reg","Lvl","AllPub","FR2","Gtl","Mitchel","Norm","Norm","TwnhsE","1Story","6","5",1998,1998,"Hip","CompShg","VinylSd","VinylSd","BrkFace",443,"TA","Gd","PConc","Ex","Gd","No","GLQ",1201,"Unf",0,36,1237,"GasA","Ex","Y","SBrkr",1337,0,0,1337,1,0,2,0,2,1,"TA",5,"Typ",0,NA,"Attchd",1998,"Fin",2,405,"TA","TA","Y",0,199,0,0,0,0,NA,NA,NA,0,3,2006,"WD","Normal",153500,"Train"
"83",83,20,"RL",78,10206,"Pave",NA,"Reg","Lvl","AllPub","Inside","Gtl","Somerst","Norm","Norm","1Fam","1Story","8","5",2007,2007,"Gable","CompShg","VinylSd","VinylSd","Stone",468,"TA","TA","PConc","Gd","TA","No","GLQ",33,"Unf",0,1530,1563,"GasA","Ex","Y","SBrkr",1563,0,0,1563,0,0,2,0,3,1,"Gd",6,"Typ",1,"Gd","Attchd",2007,"RFn",3,758,"TA","TA","Y",144,99,0,0,0,0,NA,NA,NA,0,10,2008,"WD","Normal",245000,"Train"
"84",84,20,"RL",80,8892,"Pave",NA,"IR1","Lvl","AllPub","Inside","Gtl","NAmes","Norm","Norm","1Fam","1Story","5","5",1960,1960,"Gable","CompShg","MetalSd","MetalSd","BrkCmn",66,"TA","TA","CBlock","TA","TA","No","Unf",0,"Unf",0,1065,1065,"GasA","Gd","Y","SBrkr",1065,0,0,1065,0,0,1,1,3,1,"TA",6,"Typ",0,NA,"Detchd",1974,"Unf",2,461,"TA","TA","Y",74,0,0,0,0,0,NA,NA,NA,0,7,2007,"COD","Normal",126500,"Train"
"85",85,80,"RL",NA,8530,"Pave",NA,"IR1","Lvl","AllPub","Inside","Gtl","Gilbert","Norm","Norm","1Fam","SLvl","7","5",1995,1996,"Gable","CompShg","HdBoard","HdBoard","BrkFace",22,"TA","TA","PConc","Gd","TA","No","Unf",0,"Unf",0,384,384,"GasA","Gd","Y","SBrkr",804,670,0,1474,0,0,2,1,3,1,"TA",7,"Typ",1,"TA","BuiltIn",1995,"Fin",2,400,"TA","TA","Y",120,72,0,0,0,0,NA,NA,"Shed",700,5,2009,"WD","Normal",168500,"Train"
"86",86,60,"RL",121,16059,"Pave",NA,"Reg","Lvl","AllPub","Corner","Gtl","NoRidge","Norm","Norm","1Fam","2Story","8","5",1991,1992,"Hip","CompShg","HdBoard","HdBoard","BrkFace",284,"Gd","TA","CBlock","Gd","TA","No","Unf",0,"Unf",0,1288,1288,"GasA","Ex","Y","SBrkr",1301,1116,0,2417,0,0,2,1,4,1,"Gd",9,"Typ",1,"TA","Attchd",1991,"Unf",2,462,"TA","TA","Y",127,82,0,0,0,0,NA,NA,NA,0,4,2006,"WD","Normal",260000,"Train"
"87",87,60,"RL",122,11911,"Pave",NA,"IR2","Lvl","AllPub","Inside","Gtl","Gilbert","Norm","Norm","1Fam","2Story","6","5",2005,2005,"Gable","CompShg","VinylSd","VinylSd","None",0,"Gd","TA","PConc","Gd","TA","Av","Unf",0,"Unf",0,684,684,"GasA","Ex","Y","SBrkr",684,876,0,1560,0,0,2,1,3,1,"Gd",6,"Typ",1,"Gd","BuiltIn",2005,"Fin",2,400,"TA","TA","Y",100,38,0,0,0,0,NA,NA,NA,0,3,2009,"WD","Normal",174000,"Train"
"88",88,160,"FV",40,3951,"Pave","Pave","Reg","Lvl","AllPub","Corner","Gtl","Somerst","Norm","Norm","TwnhsE","2Story","6","5",2009,2009,"Gable","CompShg","VinylSd","VinylSd","Stone",76,"Gd","TA","PConc","Gd","TA","Av","Unf",0,"Unf",0,612,612,"GasA","Ex","Y","SBrkr",612,612,0,1224,0,0,2,1,2,1,"Gd",4,"Typ",0,NA,"Detchd",2009,"RFn",2,528,"TA","TA","Y",0,234,0,0,0,0,NA,NA,NA,0,6,2009,"New","Partial",164500,"Train"
"89",89,50,"C (all)",105,8470,"Pave",NA,"IR1","Lvl","AllPub","Corner","Gtl","IDOTRR","Feedr","Feedr","1Fam","1.5Fin","3","2",1915,1982,"Hip","CompShg","Plywood","Plywood","None",0,"Fa","Fa","CBlock","TA","Fa","No","Unf",0,"Unf",0,1013,1013,"GasA","TA","N","SBrkr",1013,0,513,1526,0,0,1,0,2,1,"Fa",6,"Typ",0,NA,NA,NA,NA,0,0,NA,NA,"N",0,0,156,0,0,0,NA,"MnPrv",NA,0,10,2009,"ConLD","Abnorml",85000,"Train"
"90",90,20,"RL",60,8070,"Pave",NA,"Reg","Lvl","AllPub","Inside","Gtl","CollgCr","Norm","Norm","1Fam","1Story","4","5",1994,1995,"Gable","CompShg","VinylSd","VinylSd","None",0,"TA","TA","PConc","Gd","TA","No","GLQ",588,"Unf",0,402,990,"GasA","Ex","Y","SBrkr",990,0,0,990,1,0,1,0,3,1,"TA",5,"Typ",0,NA,NA,NA,NA,0,0,NA,NA,"Y",0,0,0,0,0,0,NA,NA,NA,0,8,2007,"WD","Normal",123600,"Train"
"91",91,20,"RL",60,7200,"Pave",NA,"Reg","Lvl","AllPub","Inside","Gtl","NAmes","Norm","Norm","1Fam","1Story","4","5",1950,1950,"Gable","CompShg","BrkFace","Wd Sdng","None",0,"TA","TA","Slab",NA,NA,NA,NA,0,NA,0,0,0,"GasA","TA","Y","FuseA",1040,0,0,1040,0,0,1,0,2,1,"TA",4,"Typ",0,NA,"Detchd",1950,"Unf",2,420,"TA","TA","Y",0,29,0,0,0,0,NA,NA,NA,0,7,2006,"WD","Normal",109900,"Train"
"92",92,20,"RL",85,8500,"Pave",NA,"Reg","Lvl","AllPub","Inside","Gtl","NAmes","Norm","Norm","1Fam","1Story","5","3",1961,1961,"Hip","CompShg","HdBoard","HdBoard","BrkCmn",203,"TA","TA","CBlock","TA","TA","No","Rec",600,"Unf",0,635,1235,"GasA","TA","Y","SBrkr",1235,0,0,1235,0,0,1,0,2,1,"TA",6,"Typ",0,NA,"Attchd",1961,"Unf",2,480,"TA","TA","Y",0,0,0,0,0,0,NA,"GdWo",NA,0,12,2006,"WD","Abnorml",98600,"Train"
"93",93,30,"RL",80,13360,"Pave","Grvl","IR1","HLS","AllPub","Inside","Gtl","Crawfor","Norm","Norm","1Fam","1Story","5","7",1921,2006,"Gable","CompShg","Wd Sdng","Wd Sdng","None",0,"TA","Gd","BrkTil","Gd","TA","No","ALQ",713,"Unf",0,163,876,"GasA","Ex","Y","SBrkr",964,0,0,964,1,0,1,0,2,1,"TA",5,"Typ",0,NA,"Detchd",1921,"Unf",2,432,"TA","TA","Y",0,0,44,0,0,0,NA,NA,NA,0,8,2009,"WD","Normal",163500,"Train"
"94",94,190,"C (all)",60,7200,"Pave",NA,"Reg","Lvl","AllPub","Corner","Gtl","OldTown","Norm","Norm","2fmCon","2.5Unf","6","6",1910,1998,"Hip","CompShg","MetalSd","MetalSd","None",0,"TA","TA","BrkTil","TA","Fa","Mn","Rec",1046,"Unf",0,168,1214,"GasW","Ex","N","SBrkr",1260,1031,0,2291,0,1,2,0,4,2,"TA",9,"Typ",1,"Gd","Detchd",1900,"Unf",2,506,"TA","TA","Y",0,0,0,0,99,0,NA,NA,NA,0,11,2007,"WD","Normal",133900,"Train"
"95",95,60,"RL",69,9337,"Pave",NA,"IR1","Lvl","AllPub","Inside","Gtl","CollgCr","Norm","Norm","1Fam","2Story","6","5",1997,1997,"Gable","CompShg","VinylSd","VinylSd","None",0,"TA","Gd","PConc","Gd","TA","No","GLQ",648,"Unf",0,176,824,"GasA","Ex","Y","SBrkr",905,881,0,1786,1,0,2,1,3,1,"Gd",7,"Typ",0,NA,"Attchd",1997,"RFn",2,684,"TA","TA","Y",0,162,0,0,0,0,NA,NA,NA,0,5,2007,"WD","Normal",204750,"Train"
"96",96,60,"RL",NA,9765,"Pave",NA,"IR2","Lvl","AllPub","Corner","Gtl","Gilbert","Norm","Norm","1Fam","2Story","6","8",1993,1993,"Gable","CompShg","VinylSd","VinylSd","BrkFace",68,"Ex","Gd","PConc","Gd","Gd","No","ALQ",310,"Unf",0,370,680,"GasA","Gd","Y","SBrkr",680,790,0,1470,0,0,2,1,3,1,"TA",6,"Typ",1,"TA","BuiltIn",1993,"Fin",2,420,"TA","TA","Y",232,63,0,0,0,0,NA,NA,"Shed",480,4,2009,"WD","Normal",185000,"Train"
"97",97,20,"RL",78,10264,"Pave",NA,"IR1","Lvl","AllPub","Inside","Gtl","CollgCr","Norm","Norm","1Fam","1Story","7","5",1999,1999,"Gable","CompShg","VinylSd","VinylSd","BrkFace",183,"Gd","TA","PConc","Gd","TA","Av","ALQ",1162,"Unf",0,426,1588,"GasA","Ex","Y","SBrkr",1588,0,0,1588,0,0,2,0,3,1,"Gd",6,"Typ",0,NA,"Attchd",1999,"RFn",2,472,"TA","TA","Y",158,29,0,0,0,0,NA,NA,NA,0,8,2006,"WD","Normal",214000,"Train"
"98",98,20,"RL",73,10921,"Pave",NA,"Reg","HLS","AllPub","Inside","Gtl","Edwards","Norm","Norm","1Fam","1Story","4","5",1965,1965,"Hip","CompShg","HdBoard","HdBoard","BrkFace",48,"TA","TA","CBlock","TA","TA","No","Rec",520,"Unf",0,440,960,"GasA","TA","Y","FuseF",960,0,0,960,1,0,1,0,3,1,"TA",6,"Typ",0,NA,"Attchd",1965,"Fin",1,432,"TA","TA","P",120,0,0,0,0,0,NA,NA,NA,0,5,2007,"WD","Normal",94750,"Train"
"99",99,30,"RL",85,10625,"Pave",NA,"Reg","Lvl","AllPub","Corner","Gtl","Edwards","Norm","Norm","1Fam","1Story","5","5",1920,1950,"Gable","CompShg","Wd Sdng","Wd Sdng","None",0,"TA","TA","BrkTil","TA","TA","No","ALQ",108,"Unf",0,350,458,"GasA","Fa","N","SBrkr",835,0,0,835,0,0,1,0,2,1,"TA",5,"Typ",0,NA,"Basment",1920,"Unf",1,366,"Fa","TA","Y",0,0,77,0,0,0,NA,NA,"Shed",400,5,2010,"COD","Abnorml",83000,"Train"
"100",100,20,"RL",77,9320,"Pave",NA,"IR1","Lvl","AllPub","Inside","Gtl","NAmes","Norm","Norm","1Fam","1Story","4","5",1959,1959,"Gable","CompShg","Plywood","Plywood","None",0,"TA","TA","CBlock","TA","TA","No","ALQ",569,"Unf",0,381,950,"GasA","Fa","Y","SBrkr",1225,0,0,1225,1,0,1,1,3,1,"TA",6,"Typ",0,NA,NA,NA,NA,0,0,NA,NA,"Y",352,0,0,0,0,0,NA,NA,"Shed",400,1,2010,"WD","Normal",128950,"Train"
"101",101,20,"RL",NA,10603,"Pave",NA,"IR1","Lvl","AllPub","Inside","Gtl","NWAmes","Norm","Norm","1Fam","1Story","6","7",1977,2001,"Gable","CompShg","Plywood","Plywood","BrkFace",28,"TA","TA","PConc","TA","TA","Mn","ALQ",1200,"Unf",0,410,1610,"GasA","Gd","Y","SBrkr",1610,0,0,1610,1,0,2,0,3,1,"Gd",6,"Typ",2,"TA","Attchd",1977,"RFn",2,480,"TA","TA","Y",168,68,0,0,0,0,NA,NA,NA,0,2,2010,"WD","Normal",205000,"Train"
"102",102,60,"RL",77,9206,"Pave",NA,"Reg","Lvl","AllPub","Inside","Gtl","SawyerW","Norm","Norm","1Fam","2Story","6","5",1985,1985,"Gable","CompShg","HdBoard","HdBoard","BrkFace",336,"Gd","TA","CBlock","Gd","TA","No","Unf",0,"Unf",0,741,741,"GasA","TA","Y","SBrkr",977,755,0,1732,0,0,2,1,3,1,"Gd",7,"Typ",1,"TA","Attchd",1985,"Fin",2,476,"TA","TA","Y",192,46,0,0,0,0,NA,NA,NA,0,6,2010,"WD","Normal",178000,"Train"
"103",103,90,"RL",64,7018,"Pave",NA,"Reg","Bnk","AllPub","Inside","Gtl","SawyerW","Norm","Norm","Duplex","1Story","5","5",1979,1979,"Gable","CompShg","HdBoard","HdBoard","None",0,"TA","Fa","Slab",NA,NA,NA,NA,0,NA,0,0,0,"GasA","TA","Y","SBrkr",1535,0,0,1535,0,0,2,0,4,2,"TA",8,"Typ",0,NA,"Attchd",1979,"Unf",2,410,"TA","TA","Y",0,0,0,0,0,0,NA,NA,NA,0,6,2009,"WD","Alloca",118964,"Train"
"104",104,20,"RL",94,10402,"Pave",NA,"IR1","Lvl","AllPub","Corner","Gtl","CollgCr","Norm","Norm","1Fam","1Story","7","5",2009,2009,"Gable","CompShg","VinylSd","VinylSd","None",0,"TA","TA","PConc","Gd","TA","No","Unf",0,"Unf",0,1226,1226,"GasA","Ex","Y","SBrkr",1226,0,0,1226,0,0,2,0,3,1,"Gd",6,"Typ",0,NA,"Attchd",2009,"RFn",3,740,"TA","TA","Y",0,36,0,0,0,0,NA,NA,NA,0,5,2010,"WD","Normal",198900,"Train"
"105",105,50,"RM",NA,7758,"Pave",NA,"Reg","Lvl","AllPub","Corner","Gtl","IDOTRR","Norm","Norm","1Fam","1.5Fin","7","4",1931,1950,"Gable","CompShg","Stucco","Stucco","BrkFace",600,"TA","Fa","PConc","TA","TA","No","LwQ",224,"Unf",0,816,1040,"GasA","Ex","Y","FuseF",1226,592,0,1818,0,0,1,1,4,1,"TA",7,"Typ",2,"TA","Detchd",1951,"Unf",1,240,"TA","TA","Y",0,0,0,0,184,0,NA,NA,NA,0,6,2007,"WD","Normal",169500,"Train"
"106",106,60,"FV",75,9375,"Pave",NA,"Reg","Lvl","AllPub","Inside","Gtl","Somerst","Norm","Norm","1Fam","2Story","8","5",2003,2004,"Hip","CompShg","VinylSd","VinylSd","BrkFace",768,"Gd","TA","PConc","Ex","TA","No","Unf",0,"Unf",0,1053,1053,"GasA","Ex","Y","SBrkr",1053,939,0,1992,0,0,2,1,3,1,"Gd",9,"Typ",1,"Gd","Attchd",2003,"RFn",2,648,"TA","TA","Y",140,45,0,0,0,0,NA,NA,NA,0,8,2008,"WD","Normal",250000,"Train"
"107",107,30,"RM",60,10800,"Pave","Grvl","Reg","Lvl","AllPub","Inside","Gtl","OldTown","Norm","Norm","1Fam","1Story","4","7",1885,1995,"Mansard","CompShg","VinylSd","VinylSd","None",0,"TA","TA","BrkTil","Fa","TA","No","Unf",0,"Unf",0,641,641,"GasA","Gd","Y","SBrkr",1047,0,0,1047,0,0,1,0,2,1,"TA",6,"Typ",0,NA,"Detchd",1954,"Unf",1,273,"Fa","Fa","N",0,0,0,0,0,0,NA,NA,"Shed",450,8,2007,"WD","Normal",1e+05,"Train"
"108",108,20,"RM",50,6000,"Pave",NA,"Reg","Lvl","AllPub","Inside","Gtl","OldTown","Norm","Norm","1Fam","1Story","5","5",1948,1950,"Gable","CompShg","VinylSd","VinylSd","None",0,"TA","TA","CBlock","TA","TA","No","ALQ",104,"BLQ",169,516,789,"GasA","Ex","Y","SBrkr",789,0,0,789,0,0,1,0,2,1,"TA",5,"Typ",0,NA,"Detchd",1948,"Unf",1,250,"TA","TA","Y",0,0,0,0,0,0,NA,NA,NA,0,4,2008,"WD","Partial",115000,"Train"
"109",109,50,"RM",85,8500,"Pave",NA,"Reg","Lvl","AllPub","Corner","Gtl","IDOTRR","Artery","Norm","1Fam","1.5Fin","5","7",1919,2005,"Gable","CompShg","CemntBd","CmentBd","None",0,"TA","TA","CBlock","TA","TA","No","Unf",0,"Unf",0,793,793,"GasW","TA","N","FuseF",997,520,0,1517,0,0,2,0,3,1,"Fa",7,"Typ",0,NA,NA,NA,NA,0,0,NA,NA,"N",0,0,144,0,0,0,NA,NA,NA,0,8,2007,"WD","Normal",115000,"Train"
"110",110,20,"RL",105,11751,"Pave",NA,"IR1","Lvl","AllPub","Inside","Gtl","NWAmes","Norm","Norm","1Fam","1Story","6","6",1977,1977,"Hip","CompShg","Plywood","Plywood","BrkFace",480,"TA","TA","CBlock","Gd","TA","No","BLQ",705,"Unf",0,1139,1844,"GasA","Ex","Y","SBrkr",1844,0,0,1844,0,0,2,0,3,1,"TA",7,"Typ",1,"TA","Attchd",1977,"RFn",2,546,"TA","TA","Y",0,122,0,0,0,0,NA,"MnPrv",NA,0,1,2010,"COD","Normal",190000,"Train"
"111",111,50,"RL",75,9525,"Pave",NA,"Reg","Lvl","AllPub","Inside","Gtl","Edwards","Norm","Norm","1Fam","1.5Fin","6","4",1954,1972,"Gable","CompShg","Wd Sdng","Wd Sdng","None",0,"TA","TA","CBlock","TA","Fa","No","Rec",444,"Unf",0,550,994,"GasA","Gd","Y","SBrkr",1216,639,0,1855,0,0,2,0,4,1,"TA",7,"Typ",0,NA,"Attchd",1954,"Unf",1,325,"TA","TA","Y",182,0,0,0,0,0,NA,NA,NA,0,10,2006,"WD","Normal",136900,"Train"
"112",112,80,"RL",NA,7750,"Pave",NA,"IR1","Lvl","AllPub","Inside","Gtl","Gilbert","Norm","Norm","1Fam","SLvl","7","5",2000,2000,"Gable","CompShg","VinylSd","VinylSd","None",0,"TA","TA","PConc","Gd","TA","No","GLQ",250,"Unf",0,134,384,"GasA","Ex","Y","SBrkr",774,656,0,1430,0,0,2,1,3,1,"TA",7,"Typ",1,"TA","BuiltIn",2000,"Fin",2,400,"TA","TA","Y",180,0,0,0,0,0,NA,NA,NA,0,4,2010,"WD","Normal",180000,"Train"
"113",113,60,"RL",77,9965,"Pave",NA,"Reg","Lvl","AllPub","Inside","Gtl","CollgCr","Norm","Norm","1Fam","2Story","7","5",2007,2007,"Gable","CompShg","VinylSd","VinylSd","Stone",220,"Gd","TA","PConc","Ex","TA","Av","GLQ",984,"Unf",0,280,1264,"GasA","Ex","Y","SBrkr",1282,1414,0,2696,1,0,2,1,4,1,"Ex",10,"Typ",1,"Gd","BuiltIn",2007,"Fin",3,792,"TA","TA","Y",120,184,0,0,168,0,NA,NA,NA,0,10,2007,"New","Partial",383970,"Train"
"114",114,20,"RL",NA,21000,"Pave",NA,"Reg","Bnk","AllPub","Corner","Gtl","Crawfor","Norm","Norm","1Fam","1Story","6","5",1953,1953,"Hip","CompShg","Wd Sdng","Wd Sdng","BrkFace",184,"TA","Gd","CBlock","Gd","TA","Mn","ALQ",35,"Rec",869,905,1809,"GasA","TA","Y","SBrkr",2259,0,0,2259,1,0,2,0,3,1,"Gd",7,"Typ",2,"Gd","Basment",1953,"Unf",2,450,"TA","TA","Y",166,120,192,0,0,0,NA,"MnPrv",NA,0,10,2007,"COD","Abnorml",217000,"Train"
"115",115,70,"RL",61,7259,"Pave",NA,"IR1","Lvl","AllPub","Inside","Mod","Crawfor","Norm","Norm","1Fam","2Story","6","8",1945,2002,"Gambrel","CompShg","Wd Sdng","Wd Sdng","None",0,"TA","TA","CBlock","TA","TA","No","ALQ",774,"LwQ",150,104,1028,"GasA","Ex","Y","SBrkr",1436,884,0,2320,1,0,2,1,3,1,"Gd",9,"Typ",1,"TA","Detchd",1945,"Unf",1,180,"TA","TA","Y",224,0,0,0,0,0,NA,"MnPrv",NA,0,7,2007,"WD","Normal",259500,"Train"
"116",116,160,"FV",34,3230,"Pave","Pave","Reg","Lvl","AllPub","Corner","Gtl","Somerst","Norm","Norm","TwnhsE","2Story","6","5",1999,1999,"Gable","CompShg","MetalSd","MetalSd","BrkFace",1129,"TA","TA","PConc","Gd","TA","No","GLQ",419,"Unf",0,310,729,"GasA","Gd","Y","SBrkr",729,729,0,1458,0,0,2,1,2,1,"TA",5,"Typ",1,"Fa","Detchd",1999,"Unf",2,440,"TA","TA","Y",0,32,0,0,0,0,NA,NA,NA,0,6,2007,"WD","Normal",176000,"Train"
"117",117,20,"RL",NA,11616,"Pave",NA,"Reg","Lvl","AllPub","Inside","Gtl","Sawyer","Norm","Norm","1Fam","1Story","5","5",1962,1962,"Gable","CompShg","Wd Sdng","Wd Sdng","BrkFace",116,"TA","TA","CBlock","TA","TA","No","LwQ",170,"BLQ",670,252,1092,"GasA","TA","Y","SBrkr",1092,0,0,1092,0,1,1,0,3,1,"TA",6,"Typ",1,"Po","Attchd",1962,"Unf",1,288,"TA","TA","Y",0,20,144,0,0,0,NA,NA,NA,0,9,2009,"WD","Normal",139000,"Train"
"118",118,20,"RL",74,8536,"Pave",NA,"Reg","Lvl","AllPub","Corner","Gtl","Edwards","Norm","Norm","1Fam","1Story","5","5",2006,2007,"Gable","CompShg","VinylSd","VinylSd","None",0,"TA","TA","PConc","Gd","TA","No","Unf",0,"Unf",0,1125,1125,"GasA","Gd","Y","SBrkr",1125,0,0,1125,0,0,1,1,2,1,"TA",5,"Typ",0,NA,"Attchd",2007,"Unf",2,430,"TA","TA","Y",80,64,0,0,0,0,NA,NA,NA,0,4,2007,"New","Partial",155000,"Train"
"119",119,60,"RL",90,12376,"Pave",NA,"Reg","Lvl","AllPub","Corner","Gtl","SawyerW","Norm","Norm","1Fam","2Story","7","5",1990,1990,"Hip","CompShg","Plywood","Plywood","None",0,"TA","TA","PConc","Gd","TA","Mn","GLQ",1470,"Unf",0,203,1673,"GasA","Gd","Y","SBrkr",1699,1523,0,3222,1,0,3,0,5,1,"Gd",11,"Typ",2,"TA","Attchd",1990,"Unf",3,594,"TA","TA","Y",367,0,0,0,0,0,NA,NA,NA,0,5,2010,"WD","Normal",320000,"Train"
"120",120,60,"RL",65,8461,"Pave",NA,"Reg","Lvl","AllPub","Inside","Gtl","CollgCr","Norm","Norm","1Fam","2Story","6","5",2005,2006,"Gable","CompShg","VinylSd","VinylSd","None",0,"Gd","TA","PConc","Gd","TA","No","Unf",0,"Unf",0,728,728,"GasA","Ex","Y","SBrkr",728,728,0,1456,0,0,2,1,3,1,"Gd",8,"Typ",1,"Gd","Attchd",2005,"Fin",2,390,"TA","TA","Y",0,24,0,0,0,0,NA,NA,NA,0,7,2006,"New","Partial",163990,"Train"
"121",121,80,"RL",NA,21453,"Pave",NA,"IR1","Low","AllPub","CulDSac","Sev","ClearCr","Norm","Norm","1Fam","SLvl","6","5",1969,1969,"Flat","Metal","Plywood","Plywood","None",0,"TA","TA","CBlock","TA","TA","Gd","ALQ",938,"Unf",0,0,938,"GasA","Ex","Y","SBrkr",988,0,0,988,1,0,1,0,1,1,"TA",4,"Typ",2,"TA","Attchd",1969,"Unf",2,540,"TA","TA","Y",0,130,0,130,0,0,NA,NA,NA,0,10,2006,"WD","Normal",180000,"Train"
"122",122,50,"RM",50,6060,"Pave",NA,"Reg","Lvl","AllPub","Inside","Gtl","IDOTRR","Norm","Norm","1Fam","1.5Fin","4","5",1939,1950,"Gable","CompShg","AsbShng","AsbShng","None",0,"TA","TA","PConc","TA","TA","No","Unf",0,"Unf",0,732,732,"GasA","Gd","Y","SBrkr",772,351,0,1123,0,0,1,0,3,1,"TA",4,"Typ",0,NA,"Detchd",1979,"Unf",1,264,"TA","TA","P",0,0,140,0,0,0,NA,"MnPrv",NA,0,6,2007,"WD","Normal",1e+05,"Train"
"123",123,20,"RL",75,9464,"Pave",NA,"Reg","Lvl","AllPub","Corner","Gtl","NAmes","Norm","Norm","1Fam","1Story","6","7",1958,1958,"Hip","CompShg","MetalSd","MetalSd","BrkFace",135,"TA","Gd","CBlock","TA","TA","No","BLQ",570,"Unf",0,510,1080,"GasA","Gd","Y","SBrkr",1080,0,0,1080,0,0,1,0,3,1,"TA",5,"Typ",0,NA,"Attchd",1958,"Unf",1,288,"TA","TA","Y",0,0,0,0,130,0,NA,NA,NA,0,6,2008,"WD","Normal",136000,"Train"
"124",124,120,"RL",55,7892,"Pave",NA,"Reg","Lvl","AllPub","Inside","Gtl","SawyerW","Norm","Norm","TwnhsE","1Story","6","5",1993,1993,"Gable","CompShg","Plywood","Plywood","None",0,"Gd","TA","PConc","Gd","TA","No","GLQ",300,"Unf",0,899,1199,"GasA","Ex","Y","SBrkr",1199,0,0,1199,0,0,2,0,2,1,"Gd",5,"Typ",0,NA,"Attchd",1993,"RFn",2,530,"TA","TA","Y",0,63,0,0,0,0,NA,NA,NA,0,3,2008,"WD","Normal",153900,"Train"
"125",125,20,"RL",48,17043,"Pave",NA,"IR1","Lvl","AllPub","CulDSac","Gtl","NWAmes","Norm","Norm","1Fam","1Story","6","5",1979,1998,"Gable","CompShg","HdBoard","HdBoard","None",0,"TA","Gd","CBlock","Gd","Fa","No","Unf",0,"Unf",0,1362,1362,"GasA","TA","Y","SBrkr",1586,0,0,1586,0,0,2,0,3,1,"TA",7,"Typ",1,"TA","Attchd",1979,"Unf",2,435,"TA","TA","Y",192,0,0,0,0,0,NA,NA,NA,0,1,2009,"WD","Normal",181000,"Train"
"126",126,190,"RM",60,6780,"Pave",NA,"Reg","Lvl","AllPub","Inside","Gtl","IDOTRR","Norm","Norm","2fmCon","1.5Fin","6","8",1935,1982,"Gable","CompShg","Wd Sdng","Wd Sdng","None",0,"TA","Fa","CBlock","TA","TA","Av","GLQ",490,"Unf",0,30,520,"GasA","Gd","N","SBrkr",520,0,234,754,1,0,1,0,2,1,"TA",5,"Typ",0,NA,NA,NA,NA,0,0,NA,NA,"N",53,0,0,0,0,0,NA,NA,NA,0,6,2006,"WD","Normal",84500,"Train"
"127",127,120,"RL",NA,4928,"Pave",NA,"IR1","Lvl","AllPub","Inside","Gtl","NPkVill","Norm","Norm","TwnhsE","1Story","6","5",1976,1976,"Gable","CompShg","Plywood","Plywood","None",0,"TA","TA","CBlock","Gd","TA","No","ALQ",120,"Unf",0,958,1078,"GasA","TA","Y","SBrkr",958,0,0,958,0,0,2,0,2,1,"TA",5,"Typ",1,"TA","Attchd",1977,"RFn",2,440,"TA","TA","Y",0,205,0,0,0,0,NA,NA,NA,0,2,2007,"WD","Normal",128000,"Train"
"128",128,45,"RM",55,4388,"Pave",NA,"IR1","Bnk","AllPub","Inside","Gtl","OldTown","Feedr","Norm","1Fam","1.5Unf","5","7",1930,1950,"Gable","CompShg","WdShing","Wd Sdng","None",0,"TA","Gd","BrkTil","TA","TA","No","LwQ",116,"Unf",0,556,672,"GasA","Ex","Y","SBrkr",840,0,0,840,0,0,1,0,3,1,"TA",5,"Typ",1,"TA",NA,NA,NA,0,0,NA,NA,"N",0,0,0,0,0,0,NA,NA,NA,0,6,2007,"WD","Normal",87000,"Train"
"129",129,60,"RL",69,7590,"Pave",NA,"Reg","Lvl","AllPub","Inside","Gtl","NAmes","PosN","Norm","1Fam","2Story","6","5",1966,1966,"Gable","CompShg","VinylSd","VinylSd","BrkFace",266,"TA","TA","CBlock","TA","TA","No","BLQ",512,"Unf",0,148,660,"GasA","TA","Y","SBrkr",660,688,0,1348,0,0,1,1,3,1,"TA",6,"Typ",1,"Fa","Attchd",1966,"RFn",2,453,"TA","TA","Y",188,108,0,0,0,0,NA,NA,NA,0,7,2006,"WD","Normal",155000,"Train"
"130",130,20,"RL",69,8973,"Pave",NA,"Reg","Lvl","AllPub","Inside","Gtl","NAmes","Norm","Norm","1Fam","1Story","5","7",1958,1991,"Gable","CompShg","Plywood","Plywood","BrkFace",85,"TA","TA","CBlock","TA","TA","No","Rec",567,"BLQ",28,413,1008,"GasA","TA","Y","FuseA",1053,0,0,1053,0,1,1,1,3,1,"Ex",6,"Typ",0,NA,"2Types",1998,"RFn",2,750,"TA","TA","Y",0,80,0,180,0,0,NA,"MnWw",NA,0,7,2006,"WD","Abnorml",150000,"Train"
"131",131,60,"RL",88,14200,"Pave",NA,"Reg","Lvl","AllPub","Corner","Gtl","NAmes","Norm","Norm","1Fam","2Story","7","6",1966,1966,"Gable","CompShg","MetalSd","MetalSd","BrkFace",309,"TA","TA","CBlock","TA","TA","No","Rec",445,"Unf",0,479,924,"GasA","Ex","Y","SBrkr",1216,941,0,2157,0,0,2,1,4,1,"Gd",8,"Typ",2,"Gd","Attchd",1966,"Fin",2,487,"TA","TA","Y",105,66,0,0,0,0,NA,"GdPrv",NA,0,5,2006,"WD","Normal",226000,"Train"
"132",132,60,"RL",NA,12224,"Pave",NA,"IR1","Lvl","AllPub","Corner","Gtl","Gilbert","Norm","Norm","1Fam","2Story","6","5",2000,2000,"Gable","CompShg","VinylSd","VinylSd","BrkFace",40,"Gd","TA","PConc","Gd","TA","No","GLQ",695,"Unf",0,297,992,"GasA","Ex","Y","SBrkr",1022,1032,0,2054,1,0,2,1,3,1,"Gd",7,"Typ",1,"TA","BuiltIn",2000,"RFn",2,390,"TA","TA","Y",24,48,0,0,0,0,NA,NA,NA,0,7,2009,"WD","Normal",244000,"Train"
"133",133,20,"RL",75,7388,"Pave",NA,"Reg","Lvl","AllPub","Corner","Gtl","NAmes","Norm","Norm","1Fam","1Story","5","6",1959,2002,"Gable","CompShg","MetalSd","MetalSd","None",0,"TA","TA","CBlock","TA","TA","No","Rec",405,"Unf",0,658,1063,"GasA","Gd","Y","SBrkr",1327,0,0,1327,1,0,1,0,3,1,"Gd",7,"Typ",0,NA,"Detchd",1974,"Unf",2,624,"TA","TA","Y",0,0,0,0,0,0,NA,NA,NA,0,7,2007,"WD","Normal",150750,"Train"
"134",134,20,"RL",NA,6853,"Pave",NA,"IR1","Lvl","AllPub","Inside","Gtl","Timber","Norm","Norm","1Fam","1Story","8","5",2001,2002,"Gable","CompShg","VinylSd","VinylSd","BrkFace",136,"Gd","TA","PConc","Ex","TA","No","GLQ",1005,"Unf",0,262,1267,"GasA","Ex","Y","SBrkr",1296,0,0,1296,1,0,2,0,2,1,"Gd",6,"Typ",0,NA,"Attchd",2001,"Fin",2,471,"TA","TA","Y",192,25,0,0,0,0,NA,NA,NA,0,6,2009,"WD","Normal",220000,"Train"
"135",135,20,"RL",78,10335,"Pave",NA,"IR1","Lvl","AllPub","Inside","Gtl","Sawyer","Norm","Norm","1Fam","1Story","5","6",1968,1993,"Gable","CompShg","Plywood","Plywood","None",0,"TA","TA","CBlock","TA","TA","No","Rec",570,"Unf",0,891,1461,"GasA","Gd","Y","SBrkr",1721,0,0,1721,0,0,2,1,3,1,"TA",7,"Min1",1,"TA","Attchd",1968,"RFn",2,440,"TA","TA","Y",0,96,180,0,0,0,NA,"MnPrv",NA,0,7,2006,"WD","Normal",180000,"Train"
"136",136,20,"RL",80,10400,"Pave",NA,"Reg","Lvl","AllPub","Inside","Gtl","NWAmes","Norm","Norm","1Fam","1Story","7","6",1970,1970,"Hip","CompShg","Plywood","Plywood","BrkFace",288,"TA","TA","PConc","TA","TA","No","Unf",0,"Unf",0,1304,1304,"GasA","Gd","Y","SBrkr",1682,0,0,1682,0,0,2,0,3,1,"TA",7,"Typ",1,"Gd","Attchd",1970,"Unf",2,530,"TA","TA","Y",98,0,0,0,0,0,NA,"MnPrv",NA,0,5,2008,"WD","Normal",174000,"Train"
"137",137,20,"RL",NA,10355,"Pave",NA,"IR1","Lvl","AllPub","Corner","Gtl","NAmes","Norm","Norm","1Fam","1Story","5","5",1967,1967,"Gable","CompShg","MetalSd","MetalSd","BrkFace",196,"TA","TA","CBlock","TA","TA","No","BLQ",695,"Unf",0,519,1214,"GasA","TA","Y","SBrkr",1214,0,0,1214,0,0,2,0,3,1,"TA",5,"Typ",1,"Fa","Attchd",1967,"RFn",1,318,"TA","TA","Y",0,111,0,0,0,0,NA,NA,NA,0,7,2007,"WD","Normal",143000,"Train"
"138",138,90,"RL",82,11070,"Pave",NA,"Reg","Lvl","AllPub","Inside","Gtl","Mitchel","Norm","Norm","Duplex","1Story","7","5",1988,1989,"Gable","CompShg","VinylSd","VinylSd","BrkFace",70,"TA","TA","CBlock","TA","TA","No","Unf",0,"Unf",0,1907,1907,"GasA","Gd","Y","SBrkr",1959,0,0,1959,0,0,3,0,5,2,"TA",9,"Typ",0,NA,"2Types",1989,"Unf",3,766,"TA","TA","Y",0,0,0,0,0,0,NA,NA,NA,0,7,2006,"WD","Family",171000,"Train"
"139",139,60,"RL",73,9066,"Pave",NA,"IR1","Lvl","AllPub","Inside","Gtl","CollgCr","Norm","Norm","1Fam","2Story","8","5",1999,2000,"Gable","CompShg","VinylSd","VinylSd","BrkFace",320,"Gd","TA","PConc","Gd","TA","Mn","GLQ",668,"Unf",0,336,1004,"GasA","Ex","Y","SBrkr",1004,848,0,1852,0,0,2,1,3,1,"Gd",7,"Typ",2,"TA","Attchd",1999,"Fin",3,660,"TA","TA","Y",224,106,0,0,0,0,NA,"GdPrv",NA,0,12,2008,"WD","Normal",230000,"Train"
"140",140,60,"RL",65,15426,"Pave",NA,"IR1","Lvl","AllPub","Inside","Gtl","CollgCr","Norm","Norm","1Fam","2Story","6","5",1997,1997,"Gable","CompShg","VinylSd","VinylSd","None",0,"TA","TA","PConc","Gd","TA","No","GLQ",821,"Unf",0,107,928,"GasA","Ex","Y","SBrkr",928,836,0,1764,1,0,2,1,3,1,"Gd",7,"Typ",0,NA,"Attchd",1997,"RFn",2,470,"TA","TA","Y",276,99,0,0,0,0,NA,"MnPrv",NA,0,8,2009,"WD","Normal",231500,"Train"
"141",141,20,"RL",70,10500,"Pave",NA,"Reg","Lvl","AllPub","FR2","Gtl","NAmes","Norm","Norm","1Fam","1Story","4","5",1971,1971,"Gable","CompShg","HdBoard","HdBoard","None",0,"TA","TA","CBlock","TA","TA","No","ALQ",432,"Unf",0,432,864,"GasA","TA","Y","SBrkr",864,0,0,864,0,0,1,0,3,1,"TA",5,"Typ",1,"Po",NA,NA,NA,0,0,NA,NA,"Y",0,0,0,0,0,0,NA,NA,NA,0,4,2010,"ConLI","Normal",115000,"Train"
"142",142,20,"RL",78,11645,"Pave",NA,"Reg","Lvl","AllPub","Inside","Gtl","CollgCr","Norm","Norm","1Fam","1Story","7","5",2005,2005,"Gable","CompShg","VinylSd","VinylSd","None",0,"Gd","TA","PConc","Gd","TA","Av","GLQ",1300,"Unf",0,434,1734,"GasA","Ex","Y","SBrkr",1734,0,0,1734,1,0,2,0,3,1,"Gd",7,"Typ",0,NA,"Attchd",2005,"Fin",2,660,"TA","TA","Y",160,24,0,0,0,0,NA,NA,NA,0,1,2006,"WD","Normal",260000,"Train"
"143",143,50,"RL",71,8520,"Pave",NA,"Reg","Lvl","AllPub","Corner","Gtl","NAmes","Artery","Norm","1Fam","1.5Fin","5","4",1952,1952,"Gable","CompShg","BrkFace","Wd Sdng","None",0,"TA","Fa","CBlock","TA","TA","No","Rec",507,"Unf",0,403,910,"GasA","Fa","Y","SBrkr",910,475,0,1385,0,0,2,0,4,1,"TA",6,"Typ",0,NA,"Detchd",2000,"Unf",2,720,"TA","TA","Y",0,0,0,0,0,0,NA,"MnPrv",NA,0,6,2010,"WD","Normal",166000,"Train"
"144",144,20,"RL",78,10335,"Pave",NA,"IR1","Lvl","AllPub","Inside","Gtl","CollgCr","Norm","Norm","1Fam","1Story","7","5",1999,1999,"Gable","CompShg","VinylSd","VinylSd","BrkFace",183,"Gd","TA","PConc","Gd","TA","Gd","GLQ",679,"Unf",0,811,1490,"GasA","Ex","Y","SBrkr",1501,0,0,1501,1,0,2,0,3,1,"Gd",6,"Typ",0,NA,"Attchd",1999,"RFn",2,577,"TA","TA","Y",144,29,0,0,0,0,NA,NA,NA,0,6,2009,"WD","Normal",204000,"Train"
"145",145,90,"RM",70,9100,"Pave",NA,"Reg","Lvl","AllPub","Inside","Gtl","Sawyer","RRAe","Norm","Duplex","1Story","5","5",1963,1963,"Gable","CompShg","HdBoard","HdBoard","BrkFace",336,"TA","TA","CBlock","TA","TA","No","Rec",1332,"Unf",0,396,1728,"GasA","TA","Y","SBrkr",1728,0,0,1728,1,0,2,0,6,2,"TA",10,"Typ",0,NA,"Detchd",1963,"Unf",2,504,"TA","TA","Y",0,0,0,0,0,0,NA,NA,NA,0,11,2006,"ConLI","Abnorml",125000,"Train"
"146",146,160,"RM",24,2522,"Pave",NA,"Reg","Lvl","AllPub","Inside","Gtl","Edwards","Norm","Norm","Twnhs","2Story","6","5",2004,2006,"Gable","CompShg","VinylSd","VinylSd","Stone",50,"Gd","TA","PConc","Gd","TA","No","Unf",0,"Unf",0,970,970,"GasA","Ex","Y","SBrkr",970,739,0,1709,0,0,2,0,3,1,"Gd",7,"Maj1",0,NA,"Detchd",2004,"Unf",2,380,"TA","TA","Y",0,40,0,0,0,0,NA,NA,NA,0,4,2006,"WD","Normal",130000,"Train"
"147",147,30,"RM",51,6120,"Pave",NA,"Reg","Lvl","AllPub","Corner","Gtl","BrkSide","Norm","Norm","1Fam","1Story","5","7",1931,1993,"Gable","CompShg","Wd Sdng","Wd Sdng","None",0,"TA","TA","BrkTil","TA","TA","No","BLQ",209,"Unf",0,506,715,"GasA","TA","Y","FuseA",875,0,0,875,1,0,1,0,2,1,"TA",5,"Typ",0,NA,"Detchd",1931,"Unf",1,180,"Fa","TA","Y",48,0,0,0,0,0,NA,NA,NA,0,11,2009,"WD","Normal",105000,"Train"
"148",148,60,"RL",NA,9505,"Pave",NA,"IR1","Lvl","AllPub","CulDSac","Gtl","Gilbert","Norm","Norm","1Fam","2Story","7","5",2001,2001,"Gable","CompShg","VinylSd","VinylSd","BrkFace",180,"Gd","TA","PConc","Gd","TA","No","Unf",0,"Unf",0,884,884,"GasA","Ex","Y","SBrkr",884,1151,0,2035,0,0,2,1,3,1,"Gd",8,"Typ",1,"Gd","BuiltIn",2001,"Fin",2,434,"TA","TA","Y",144,48,0,0,0,0,NA,NA,NA,0,5,2010,"WD","Normal",222500,"Train"
"149",149,20,"RL",63,7500,"Pave",NA,"Reg","Lvl","AllPub","Inside","Gtl","SawyerW","Norm","Norm","1Fam","1Story","7","5",2004,2005,"Gable","CompShg","VinylSd","VinylSd","BrkFace",120,"TA","TA","PConc","Gd","TA","No","GLQ",680,"Unf",0,400,1080,"GasA","Ex","Y","SBrkr",1080,0,0,1080,1,0,1,0,3,1,"Gd",6,"Typ",0,NA,NA,NA,NA,0,0,NA,NA,"Y",0,0,0,0,0,0,NA,NA,NA,0,4,2008,"WD","Normal",141000,"Train"
"150",150,50,"RM",NA,6240,"Pave",NA,"Reg","Lvl","AllPub","Inside","Gtl","BrkSide","Norm","Norm","1Fam","1.5Fin","5","4",1936,1950,"Gable","CompShg","MetalSd","MetalSd","None",0,"TA","TA","BrkTil","Gd","TA","No","Unf",0,"Unf",0,896,896,"GasA","Gd","Y","FuseA",896,448,0,1344,0,0,1,0,3,1,"TA",7,"Typ",0,NA,"Detchd",1936,"Unf",1,240,"Fa","TA","Y",200,114,0,0,0,0,NA,NA,NA,0,4,2006,"WD","Normal",115000,"Train"
"151",151,20,"RL",120,10356,"Pave",NA,"Reg","Lvl","AllPub","Corner","Gtl","CollgCr","Norm","Norm","1Fam","1Story","5","6",1975,1975,"Gable","CompShg","HdBoard","HdBoard","None",0,"TA","TA","CBlock","TA","TA","Av","BLQ",716,"Unf",0,253,969,"GasA","TA","Y","SBrkr",969,0,0,969,0,0,1,1,3,1,"TA",5,"Typ",0,NA,"Attchd",1975,"Unf",2,440,"TA","TA","Y",0,0,0,0,0,0,NA,"MnPrv",NA,0,1,2007,"WD","Normal",122000,"Train"
"152",152,20,"RL",107,13891,"Pave",NA,"Reg","Lvl","AllPub","Inside","Gtl","NridgHt","Norm","Norm","1Fam","1Story","8","5",2007,2008,"Hip","CompShg","VinylSd","VinylSd","Stone",436,"Gd","TA","PConc","Ex","TA","Gd","GLQ",1400,"Unf",0,310,1710,"GasA","Ex","Y","SBrkr",1710,0,0,1710,1,0,2,0,2,1,"Gd",6,"Typ",1,"Gd","Attchd",2007,"RFn",3,866,"TA","TA","Y",0,102,0,0,0,0,NA,NA,NA,0,1,2008,"New","Partial",372402,"Train"
"153",153,60,"RL",NA,14803,"Pave",NA,"IR1","Lvl","AllPub","CulDSac","Gtl","NWAmes","Norm","Norm","1Fam","2Story","6","5",1971,1971,"Gable","CompShg","HdBoard","HdBoard","BrkFace",252,"TA","TA","CBlock","TA","TA","No","Rec",416,"Unf",0,409,825,"GasA","Gd","Y","SBrkr",1097,896,0,1993,0,0,2,1,4,1,"TA",8,"Typ",1,"Gd","Attchd",1971,"RFn",2,495,"TA","TA","Y",0,66,0,0,0,0,NA,"GdWo",NA,0,6,2006,"WD","Normal",190000,"Train"
"154",154,20,"RL",NA,13500,"Pave",NA,"Reg","Lvl","AllPub","Inside","Gtl","ClearCr","Norm","Norm","1Fam","1Story","6","7",1960,1975,"Flat","CompShg","BrkFace","Plywood","None",0,"TA","TA","CBlock","Gd","TA","Gd","BLQ",429,"ALQ",1080,93,1602,"GasA","Gd","Y","SBrkr",1252,0,0,1252,1,0,1,0,1,1,"TA",4,"Typ",1,"Gd","Attchd",1960,"RFn",2,564,"TA","TA","Y",409,0,0,0,0,0,NA,NA,NA,0,3,2008,"WD","Normal",235000,"Train"
"155",155,30,"RM",84,11340,"Pave",NA,"Reg","Lvl","AllPub","Corner","Gtl","OldTown","Norm","Norm","1Fam","1Story","6","5",1923,1950,"Gable","CompShg","Wd Sdng","Wd Sdng","None",0,"TA","TA","BrkTil","TA","TA","No","Unf",0,"Unf",0,1200,1200,"GasA","TA","Y","FuseA",1200,0,0,1200,0,0,1,0,4,1,"TA",7,"Typ",0,NA,"Detchd",1923,"Unf",1,312,"Fa","Fa","Y",0,0,228,0,0,0,NA,NA,NA,0,3,2006,"WD","Family",125000,"Train"
"156",156,50,"RL",60,9600,"Pave",NA,"Reg","Lvl","AllPub","Corner","Gtl","Edwards","Artery","Norm","1Fam","1.5Fin","6","5",1924,1950,"Gable","CompShg","Wd Sdng","Wd Sdng","None",0,"TA","TA","BrkTil","TA","TA","No","Unf",0,"Unf",0,572,572,"Grav","Fa","N","FuseF",572,524,0,1096,0,0,1,0,2,1,"TA",5,"Typ",0,NA,NA,NA,NA,0,0,NA,NA,"N",0,8,128,0,0,0,NA,NA,NA,0,4,2008,"WD","Normal",79000,"Train"
"157",157,20,"RL",60,7200,"Pave",NA,"Reg","Lvl","AllPub","Inside","Gtl","NAmes","Norm","Norm","1Fam","1Story","5","7",1950,1950,"Hip","CompShg","Wd Sdng","Wd Sdng","None",0,"TA","TA","CBlock",NA,NA,NA,NA,0,NA,0,0,0,"GasA","TA","Y","FuseF",1040,0,0,1040,0,0,1,0,2,1,"TA",5,"Typ",0,NA,"Detchd",1950,"Unf",2,625,"TA","TA","Y",0,0,0,0,0,0,NA,NA,NA,0,6,2006,"WD","Normal",109500,"Train"
"158",158,60,"RL",92,12003,"Pave",NA,"Reg","Lvl","AllPub","Corner","Gtl","Timber","Norm","Norm","1Fam","2Story","8","5",2009,2010,"Gable","CompShg","VinylSd","VinylSd","BrkFace",84,"Gd","TA","PConc","Ex","TA","No","Unf",0,"Unf",0,774,774,"GasA","Ex","Y","SBrkr",774,1194,0,1968,0,0,2,1,4,1,"Ex",8,"Typ",1,"Gd","BuiltIn",2009,"Fin",3,680,"TA","TA","Y",0,75,0,0,0,0,NA,NA,NA,0,5,2010,"New","Partial",269500,"Train"
"159",159,60,"FV",100,12552,"Pave",NA,"Reg","Lvl","AllPub","Corner","Gtl","Somerst","Norm","Norm","1Fam","2Story","7","5",2004,2005,"Gable","CompShg","VinylSd","VinylSd","None",0,"Gd","TA","PConc","Gd","TA","No","GLQ",222,"Unf",0,769,991,"GasA","Ex","Y","SBrkr",991,956,0,1947,0,0,2,1,3,1,"Gd",8,"Typ",1,"Gd","Attchd",2004,"RFn",2,678,"TA","TA","Y",0,136,0,0,0,0,NA,"GdWo",NA,0,5,2010,"WD","Normal",254900,"Train"
"160",160,60,"RL",134,19378,"Pave",NA,"IR1","HLS","AllPub","Corner","Gtl","Gilbert","Norm","Norm","1Fam","2Story","7","5",2005,2006,"Gable","CompShg","VinylSd","VinylSd","BrkFace",456,"Gd","TA","PConc","Gd","TA","Mn","GLQ",57,"Unf",0,1335,1392,"GasA","Ex","Y","SBrkr",1392,1070,0,2462,1,0,2,1,4,1,"Gd",9,"Typ",1,"Gd","Attchd",2006,"RFn",2,576,"TA","TA","Y",239,132,0,168,0,0,NA,NA,NA,0,3,2006,"New","Partial",320000,"Train"
"161",161,20,"RL",NA,11120,"Pave",NA,"IR1","Lvl","AllPub","CulDSac","Gtl","Veenker","Norm","Norm","1Fam","1Story","6","6",1984,1984,"Gable","CompShg","Plywood","Plywood","None",0,"TA","TA","PConc","Gd","TA","No","BLQ",660,"Unf",0,572,1232,"GasA","TA","Y","SBrkr",1232,0,0,1232,0,0,2,0,3,1,"TA",6,"Typ",0,NA,"Attchd",1984,"Unf",2,516,"TA","TA","Y",0,0,0,0,0,0,NA,NA,NA,0,6,2008,"WD","Normal",162500,"Train"
"162",162,60,"RL",110,13688,"Pave",NA,"IR1","Lvl","AllPub","Inside","Gtl","NridgHt","Norm","Norm","1Fam","2Story","9","5",2003,2004,"Gable","CompShg","VinylSd","VinylSd","BrkFace",664,"Gd","TA","PConc","Ex","TA","Av","GLQ",1016,"Unf",0,556,1572,"GasA","Ex","Y","SBrkr",1572,1096,0,2668,1,0,2,1,3,1,"Ex",10,"Typ",2,"Gd","BuiltIn",2003,"Fin",3,726,"TA","TA","Y",400,0,0,0,0,0,NA,NA,NA,0,3,2008,"WD","Normal",412500,"Train"
"163",163,20,"RL",95,12182,"Pave",NA,"Reg","Lvl","AllPub","Corner","Gtl","NridgHt","Norm","Norm","1Fam","1Story","7","5",2005,2005,"Gable","CompShg","VinylSd","VinylSd","BrkFace",226,"Gd","TA","PConc","Gd","TA","Mn","BLQ",1201,"Unf",0,340,1541,"GasA","Ex","Y","SBrkr",1541,0,0,1541,0,0,2,0,3,1,"Gd",7,"Typ",1,"Gd","Attchd",2005,"RFn",2,532,"TA","TA","Y",0,70,0,0,0,0,NA,NA,NA,0,5,2010,"New","Partial",220000,"Train"
"164",164,45,"RL",55,5500,"Pave",NA,"Reg","Lvl","AllPub","Inside","Gtl","OldTown","Norm","Norm","1Fam","1.5Unf","4","6",1956,1956,"Gable","CompShg","MetalSd","MetalSd","None",0,"TA","TA","CBlock","TA","TA","No","Unf",0,"Unf",0,882,882,"GasA","Ex","Y","SBrkr",882,0,0,882,0,0,1,0,1,1,"TA",4,"Typ",0,NA,NA,NA,NA,0,0,NA,NA,"Y",0,0,0,0,0,0,NA,"MnPrv",NA,0,4,2007,"WD","Normal",103200,"Train"
"165",165,40,"RM",40,5400,"Pave","Pave","Reg","Lvl","AllPub","Corner","Gtl","OldTown","Norm","Norm","1Fam","1Story","6","7",1926,2004,"Gable","CompShg","MetalSd","MetalSd","None",0,"TA","Gd","BrkTil","TA","TA","Mn","LwQ",370,"Unf",0,779,1149,"GasA","Gd","Y","FuseA",1149,467,0,1616,0,0,2,0,3,1,"Gd",5,"Typ",0,NA,"Detchd",1926,"Unf",1,216,"TA","TA","Y",0,0,183,0,0,0,NA,NA,NA,0,10,2007,"WD","Normal",152000,"Train"
"166",166,190,"RL",62,10106,"Pave",NA,"Reg","Lvl","AllPub","Inside","Gtl","Edwards","Norm","Norm","2fmCon","1.5Fin","5","7",1940,1999,"Gable","CompShg","Wd Sdng","Wd Sdng","None",0,"TA","Gd","BrkTil","TA","TA","No","ALQ",351,"Rec",181,112,644,"GasA","Gd","Y","SBrkr",808,547,0,1355,1,0,2,0,4,2,"TA",6,"Typ",0,NA,NA,NA,NA,0,0,NA,NA,"Y",140,0,0,0,0,0,NA,NA,NA,0,9,2008,"WD","Normal",127500,"Train"
"167",167,20,"RL",NA,10708,"Pave",NA,"IR1","Lvl","AllPub","Inside","Gtl","ClearCr","Norm","Norm","1Fam","1Story","5","5",1955,1993,"Hip","CompShg","Wd Sdng","Wd Sdng","None",0,"Gd","TA","CBlock","TA","TA","No","LwQ",379,"BLQ",768,470,1617,"GasA","Ex","Y","FuseA",1867,0,0,1867,1,0,1,0,2,1,"TA",7,"Typ",3,"Gd","Attchd",1955,"Fin",1,303,"TA","TA","Y",476,0,0,0,142,0,NA,"GdWo",NA,0,11,2009,"COD","Normal",190000,"Train"
"168",168,60,"RL",86,10562,"Pave",NA,"Reg","Lvl","AllPub","Inside","Gtl","NridgHt","Norm","Norm","1Fam","2Story","8","5",2007,2007,"Gable","CompShg","VinylSd","VinylSd","Stone",300,"Gd","TA","PConc","Ex","TA","No","GLQ",1288,"Unf",0,294,1582,"GasA","Ex","Y","SBrkr",1610,551,0,2161,1,0,1,1,3,1,"Ex",8,"Typ",1,"Gd","Attchd",2007,"Fin",3,789,"TA","TA","Y",178,120,0,0,0,0,NA,NA,NA,0,11,2007,"New","Partial",325624,"Train"
"169",169,60,"RL",62,8244,"Pave",NA,"IR1","Lvl","AllPub","Inside","Gtl","Gilbert","Norm","Norm","1Fam","2Story","7","5",2004,2004,"Gable","CompShg","VinylSd","VinylSd","None",0,"Gd","TA","PConc","Gd","TA","No","Unf",0,"Unf",0,840,840,"GasA","Ex","Y","SBrkr",840,880,0,1720,0,0,2,1,3,1,"Gd",7,"Typ",1,"Gd","Attchd",2004,"Fin",2,440,"TA","TA","Y",100,48,0,0,0,0,NA,NA,NA,0,5,2007,"WD","Normal",183500,"Train"
"170",170,20,"RL",NA,16669,"Pave",NA,"IR1","Lvl","AllPub","Corner","Gtl","Timber","Norm","Norm","1Fam","1Story","8","6",1981,1981,"Hip","WdShake","Plywood","Plywood","BrkFace",653,"Gd","TA","CBlock","Gd","TA","No","Unf",0,"Unf",0,1686,1686,"GasA","TA","Y","SBrkr",1707,0,0,1707,0,0,2,1,2,1,"TA",6,"Typ",1,"TA","Attchd",1981,"RFn",2,511,"TA","TA","Y",574,64,0,0,0,0,NA,NA,NA,0,1,2006,"WD","Normal",228000,"Train"
"171",171,50,"RM",NA,12358,"Pave",NA,"IR1","Lvl","AllPub","Inside","Gtl","OldTown","Feedr","Norm","1Fam","1.5Fin","5","6",1941,1950,"Gable","CompShg","MetalSd","MetalSd","None",0,"TA","TA","CBlock","TA","TA","No","Rec",360,"Unf",0,360,720,"GasA","TA","Y","SBrkr",854,0,528,1382,0,0,1,1,2,1,"TA",7,"Typ",0,NA,"Detchd",1991,"Unf",2,660,"TA","TA","Y",237,0,0,0,0,0,NA,NA,NA,0,5,2007,"WD","Normal",128500,"Train"
"172",172,20,"RL",141,31770,"Pave",NA,"IR1","Lvl","AllPub","Corner","Gtl","NAmes","Norm","Norm","1Fam","1Story","6","5",1960,1960,"Hip","CompShg","BrkFace","Plywood","Stone",112,"TA","TA","CBlock","TA","Gd","Gd","BLQ",639,"Unf",0,441,1080,"GasA","Fa","Y","SBrkr",1656,0,0,1656,1,0,1,0,3,1,"TA",7,"Typ",2,"Gd","Attchd",1960,"Fin",2,528,"TA","TA","P",210,62,0,0,0,0,NA,NA,NA,0,5,2010,"WD","Normal",215000,"Train"
"173",173,160,"RL",44,5306,"Pave",NA,"IR1","Lvl","AllPub","Inside","Gtl","StoneBr","Norm","Norm","TwnhsE","2Story","7","7",1987,1987,"Gable","CompShg","HdBoard","HdBoard","None",0,"Gd","Gd","PConc","Gd","Gd","No","GLQ",495,"Rec",215,354,1064,"GasA","Gd","Y","SBrkr",1064,703,0,1767,1,0,2,0,2,1,"Gd",5,"Typ",1,"TA","Attchd",1987,"RFn",2,504,"Gd","TA","Y",441,35,0,0,0,0,NA,NA,NA,0,6,2006,"WD","Normal",239000,"Train"
"174",174,20,"RL",80,10197,"Pave",NA,"IR1","Lvl","AllPub","Inside","Gtl","NAmes","Norm","Norm","1Fam","1Story","6","5",1961,1961,"Gable","CompShg","WdShing","Wd Shng","BrkCmn",491,"TA","TA","CBlock","TA","TA","No","ALQ",288,"Rec",374,700,1362,"GasA","TA","Y","SBrkr",1362,0,0,1362,1,0,1,1,3,1,"TA",6,"Typ",1,"TA","Attchd",1961,"Unf",2,504,"TA","TA","Y",0,20,0,0,0,0,NA,NA,NA,0,6,2008,"COD","Normal",163000,"Train"
"175",175,20,"RL",47,12416,"Pave",NA,"IR1","Lvl","AllPub","Inside","Gtl","Timber","Norm","Norm","1Fam","1Story","6","5",1986,1986,"Gable","CompShg","VinylSd","Plywood","Stone",132,"TA","TA","CBlock","Gd","Fa","No","ALQ",1398,"LwQ",208,0,1606,"GasA","TA","Y","SBrkr",1651,0,0,1651,1,0,2,0,3,1,"TA",7,"Min2",1,"TA","Attchd",1986,"Fin",2,616,"TA","TA","Y",192,0,0,0,0,0,NA,NA,NA,0,11,2008,"WD","Normal",184000,"Train"
"176",176,20,"RL",84,12615,"Pave",NA,"Reg","Lvl","AllPub","Corner","Gtl","Edwards","Norm","Norm","1Fam","1Story","6","7",1950,2001,"Gable","CompShg","WdShing","Wd Shng","None",0,"TA","TA","CBlock","TA","Gd","Av","ALQ",477,"Unf",0,725,1202,"GasA","TA","Y","SBrkr",2158,0,0,2158,1,0,2,0,4,1,"Gd",7,"Typ",1,"Gd","Attchd",1950,"Unf",2,576,"TA","TA","Y",0,29,39,0,0,0,NA,"MnPrv",NA,0,6,2007,"WD","Normal",243000,"Train"
"177",177,60,"RL",97,10029,"Pave",NA,"IR1","Lvl","AllPub","Corner","Gtl","ClearCr","Norm","Norm","1Fam","2Story","6","5",1988,1989,"Gable","CompShg","Plywood","Plywood","BrkFace",268,"Gd","TA","PConc","Gd","TA","No","GLQ",831,"Unf",0,320,1151,"GasA","TA","Y","SBrkr",1164,896,0,2060,0,1,2,1,4,1,"TA",8,"Typ",1,"TA","Attchd",1988,"Unf",2,521,"TA","TA","Y",0,228,0,0,192,0,NA,NA,NA,0,9,2007,"WD","Normal",211000,"Train"
"178",178,50,"RL",NA,13650,"Pave",NA,"Reg","Lvl","AllPub","Inside","Gtl","Sawyer","Norm","Norm","1Fam","1.5Fin","5","5",1958,1958,"Gable","CompShg","MetalSd","MetalSd","None",0,"Gd","Gd","CBlock","TA","TA","No","ALQ",57,"BLQ",441,554,1052,"GasA","Ex","Y","SBrkr",1252,668,0,1920,1,0,2,0,4,1,"Gd",8,"Typ",1,"Gd","Attchd",1958,"Unf",2,451,"TA","TA","Y",0,0,0,0,0,0,NA,NA,NA,0,7,2006,"WD","Normal",172500,"Train"
"179",179,20,"RL",63,17423,"Pave",NA,"IR1","Lvl","AllPub","CulDSac","Gtl","StoneBr","Norm","Norm","1Fam","1Story","9","5",2008,2009,"Hip","CompShg","VinylSd","VinylSd","Stone",748,"Ex","TA","PConc","Ex","TA","No","GLQ",1904,"Unf",0,312,2216,"GasA","Ex","Y","SBrkr",2234,0,0,2234,1,0,2,0,1,1,"Ex",9,"Typ",1,"Gd","Attchd",2009,"Fin",3,1166,"TA","TA","Y",0,60,0,0,0,0,NA,NA,NA,0,7,2009,"New","Partial",501837,"Train"
"180",180,30,"RM",60,8520,"Pave",NA,"Reg","Lvl","AllPub","Inside","Gtl","OldTown","Norm","Norm","1Fam","1Story","5","6",1923,2006,"Gable","CompShg","Wd Sdng","Wd Sdng","None",0,"Gd","TA","CBlock","TA","TA","No","Unf",0,"Unf",0,968,968,"GasA","TA","Y","SBrkr",968,0,0,968,0,0,1,0,2,1,"TA",5,"Typ",0,NA,"Detchd",1935,"Unf",2,480,"Fa","TA","N",0,0,184,0,0,0,NA,NA,NA,0,7,2007,"WD","Normal",1e+05,"Train"
"181",181,160,"FV",NA,2117,"Pave",NA,"Reg","Lvl","AllPub","Inside","Gtl","Somerst","Norm","Norm","Twnhs","2Story","6","5",2000,2000,"Gable","CompShg","MetalSd","MetalSd","BrkFace",456,"Gd","TA","PConc","Gd","TA","No","GLQ",436,"Unf",0,320,756,"GasA","Ex","Y","SBrkr",769,756,0,1525,0,0,2,1,3,1,"Gd",5,"Typ",1,"TA","Detchd",2000,"Unf",2,440,"TA","TA","Y",0,0,0,0,0,0,NA,NA,NA,0,6,2007,"WD","Normal",177000,"Train"
"182",182,70,"RL",54,7588,"Pave",NA,"Reg","Lvl","AllPub","Inside","Gtl","Crawfor","Norm","Norm","1Fam","2Story","7","6",1920,1950,"Gable","CompShg","Stucco","Stucco","None",0,"TA","TA","BrkTil","Fa","TA","No","LwQ",352,"Unf",0,441,793,"GasA","Gd","Y","SBrkr",901,901,0,1802,0,0,1,1,4,1,"TA",9,"Typ",1,"Gd","Detchd",1920,"Unf",1,216,"Fa","TA","Y",0,0,40,0,0,0,NA,NA,NA,0,7,2006,"WD","Normal",200100,"Train"
"183",183,20,"RL",60,9060,"Pave",NA,"Reg","Lvl","AllPub","Inside","Gtl","Edwards","Artery","Norm","1Fam","1Story","5","6",1957,2006,"Hip","CompShg","Wd Sdng","Wd Sdng","BrkFace",98,"TA","TA","PConc",NA,NA,NA,NA,0,NA,0,0,0,"GasA","Ex","Y","SBrkr",1340,0,0,1340,0,0,1,0,3,1,"TA",7,"Typ",1,"Gd","Attchd",1957,"RFn",1,252,"TA","TA","Y",116,0,0,180,0,0,NA,"MnPrv",NA,0,6,2007,"WD","Normal",120000,"Train"
"184",184,50,"RM",63,11426,"Pave",NA,"Reg","Lvl","AllPub","Inside","Gtl","OldTown","Norm","Norm","1Fam","1.5Fin","7","5",2003,2003,"Gable","CompShg","VinylSd","VinylSd","None",0,"TA","TA","PConc","Gd","TA","No","Unf",0,"Unf",0,1362,1362,"GasA","Ex","Y","SBrkr",1362,720,0,2082,0,0,2,1,3,1,"Gd",6,"Mod",0,NA,"Detchd",2003,"Unf",2,484,"TA","TA","N",280,238,0,0,0,0,NA,NA,NA,0,6,2008,"WD","Normal",2e+05,"Train"
"185",185,50,"RL",92,7438,"Pave",NA,"IR1","Lvl","AllPub","Inside","Gtl","BrkSide","RRAn","Feedr","1Fam","1.5Fin","5","8",1908,1991,"Gable","CompShg","AsbShng","Plywood","None",0,"TA","TA","PConc","Fa","TA","No","Unf",0,"Unf",0,504,504,"GasA","Gd","Y","SBrkr",936,316,0,1252,0,0,1,0,3,1,"TA",5,"Typ",0,NA,"Attchd",1986,"Unf",2,576,"TA","TA","Y",104,0,0,0,0,0,NA,"MnPrv",NA,0,6,2006,"WD","Normal",127000,"Train"
"186",186,75,"RM",90,22950,"Pave",NA,"IR2","Lvl","AllPub","Inside","Gtl","OldTown","Artery","Norm","1Fam","2.5Fin","10","9",1892,1993,"Gable","WdShngl","Wd Sdng","Wd Sdng","None",0,"Gd","Gd","BrkTil","TA","TA","Mn","Unf",0,"Unf",0,1107,1107,"GasA","Ex","Y","SBrkr",1518,1518,572,3608,0,0,2,1,4,1,"Ex",12,"Typ",2,"TA","Detchd",1993,"Unf",3,840,"Ex","TA","Y",0,260,0,0,410,0,NA,"GdPrv",NA,0,6,2006,"WD","Normal",475000,"Train"
"187",187,80,"RL",NA,9947,"Pave",NA,"IR1","Lvl","AllPub","CulDSac","Gtl","Mitchel","Norm","Norm","1Fam","SLvl","7","5",1990,1991,"Gable","CompShg","HdBoard","HdBoard","None",0,"TA","TA","PConc","Gd","TA","Av","GLQ",611,"Unf",0,577,1188,"GasA","Ex","Y","SBrkr",1217,0,0,1217,1,0,2,0,3,1,"Gd",6,"Typ",0,NA,"Attchd",1990,"Unf",2,497,"TA","TA","Y",168,27,0,0,0,0,NA,"GdPrv",NA,0,6,2009,"WD","Normal",173000,"Train"
"188",188,50,"RL",60,10410,"Pave",NA,"Reg","Lvl","AllPub","Inside","Gtl","OldTown","Norm","Norm","1Fam","1.5Fin","5","7",1916,1987,"Gable","CompShg","HdBoard","HdBoard","None",0,"TA","TA","CBlock","Fa","TA","No","Unf",0,"Unf",0,660,660,"GasA","Ex","Y","SBrkr",808,704,144,1656,0,0,2,1,3,1,"TA",8,"Min2",0,NA,"Detchd",1916,"Unf",1,180,"Fa","Fa","N",0,0,0,140,0,0,NA,"MnPrv",NA,0,8,2009,"WD","Normal",135000,"Train"
"189",189,90,"RL",64,7018,"Pave",NA,"Reg","Bnk","AllPub","Inside","Gtl","SawyerW","Feedr","Norm","Duplex","SFoyer","5","5",1979,1979,"Gable","CompShg","Plywood","Plywood","Stone",275,"TA","TA","CBlock","Gd","TA","Av","GLQ",1086,"Unf",0,0,1086,"GasA","TA","Y","SBrkr",1224,0,0,1224,2,0,0,2,2,2,"TA",6,"Typ",2,"TA","Detchd",1979,"Unf",2,528,"TA","TA","Y",120,0,0,0,0,0,NA,NA,NA,0,6,2009,"WD","Alloca",153337,"Train"
"190",190,120,"RL",41,4923,"Pave",NA,"Reg","Lvl","AllPub","Inside","Gtl","StoneBr","Norm","Norm","TwnhsE","1Story","8","5",2001,2002,"Gable","CompShg","CemntBd","CmentBd","None",0,"Gd","TA","PConc","Ex","TA","Av","GLQ",1153,"Unf",0,440,1593,"GasA","Ex","Y","SBrkr",1593,0,0,1593,1,0,1,1,0,1,"Ex",5,"Typ",1,"Gd","Attchd",2001,"Fin",2,682,"TA","TA","Y",0,120,0,0,224,0,NA,NA,NA,0,8,2008,"WD","Normal",286000,"Train"
"191",191,70,"RL",70,10570,"Pave",NA,"Reg","Bnk","AllPub","Inside","Mod","Crawfor","Norm","Norm","1Fam","2Story","8","8",1932,1994,"Hip","CompShg","BrkFace","BrkFace","None",0,"Gd","TA","CBlock","Gd","Gd","No","Rec",297,"Unf",0,556,853,"GasA","TA","Y","SBrkr",1549,1178,0,2727,0,0,2,1,3,1,"Gd",10,"Maj1",2,"TA","Detchd",1932,"Unf",2,440,"TA","TA","Y",0,74,0,0,0,0,NA,NA,NA,0,12,2007,"WD","Normal",315000,"Train"
"192",192,60,"RL",NA,7472,"Pave",NA,"IR1","Lvl","AllPub","CulDSac","Gtl","NAmes","Norm","Norm","1Fam","2Story","7","9",1972,2004,"Gable","CompShg","HdBoard","HdBoard","BrkFace",138,"TA","TA","CBlock","TA","TA","No","ALQ",626,"Unf",0,99,725,"GasA","Gd","Y","SBrkr",725,754,0,1479,1,0,1,1,4,1,"Gd",7,"Typ",0,NA,"Attchd",1972,"Fin",2,484,"TA","TA","Y",0,32,0,0,0,0,NA,NA,NA,0,6,2007,"WD","Normal",184000,"Train"
"193",193,20,"RL",68,9017,"Pave",NA,"IR1","Lvl","AllPub","Inside","Gtl","CollgCr","Norm","Norm","1Fam","1Story","7","5",1999,1999,"Gable","CompShg","VinylSd","VinylSd","None",0,"Gd","TA","PConc","Gd","TA","Av","GLQ",560,"Unf",0,871,1431,"GasA","Ex","Y","SBrkr",1431,0,0,1431,1,0,2,0,3,1,"Gd",6,"Typ",0,NA,"Attchd",1999,"Fin",2,666,"TA","TA","Y",0,35,0,0,0,0,NA,NA,NA,0,9,2009,"WD","Normal",192000,"Train"
"194",194,160,"RM",24,2522,"Pave",NA,"Reg","Lvl","AllPub","Inside","Gtl","Edwards","Norm","Norm","Twnhs","2Story","7","5",2004,2004,"Gable","CompShg","VinylSd","VinylSd","Stone",50,"Gd","TA","PConc","Gd","TA","No","Unf",0,"Unf",0,970,970,"GasA","Ex","Y","SBrkr",970,739,0,1709,0,0,2,0,3,1,"Gd",7,"Maj1",0,NA,"Detchd",2004,"Unf",2,380,"TA","TA","Y",0,40,0,0,0,0,NA,NA,NA,0,5,2006,"WD","Normal",130000,"Train"
"195",195,20,"RL",60,7180,"Pave",NA,"IR1","Lvl","AllPub","Inside","Gtl","CollgCr","Norm","Norm","1Fam","1Story","5","7",1972,1972,"Hip","CompShg","HdBoard","HdBoard","None",0,"TA","TA","CBlock","TA","TA","Av","ALQ",390,"Unf",0,474,864,"GasA","TA","Y","SBrkr",864,0,0,864,0,0,1,0,3,1,"TA",5,"Typ",0,NA,"Detchd",1989,"Unf",1,352,"TA","TA","Y",0,0,0,0,0,0,NA,NA,NA,0,5,2008,"WD","Normal",127000,"Train"
"196",196,160,"RL",24,2280,"Pave",NA,"Reg","Lvl","AllPub","FR2","Gtl","NPkVill","Norm","Norm","Twnhs","2Story","6","6",1976,1976,"Gable","CompShg","Plywood","Brk Cmn","None",0,"TA","TA","CBlock","Gd","TA","No","ALQ",566,"Unf",0,289,855,"GasA","TA","Y","SBrkr",855,601,0,1456,0,0,2,1,3,1,"TA",7,"Typ",1,"TA","Attchd",1976,"Unf",2,440,"TA","TA","Y",87,0,0,0,0,0,NA,NA,NA,0,7,2009,"WD","Normal",148500,"Train"
"197",197,20,"RL",79,9416,"Pave",NA,"Reg","Lvl","AllPub","Inside","Gtl","Somerst","Norm","Norm","1Fam","1Story","7","5",2007,2007,"Hip","CompShg","CemntBd","CmentBd","Stone",205,"Ex","TA","PConc","Ex","TA","No","GLQ",1126,"Unf",0,600,1726,"GasA","Ex","Y","SBrkr",1726,0,0,1726,1,0,2,0,3,1,"Ex",8,"Typ",1,"Gd","Attchd",2007,"Fin",3,786,"TA","TA","Y",171,138,0,0,266,0,NA,NA,NA,0,9,2007,"New","Partial",311872,"Train"
"198",198,75,"RL",174,25419,"Pave",NA,"Reg","Lvl","AllPub","Corner","Gtl","NAmes","Artery","Norm","1Fam","2Story","8","4",1918,1990,"Gable","CompShg","Stucco","Stucco","None",0,"Gd","Gd","PConc","TA","TA","No","GLQ",1036,"LwQ",184,140,1360,"GasA","Gd","Y","SBrkr",1360,1360,392,3112,1,1,2,0,4,1,"Gd",8,"Typ",1,"Ex","Detchd",1918,"Unf",2,795,"TA","TA","Y",0,16,552,0,0,512,"Ex","GdPrv",NA,0,3,2006,"WD","Abnorml",235000,"Train"
"199",199,75,"RM",92,5520,"Pave",NA,"Reg","Lvl","AllPub","Corner","Gtl","OldTown","Norm","Norm","1Fam","2.5Fin","6","6",1912,1950,"Gable","CompShg","Wd Sdng","Wd Sdng","None",0,"TA","TA","CBlock","TA","TA","No","Unf",0,"Unf",0,755,755,"GasA","Ex","Y","SBrkr",929,929,371,2229,0,0,1,0,5,1,"TA",8,"Typ",0,NA,NA,NA,NA,0,0,NA,NA,"Y",0,198,30,0,0,0,NA,"MnPrv",NA,0,7,2009,"WD","Abnorml",104000,"Train"
"200",200,20,"RL",76,9591,"Pave",NA,"Reg","Lvl","AllPub","Inside","Gtl","NridgHt","Norm","Norm","1Fam","1Story","8","5",2004,2005,"Hip","CompShg","VinylSd","VinylSd","BrkFace",262,"Gd","TA","PConc","Ex","TA","Av","GLQ",1088,"Unf",0,625,1713,"GasA","Ex","Y","SBrkr",1713,0,0,1713,1,0,2,0,3,1,"Ex",7,"Typ",1,"Gd","Attchd",2004,"Fin",3,856,"TA","TA","Y",0,26,0,0,170,0,NA,NA,NA,0,1,2009,"WD","Normal",274900,"Train"
"201",201,20,"RM",80,8546,"Pave",NA,"Reg","Lvl","AllPub","Corner","Gtl","Edwards","Norm","Norm","1Fam","1Story","4","5",2003,2004,"Gable","CompShg","VinylSd","VinylSd","None",0,"TA","TA","PConc","Gd","TA","No","Unf",0,"Unf",0,1121,1121,"GasA","Ex","Y","SBrkr",1121,0,0,1121,0,0,2,0,2,1,"TA",5,"Typ",0,NA,"Attchd",2003,"RFn",2,440,"TA","TA","Y",132,64,0,0,0,0,NA,NA,NA,0,3,2010,"WD","Normal",140000,"Train"
"202",202,20,"RL",75,10125,"Pave",NA,"Reg","Lvl","AllPub","Inside","Gtl","Mitchel","Norm","Norm","1Fam","1Story","6","6",1977,1977,"Gable","CompShg","Plywood","Plywood","None",0,"TA","TA","CBlock","TA","TA","No","ALQ",641,"LwQ",279,276,1196,"GasA","TA","Y","SBrkr",1279,0,0,1279,0,1,2,0,3,1,"TA",6,"Typ",2,"Fa","Detchd",1980,"Unf",2,473,"TA","TA","Y",238,83,0,0,0,0,NA,"MnPrv",NA,0,2,2008,"WD","Normal",171500,"Train"
"203",203,50,"RL",50,7000,"Pave",NA,"Reg","Lvl","AllPub","Corner","Gtl","OldTown","Artery","Norm","1Fam","1.5Fin","6","6",1924,1950,"Gable","CompShg","MetalSd","MetalSd","None",0,"TA","Gd","BrkTil","Fa","TA","No","LwQ",617,"Unf",0,0,617,"GasA","Gd","Y","SBrkr",865,445,0,1310,0,0,2,0,2,1,"TA",6,"Min1",0,NA,"Attchd",1924,"Unf",1,398,"TA","TA","Y",0,0,126,0,0,0,NA,NA,NA,0,5,2006,"COD","Normal",112000,"Train"
"204",204,120,"RM",NA,4438,"Pave",NA,"Reg","Lvl","AllPub","Inside","Gtl","CollgCr","Norm","Norm","TwnhsE","1Story","6","5",2004,2004,"Gable","CompShg","VinylSd","VinylSd","BrkFace",205,"Gd","TA","PConc","Gd","TA","Av","GLQ",662,"Unf",0,186,848,"GasA","Ex","Y","SBrkr",848,0,0,848,1,0,1,0,1,1,"Gd",3,"Typ",1,"Gd","Attchd",2004,"RFn",2,420,"TA","TA","Y",149,0,0,0,0,0,NA,NA,NA,0,1,2008,"WD","Normal",149000,"Train"
"205",205,50,"RM",50,3500,"Pave","Grvl","Reg","Lvl","AllPub","Inside","Gtl","OldTown","Norm","Norm","1Fam","1.5Fin","5","7",1947,1950,"Gable","CompShg","AsbShng","AsbShng","None",0,"TA","TA","CBlock","TA","TA","No","LwQ",312,"Unf",0,408,720,"GasA","TA","Y","SBrkr",720,564,0,1284,0,0,1,1,2,1,"TA",5,"Typ",0,NA,"Detchd",1948,"Unf",1,240,"TA","TA","Y",0,35,0,0,0,0,NA,"MnWw",NA,0,4,2009,"WD","Normal",110000,"Train"
"206",206,20,"RL",99,11851,"Pave",NA,"Reg","Lvl","AllPub","Corner","Gtl","Gilbert","Norm","Norm","1Fam","1Story","7","5",1990,1990,"Gable","CompShg","HdBoard","HdBoard","None",0,"TA","TA","PConc","Gd","TA","No","Unf",0,"Unf",0,1424,1424,"GasA","Ex","Y","SBrkr",1442,0,0,1442,0,0,2,0,3,1,"TA",5,"Typ",0,NA,"Attchd",1990,"RFn",2,500,"TA","TA","Y",0,34,0,508,0,0,NA,NA,NA,0,5,2009,"WD","Normal",180500,"Train"
"207",207,20,"RL",40,13673,"Pave",NA,"IR1","Lvl","AllPub","CulDSac","Gtl","Sawyer","RRAe","Norm","1Fam","1Story","5","5",1962,1962,"Gable","CompShg","HdBoard","HdBoard","None",0,"TA","Gd","CBlock","TA","TA","No","Unf",0,"Unf",0,1140,1140,"GasA","TA","Y","SBrkr",1696,0,0,1696,0,0,1,1,3,1,"TA",8,"Min2",1,"TA","Attchd",1962,"RFn",1,349,"TA","TA","Y",0,30,0,0,0,0,NA,NA,NA,0,3,2007,"WD","Normal",143900,"Train"
"208",208,20,"RL",NA,12493,"Pave",NA,"IR1","Lvl","AllPub","Inside","Gtl","NAmes","Norm","Norm","1Fam","1Story","4","5",1960,1960,"Gable","CompShg","Wd Sdng","Wd Sdng","None",0,"TA","TA","PConc","TA","TA","No","ALQ",419,"Rec",306,375,1100,"GasA","TA","Y","SBrkr",1100,0,0,1100,1,0,1,0,3,1,"TA",6,"Typ",1,"Po","Attchd",1960,"RFn",1,312,"TA","TA","Y",355,0,0,0,0,0,NA,"GdWo",NA,0,4,2008,"WD","Normal",141000,"Train"
"209",209,60,"RL",NA,14364,"Pave",NA,"IR1","Low","AllPub","Inside","Mod","SawyerW","Norm","Norm","1Fam","2Story","7","5",1988,1989,"Gable","CompShg","Plywood","Plywood","BrkFace",128,"Gd","TA","CBlock","Gd","TA","Gd","GLQ",1065,"Unf",0,92,1157,"GasA","Ex","Y","SBrkr",1180,882,0,2062,1,0,2,1,3,1,"TA",7,"Typ",1,"Gd","Attchd",1988,"Fin",2,454,"TA","TA","Y",60,55,0,0,154,0,NA,NA,NA,0,4,2007,"WD","Normal",277000,"Train"
"210",210,20,"RL",75,8250,"Pave",NA,"Reg","Lvl","AllPub","Inside","Gtl","NAmes","Norm","Norm","1Fam","1Story","6","7",1964,1964,"Hip","CompShg","HdBoard","HdBoard","Stone",260,"TA","TA","CBlock","Gd","TA","No","Rec",787,"Unf",0,305,1092,"GasA","Ex","Y","SBrkr",1092,0,0,1092,1,0,1,0,3,1,"TA",6,"Typ",0,NA,"Attchd",1964,"RFn",2,504,"TA","Gd","Y",0,0,0,0,0,0,NA,"MnPrv",NA,0,7,2008,"WD","Normal",145000,"Train"
"211",211,30,"RL",67,5604,"Pave",NA,"Reg","Lvl","AllPub","Inside","Gtl","Edwards","Norm","Norm","1Fam","1Story","5","6",1925,1950,"Gable","CompShg","Stucco","Stucco","None",0,"TA","TA","CBlock","TA","TA","No","Rec",468,"Unf",0,396,864,"GasA","TA","N","FuseA",864,0,0,864,1,0,1,0,2,1,"TA",5,"Typ",0,NA,NA,NA,NA,0,0,NA,NA,"Y",0,0,96,0,0,0,NA,NA,NA,0,4,2008,"WD","Normal",98000,"Train"
"212",212,20,"RL",83,10420,"Pave",NA,"Reg","Lvl","AllPub","Corner","Gtl","Edwards","Norm","Norm","1Fam","1Story","6","5",2009,2009,"Gable","CompShg","VinylSd","VinylSd","None",0,"TA","TA","PConc","Gd","TA","Mn","GLQ",36,"Unf",0,1176,1212,"GasA","Ex","Y","SBrkr",1212,0,0,1212,0,0,2,0,3,1,"Gd",6,"Typ",0,NA,"Attchd",2009,"RFn",2,460,"TA","TA","Y",100,22,0,0,0,0,NA,NA,NA,0,3,2010,"WD","Normal",186000,"Train"
"213",213,60,"FV",72,8640,"Pave",NA,"Reg","Lvl","AllPub","Inside","Gtl","Somerst","Norm","Norm","1Fam","2Story","7","5",2009,2009,"Gable","CompShg","VinylSd","VinylSd","None",0,"TA","TA","PConc","Gd","TA","No","GLQ",822,"Unf",0,78,900,"GasA","Ex","Y","SBrkr",932,920,0,1852,1,0,2,1,3,1,"Gd",7,"Typ",1,"TA","Attchd",2009,"RFn",2,644,"TA","TA","Y",168,108,0,0,0,0,NA,NA,NA,0,7,2009,"New","Partial",252678,"Train"
"214",214,20,"RL",43,13568,"Pave",NA,"IR2","Lvl","AllPub","CulDSac","Gtl","CollgCr","Norm","Norm","1Fam","1Story","5","5",1995,1995,"Gable","CompShg","VinylSd","VinylSd","None",0,"TA","TA","PConc","Gd","TA","No","ALQ",716,"Unf",0,274,990,"GasA","Ex","Y","SBrkr",990,0,0,990,0,1,1,0,3,1,"TA",5,"Typ",0,NA,"Attchd",1996,"Unf",2,576,"TA","TA","Y",224,0,0,0,0,0,NA,NA,NA,0,7,2006,"WD","Normal",156000,"Train"
"215",215,60,"RL",NA,10900,"Pave",NA,"IR1","Lvl","AllPub","FR2","Gtl","CollgCr","Norm","Norm","1Fam","2Story","6","7",1977,1977,"Gable","CompShg","HdBoard","HdBoard","BrkFace",153,"TA","TA","CBlock","Gd","TA","No","GLQ",378,"Unf",0,311,689,"GasA","Ex","Y","SBrkr",689,703,0,1392,0,0,1,1,3,1,"TA",6,"Typ",0,NA,"Attchd",1977,"Fin",1,299,"TA","TA","Y",0,36,0,0,0,0,NA,"MnPrv","Shed",450,3,2010,"WD","Normal",161750,"Train"
"216",216,20,"RL",72,10011,"Pave",NA,"IR1","Lvl","AllPub","Inside","Gtl","NAmes","Norm","Norm","1Fam","1Story","5","6",1957,1996,"Gable","CompShg","HdBoard","HdBoard","BrkFace",64,"TA","TA","CBlock","TA","TA","No","BLQ",360,"Unf",0,710,1070,"GasA","TA","Y","SBrkr",1236,0,0,1236,0,1,1,0,2,1,"Gd",6,"Min1",1,"Fa","Attchd",1957,"Unf",1,447,"TA","TA","Y",0,0,0,0,0,0,NA,"MnPrv",NA,0,5,2006,"WD","Normal",134450,"Train"
"217",217,20,"RL",65,8450,"Pave",NA,"Reg","Lvl","AllPub","Inside","Gtl","CollgCr","Norm","Norm","1Fam","1Story","7","5",2004,2004,"Gable","CompShg","VinylSd","VinylSd","BrkFace",266,"Gd","TA","PConc","Gd","TA","Mn","GLQ",946,"Unf",0,490,1436,"GasA","Ex","Y","SBrkr",1436,0,0,1436,1,0,2,0,3,1,"Gd",8,"Typ",0,NA,"Attchd",2004,"Unf",2,484,"TA","TA","Y",139,98,0,0,0,0,NA,NA,NA,0,4,2008,"WD","Normal",210000,"Train"
"218",218,70,"RM",57,9906,"Pave","Grvl","Reg","Lvl","AllPub","Inside","Gtl","OldTown","Norm","Norm","1Fam","2Story","4","4",1925,1950,"Gable","CompShg","MetalSd","MetalSd","None",0,"TA","TA","CBlock","TA","TA","No","Unf",0,"Unf",0,686,686,"GasA","Fa","N","SBrkr",810,518,0,1328,0,0,1,0,3,1,"TA",8,"Typ",0,NA,"Detchd",1940,"Unf",1,210,"TA","TA","Y",0,172,60,0,0,0,NA,NA,NA,0,9,2006,"WD","Family",107000,"Train"
"219",219,50,"RL",NA,15660,"Pave",NA,"IR1","Lvl","AllPub","Corner","Gtl","Crawfor","Norm","Norm","1Fam","1.5Fin","7","9",1939,2006,"Gable","CompShg","VinylSd","VinylSd","BrkFace",312,"Gd","Gd","CBlock","TA","TA","No","BLQ",341,"Unf",0,457,798,"GasA","Ex","Y","SBrkr",1137,817,0,1954,0,1,1,1,3,1,"Gd",8,"Typ",2,"TA","Attchd",1939,"Unf",2,431,"TA","TA","Y",0,119,150,0,0,0,NA,NA,NA,0,5,2008,"WD","Normal",311500,"Train"
"220",220,120,"RL",43,3010,"Pave",NA,"Reg","Lvl","AllPub","Inside","Gtl","Blmngtn","Norm","Norm","TwnhsE","1Story","7","5",2005,2006,"Gable","CompShg","VinylSd","VinylSd","BrkFace",16,"Gd","TA","PConc","Gd","TA","Av","GLQ",16,"Unf",0,1232,1248,"GasA","Ex","Y","SBrkr",1248,0,0,1248,0,0,2,0,2,1,"Gd",5,"Typ",0,NA,"Attchd",2005,"Fin",2,438,"TA","TA","Y",108,0,0,0,0,0,NA,NA,NA,0,3,2006,"New","Partial",167240,"Train"
"221",221,20,"RL",73,8990,"Pave",NA,"IR1","Lvl","AllPub","Inside","Gtl","CollgCr","Norm","Norm","1Fam","1Story","7","5",2006,2006,"Gable","CompShg","VinylSd","VinylSd","None",0,"Gd","TA","PConc","Gd","TA","Mn","Unf",0,"Unf",0,1498,1498,"GasA","Ex","Y","SBrkr",1498,0,0,1498,0,0,2,0,2,1,"Gd",5,"Typ",0,NA,"Attchd",2006,"RFn",2,675,"TA","TA","Y",351,33,0,0,0,0,NA,NA,NA,0,4,2006,"New","Partial",204900,"Train"
"222",222,60,"RL",NA,8068,"Pave",NA,"IR1","Lvl","AllPub","Inside","Gtl","Gilbert","Norm","Norm","1Fam","2Story","6","5",2002,2002,"Gable","CompShg","VinylSd","VinylSd","None",0,"Gd","TA","PConc","Gd","TA","No","Unf",0,"Unf",0,1010,1010,"GasA","Ex","Y","SBrkr",1010,1257,0,2267,0,0,2,1,4,1,"Gd",8,"Typ",1,"TA","BuiltIn",2002,"RFn",2,390,"TA","TA","Y",120,46,0,0,0,0,NA,NA,NA,0,12,2009,"ConLI","Normal",2e+05,"Train"
"223",223,60,"RL",85,11475,"Pave",NA,"Reg","Lvl","AllPub","Inside","Gtl","NWAmes","RRAn","Norm","1Fam","2Story","6","6",1975,1975,"Gable","CompShg","VinylSd","VinylSd","None",0,"TA","TA","CBlock","Gd","TA","No","ALQ",550,"Unf",0,163,713,"GasA","TA","Y","SBrkr",811,741,0,1552,1,0,2,1,3,1,"TA",6,"Typ",1,"TA","Attchd",1975,"RFn",2,434,"TA","TA","Y",209,208,0,0,0,0,NA,"MnPrv",NA,0,2,2006,"WD","Normal",179900,"Train"
"224",224,20,"RL",70,10500,"Pave",NA,"Reg","Lvl","AllPub","FR2","Gtl","NAmes","Norm","Norm","1Fam","1Story","4","6",1971,1971,"Gable","CompShg","HdBoard","HdBoard","None",0,"TA","TA","CBlock","TA","TA","No","ALQ",524,"LwQ",180,160,864,"GasA","Gd","Y","SBrkr",864,0,0,864,0,0,1,0,2,1,"TA",4,"Typ",0,NA,"Detchd",1989,"Unf",2,576,"TA","TA","Y",216,0,0,0,0,0,NA,NA,NA,0,3,2009,"WD","Abnorml",97000,"Train"
"225",225,20,"RL",103,13472,"Pave",NA,"Reg","Lvl","AllPub","Inside","Gtl","NridgHt","Norm","Norm","1Fam","1Story","10","5",2003,2003,"Hip","CompShg","VinylSd","VinylSd","BrkFace",922,"Ex","TA","PConc","Ex","TA","Gd","GLQ",56,"Unf",0,2336,2392,"GasA","Ex","Y","SBrkr",2392,0,0,2392,0,0,2,0,3,1,"Ex",8,"Typ",1,"Ex","Attchd",2003,"Fin",3,968,"TA","TA","Y",248,105,0,0,0,0,NA,NA,NA,0,6,2009,"WD","Normal",386250,"Train"
"226",226,160,"RM",21,1680,"Pave",NA,"Reg","Lvl","AllPub","Inside","Gtl","BrDale","Norm","Norm","Twnhs","2Story","5","5",1971,1971,"Gable","CompShg","HdBoard","HdBoard","BrkFace",142,"TA","TA","CBlock","TA","TA","No","Unf",0,"Unf",0,630,630,"GasA","TA","Y","SBrkr",630,672,0,1302,0,0,2,1,3,1,"TA",6,"Typ",0,NA,"Detchd",1991,"Unf",1,280,"TA","TA","Y",0,0,0,0,0,0,NA,NA,NA,0,5,2009,"COD","Abnorml",112000,"Train"
"227",227,60,"RL",82,9950,"Pave",NA,"IR1","Lvl","AllPub","Inside","Gtl","NoRidge","Norm","Norm","1Fam","2Story","7","5",1995,1995,"Gable","CompShg","VinylSd","VinylSd","BrkFace",290,"Gd","TA","PConc","Gd","TA","No","GLQ",565,"Unf",0,638,1203,"GasA","Ex","Y","SBrkr",1214,1306,0,2520,0,0,2,1,4,1,"Gd",9,"Typ",1,"TA","Attchd",1995,"RFn",3,721,"TA","TA","Y",224,114,0,0,0,0,NA,NA,NA,0,6,2007,"WD","Abnorml",290000,"Train"
"228",228,160,"RM",21,1869,"Pave",NA,"Reg","Lvl","AllPub","Inside","Gtl","BrDale","Norm","Norm","Twnhs","2Story","6","6",1970,1970,"Gable","CompShg","HdBoard","HdBoard","BrkFace",127,"TA","TA","CBlock","TA","TA","No","Rec",321,"Unf",0,162,483,"GasA","TA","Y","SBrkr",483,504,0,987,0,0,1,1,2,1,"TA",5,"Typ",0,NA,"Detchd",1987,"Unf",1,280,"TA","TA","Y",0,0,0,0,0,0,NA,NA,NA,0,9,2008,"WD","Normal",106000,"Train"
"229",229,20,"RL",70,8521,"Pave",NA,"Reg","Lvl","AllPub","FR2","Gtl","Sawyer","Feedr","Norm","1Fam","1Story","5","5",1967,1967,"Gable","CompShg","HdBoard","HdBoard","None",0,"TA","TA","CBlock","TA","TA","No","ALQ",842,"Unf",0,70,912,"GasA","TA","Y","SBrkr",912,0,0,912,0,0,1,0,3,1,"TA",5,"Typ",1,"Fa","Detchd",1974,"Unf",1,336,"TA","TA","Y",0,0,0,0,0,0,NA,"MnPrv",NA,0,5,2010,"WD","Normal",125000,"Train"
"230",230,120,"RL",43,3182,"Pave",NA,"Reg","Lvl","AllPub","Inside","Gtl","Blmngtn","Norm","Norm","TwnhsE","1Story","7","5",2005,2006,"Gable","CompShg","VinylSd","VinylSd","BrkFace",16,"Gd","TA","PConc","Gd","TA","Av","GLQ",16,"Unf",0,1357,1373,"GasA","Ex","Y","SBrkr",1555,0,0,1555,0,0,2,0,2,1,"Gd",7,"Typ",1,"TA","Attchd",2005,"Fin",2,430,"TA","TA","Y",143,20,0,0,0,0,NA,NA,NA,0,5,2009,"WD","Normal",192500,"Train"
"231",231,20,"RL",73,8760,"Pave",NA,"Reg","Lvl","AllPub","Inside","Gtl","NAmes","Norm","Norm","1Fam","1Story","6","6",1959,1959,"Hip","CompShg","MetalSd","MetalSd","BrkFace",220,"TA","TA","CBlock","TA","TA","No","Unf",0,"Unf",0,1194,1194,"GasA","TA","Y","SBrkr",1194,0,0,1194,1,0,1,0,3,1,"TA",6,"Typ",0,NA,"Attchd",1959,"RFn",1,312,"TA","TA","Y",0,0,120,0,0,0,NA,NA,NA,0,4,2010,"WD","Normal",148000,"Train"
"232",232,60,"RL",174,15138,"Pave",NA,"IR1","Lvl","AllPub","Inside","Gtl","NoRidge","Norm","Norm","1Fam","2Story","8","5",1995,1996,"Gable","CompShg","VinylSd","VinylSd","BrkFace",506,"Gd","TA","PConc","Gd","TA","No","GLQ",689,"Unf",0,773,1462,"GasA","Ex","Y","SBrkr",1490,1304,0,2794,1,0,2,1,4,1,"Ex",9,"Typ",1,"TA","Attchd",1995,"Fin",3,810,"TA","TA","Y",0,146,202,0,0,0,NA,NA,NA,0,7,2009,"WD","Normal",403000,"Train"
"233",233,160,"RM",21,1680,"Pave",NA,"Reg","Lvl","AllPub","Inside","Gtl","BrDale","Norm","Norm","Twnhs","2Story","6","5",1972,1972,"Gable","CompShg","HdBoard","HdBoard","BrkFace",297,"TA","TA","CBlock","TA","TA","No","Unf",0,"Unf",0,483,483,"GasA","TA","Y","SBrkr",483,504,0,987,0,0,1,1,2,1,"TA",5,"Typ",1,"Po","Attchd",1972,"Unf",1,288,"TA","TA","Y",0,0,0,0,0,0,NA,NA,NA,0,6,2006,"WD","Normal",94500,"Train"
"234",234,20,"RL",75,10650,"Pave",NA,"Reg","Lvl","AllPub","Corner","Gtl","CollgCr","Norm","Norm","1Fam","1Story","5","6",1976,1976,"Gable","CompShg","HdBoard","HdBoard","None",0,"TA","TA","CBlock","TA","Gd","Av","LwQ",182,"ALQ",712,0,894,"GasA","TA","Y","SBrkr",894,0,0,894,1,0,1,0,3,1,"TA",5,"Typ",0,NA,"Attchd",1976,"Unf",1,308,"TA","TA","Y",365,0,0,0,0,0,NA,"MnPrv",NA,0,2,2010,"WD","Normal",128200,"Train"
"235",235,60,"RL",NA,7851,"Pave",NA,"Reg","Lvl","AllPub","Inside","Gtl","Gilbert","Norm","Norm","1Fam","2Story","6","5",2002,2002,"Gable","CompShg","VinylSd","VinylSd",NA,NA,"Gd","TA","PConc","Gd","TA","No","GLQ",625,"Unf",0,235,860,"GasA","Ex","Y","SBrkr",860,1100,0,1960,1,0,2,1,4,1,"Gd",8,"Typ",2,"TA","BuiltIn",2002,"Fin",2,440,"TA","TA","Y",288,48,0,0,0,0,NA,NA,NA,0,5,2010,"WD","Normal",216500,"Train"
"236",236,160,"RM",21,1680,"Pave",NA,"Reg","Lvl","AllPub","Inside","Gtl","BrDale","Norm","Norm","TwnhsE","2Story","6","3",1971,1971,"Gable","CompShg","HdBoard","HdBoard","BrkFace",604,"TA","TA","CBlock","TA","TA","No","ALQ",358,"Unf",0,125,483,"GasA","TA","Y","SBrkr",483,504,0,987,0,0,1,1,2,1,"TA",5,"Typ",0,NA,"Detchd",1971,"Unf",1,264,"TA","TA","Y",0,0,0,0,0,0,NA,NA,NA,0,8,2008,"WD","Normal",89500,"Train"
"237",237,20,"RL",65,8773,"Pave",NA,"Reg","Lvl","AllPub","FR2","Gtl","CollgCr","Norm","Norm","1Fam","1Story","7","5",2004,2004,"Gable","CompShg","VinylSd","VinylSd","BrkFace",98,"Gd","TA","PConc","Gd","TA","Av","GLQ",24,"Unf",0,1390,1414,"GasA","Ex","Y","SBrkr",1414,0,0,1414,0,0,2,0,3,1,"Gd",6,"Typ",0,NA,"Attchd",2004,"RFn",2,494,"TA","TA","Y",132,105,0,0,0,0,NA,NA,NA,0,5,2010,"WD","Normal",185500,"Train"
"238",238,60,"RL",NA,9453,"Pave",NA,"IR1","Lvl","AllPub","CulDSac","Gtl","SawyerW","RRNe","Norm","1Fam","2Story","7","7",1993,2003,"Gable","CompShg","HdBoard","HdBoard","None",0,"Gd","TA","PConc","Gd","TA","No","BLQ",402,"Unf",0,594,996,"GasA","Ex","Y","SBrkr",1014,730,0,1744,0,0,2,1,3,1,"Gd",7,"Typ",0,NA,"Attchd",1993,"RFn",2,457,"TA","TA","Y",370,70,0,238,0,0,NA,NA,NA,0,2,2010,"WD","Normal",194500,"Train"
"239",239,20,"RL",93,12030,"Pave",NA,"Reg","Lvl","AllPub","Inside","Gtl","NridgHt","Norm","Norm","1Fam","1Story","8","5",2007,2007,"Hip","CompShg","VinylSd","VinylSd","BrkFace",254,"Ex","TA","PConc","Ex","TA","No","Unf",0,"Unf",0,1694,1694,"GasA","Ex","Y","SBrkr",1694,0,0,1694,0,0,2,0,3,1,"Gd",7,"Typ",0,NA,"Attchd",2007,"Fin",3,818,"TA","TA","Y",168,228,0,0,0,0,NA,NA,NA,0,12,2007,"New","Partial",318000,"Train"
"240",240,50,"RL",52,8741,"Pave",NA,"Reg","Lvl","AllPub","Inside","Gtl","Edwards","Norm","Norm","1Fam","1.5Fin","6","4",1945,1950,"Gable","CompShg","VinylSd","VinylSd","None",0,"TA","TA","CBlock","TA","Fa","No","LwQ",94,"Unf",0,641,735,"GasA","TA","Y","FuseA",798,689,0,1487,0,0,1,1,3,1,"TA",7,"Typ",1,"Gd","Detchd",1949,"Unf",1,220,"TA","TA","Y",0,140,0,0,0,0,NA,"MnPrv",NA,0,4,2010,"WD","Normal",113000,"Train"
"241",241,20,"FV",75,9000,"Pave",NA,"Reg","Lvl","AllPub","Inside","Gtl","Somerst","Norm","Norm","1Fam","1Story","8","5",2008,2008,"Gable","CompShg","VinylSd","VinylSd","Stone",36,"Gd","TA","PConc","Gd","TA","Av","GLQ",1078,"Unf",0,488,1566,"GasA","Ex","Y","SBrkr",1566,0,0,1566,1,0,2,0,3,1,"Gd",7,"Typ",0,NA,"Attchd",2008,"RFn",2,750,"TA","TA","Y",144,168,0,0,0,0,NA,NA,NA,0,4,2010,"WD","Normal",262500,"Train"
"242",242,30,"RM",40,3880,"Pave",NA,"Reg","Lvl","AllPub","Inside","Gtl","OldTown","Norm","Norm","1Fam","1Story","5","9",1945,1997,"Gable","CompShg","VinylSd","VinylSd","None",0,"TA","Gd","CBlock","TA","TA","No","ALQ",329,"Unf",0,357,686,"GasA","Gd","Y","SBrkr",866,0,0,866,0,0,1,0,2,1,"Gd",4,"Typ",0,NA,NA,NA,NA,0,0,NA,NA,"Y",58,42,0,0,0,0,NA,NA,NA,0,8,2007,"WD","Normal",110500,"Train"
"243",243,50,"RM",63,5000,"Pave",NA,"Reg","Lvl","AllPub","Corner","Gtl","OldTown","Norm","Norm","1Fam","1.5Fin","5","4",1900,1950,"Gable","CompShg","Wd Sdng","Wd Sdng","None",0,"TA","TA","BrkTil","TA","TA","No","Unf",0,"Unf",0,540,540,"GasA","Gd","N","FuseA",889,551,0,1440,0,0,1,0,3,1,"TA",6,"Typ",0,NA,"Attchd",1940,"Unf",1,352,"Fa","TA","Y",0,0,77,0,0,0,NA,NA,NA,0,4,2006,"WD","Normal",79000,"Train"
"244",244,160,"RL",75,10762,"Pave",NA,"Reg","Lvl","AllPub","Corner","Gtl","SawyerW","Norm","Norm","TwnhsE","2Story","6","6",1980,1980,"Gable","CompShg","Plywood","Plywood","None",0,"TA","TA","CBlock","Gd","TA","No","Unf",0,"Unf",0,626,626,"GasA","TA","Y","SBrkr",626,591,0,1217,0,0,1,1,3,1,"TA",6,"Typ",1,"TA","Attchd",1980,"RFn",1,288,"TA","TA","Y",0,28,0,0,0,0,NA,NA,NA,0,4,2009,"WD","Normal",120000,"Train"
"245",245,60,"RL",NA,8880,"Pave",NA,"IR1","Lvl","AllPub","Inside","Gtl","SawyerW","Norm","Norm","1Fam","2Story","7","5",1994,2002,"Gable","CompShg","VinylSd","VinylSd","None",0,"Gd","TA","PConc","Gd","TA","No","GLQ",695,"Unf",0,253,948,"GasA","Ex","Y","SBrkr",1222,888,0,2110,1,0,2,1,3,1,"Gd",8,"Typ",2,"Fa","Attchd",1994,"RFn",2,463,"TA","TA","Y",0,130,0,0,0,0,NA,NA,NA,0,5,2010,"WD","Normal",205000,"Train"
"246",246,20,"RL",80,10400,"Pave",NA,"Reg","Lvl","AllPub","Inside","Gtl","NWAmes","Norm","Norm","1Fam","1Story","7","5",1988,1988,"Gable","CompShg","Wd Sdng","Wd Sdng","BrkFace",102,"TA","TA","CBlock","Gd","TA","Av","GLQ",929,"Unf",0,916,1845,"GasA","Gd","Y","SBrkr",1872,0,0,1872,0,1,2,0,3,1,"TA",6,"Typ",1,"TA","Attchd",1988,"Fin",2,604,"TA","TA","Y",197,39,0,0,0,0,NA,NA,NA,0,6,2006,"WD","Normal",241500,"Train"
"247",247,190,"RM",69,9142,"Pave","Grvl","Reg","Lvl","AllPub","Inside","Gtl","OldTown","Norm","Norm","2fmCon","2Story","6","8",1910,1950,"Gable","CompShg","AsbShng","AsbShng","None",0,"TA","Fa","Stone","Fa","TA","No","Unf",0,"Unf",0,1020,1020,"GasA","Gd","N","FuseP",908,1020,0,1928,0,0,2,0,4,2,"Fa",9,"Typ",0,NA,"Detchd",1910,"Unf",1,440,"Po","Po","Y",0,60,112,0,0,0,NA,NA,NA,0,4,2006,"WD","Normal",137000,"Train"
"248",248,20,"RL",75,11310,"Pave",NA,"Reg","Lvl","AllPub","Inside","Gtl","NAmes","Norm","Norm","1Fam","1Story","6","5",1954,1954,"Hip","CompShg","Wd Sdng","BrkFace","None",0,"TA","TA","CBlock","TA","TA","No","Unf",0,"Unf",0,1367,1367,"GasA","Ex","Y","SBrkr",1375,0,0,1375,0,0,1,0,2,1,"TA",5,"Typ",1,"TA","Attchd",1954,"Unf",2,451,"TA","TA","Y",0,30,0,0,0,0,NA,NA,NA,0,6,2006,"WD","Normal",140000,"Train"
"249",249,60,"RL",72,11317,"Pave",NA,"Reg","Lvl","AllPub","Inside","Gtl","CollgCr","Norm","Norm","1Fam","2Story","7","5",2003,2003,"Gable","CompShg","VinylSd","VinylSd","BrkFace",101,"Gd","TA","PConc","Gd","TA","No","Unf",0,"Unf",0,840,840,"GasA","Ex","Y","SBrkr",840,828,0,1668,0,0,2,1,3,1,"Gd",8,"Typ",0,NA,"Attchd",2003,"RFn",2,500,"TA","TA","Y",144,68,0,0,0,0,NA,NA,NA,0,9,2007,"WD","Normal",180000,"Train"
"250",250,50,"RL",NA,159000,"Pave",NA,"IR2","Low","AllPub","CulDSac","Sev","ClearCr","Norm","Norm","1Fam","1.5Fin","6","7",1958,2006,"Gable","CompShg","Wd Sdng","HdBoard","BrkCmn",472,"Gd","TA","CBlock","Gd","TA","Gd","Rec",697,"Unf",0,747,1444,"GasA","Gd","Y","SBrkr",1444,700,0,2144,0,1,2,0,4,1,"Gd",7,"Typ",2,"TA","Attchd",1958,"Fin",2,389,"TA","TA","Y",0,98,0,0,0,0,NA,NA,"Shed",500,6,2007,"WD","Normal",277000,"Train"
"251",251,30,"RL",55,5350,"Pave",NA,"IR1","Lvl","AllPub","Inside","Gtl","BrkSide","Norm","Norm","1Fam","1Story","3","2",1940,1966,"Gable","CompShg","Wd Sdng","Plywood","None",0,"TA","Po","CBlock","TA","TA","No","Unf",0,"Unf",0,728,728,"GasA","Ex","Y","SBrkr",1306,0,0,1306,0,0,1,0,3,1,"Fa",6,"Mod",0,NA,NA,NA,NA,0,0,NA,NA,"Y",263,0,0,0,0,0,NA,"GdWo","Shed",450,5,2010,"WD","Normal",76500,"Train"
"252",252,120,"RM",44,4750,"Pave",NA,"IR1","HLS","AllPub","Inside","Mod","Crawfor","Norm","Norm","TwnhsE","1Story","8","5",2006,2007,"Hip","CompShg","VinylSd","VinylSd","Stone",481,"Gd","TA","PConc","Gd","TA","Gd","GLQ",1573,"Unf",0,0,1573,"GasA","Ex","Y","SBrkr",1625,0,0,1625,1,1,2,0,2,1,"Gd",5,"Typ",1,"Gd","Attchd",2006,"Fin",2,538,"TA","TA","Y",123,0,0,0,153,0,NA,NA,NA,0,12,2007,"WD","Family",235000,"Train"
"253",253,60,"RL",65,8366,"Pave",NA,"IR1","Lvl","AllPub","Inside","Gtl","SawyerW","Norm","Norm","1Fam","2Story","6","5",2004,2004,"Gable","CompShg","VinylSd","VinylSd","None",0,"Gd","TA","PConc","Gd","TA","No","Unf",0,"Unf",0,798,798,"GasA","Ex","Y","SBrkr",798,842,0,1640,0,0,2,1,3,1,"Gd",6,"Typ",0,NA,"Attchd",2004,"RFn",2,520,"TA","TA","Y",138,45,0,0,0,0,NA,NA,NA,0,12,2008,"WD","Normal",173000,"Train"
"254",254,80,"RL",85,9350,"Pave",NA,"Reg","Lvl","AllPub","Inside","Gtl","NAmes","Norm","Norm","1Fam","SLvl","6","7",1964,1991,"Hip","CompShg","HdBoard","HdBoard","BrkFace",108,"TA","TA","CBlock","Gd","TA","Gd","LwQ",270,"ALQ",580,452,1302,"GasA","Ex","Y","SBrkr",1302,0,0,1302,0,1,2,0,3,1,"Gd",7,"Min1",0,NA,"Attchd",1964,"RFn",1,309,"TA","TA","Y",333,0,0,0,0,0,NA,"MnPrv",NA,0,10,2007,"CWD","Normal",158000,"Train"
"255",255,20,"RL",70,8400,"Pave",NA,"Reg","Lvl","AllPub","Inside","Gtl","NAmes","Norm","Norm","1Fam","1Story","5","6",1957,1957,"Gable","CompShg","MetalSd","MetalSd","None",0,"TA","Gd","CBlock","TA","TA","No","Rec",922,"Unf",0,392,1314,"GasA","TA","Y","SBrkr",1314,0,0,1314,1,0,1,0,3,1,"TA",5,"Typ",0,NA,"Attchd",1957,"RFn",1,294,"TA","TA","Y",250,0,0,0,0,0,NA,NA,NA,0,6,2010,"WD","Normal",145000,"Train"
"256",256,60,"RL",66,8738,"Pave",NA,"IR1","Lvl","AllPub","Inside","Gtl","Gilbert","Norm","Norm","1Fam","2Story","7","5",1999,1999,"Gable","CompShg","VinylSd","VinylSd","BrkFace",302,"Gd","TA","PConc","Gd","TA","No","Unf",0,"Unf",0,975,975,"GasA","Ex","Y","SBrkr",1005,1286,0,2291,0,0,2,1,4,1,"Gd",8,"Typ",1,"TA","BuiltIn",1999,"Fin",2,429,"TA","TA","Y",192,0,0,0,0,0,NA,NA,NA,0,2,2006,"WD","Normal",230000,"Train"
"257",257,60,"FV",64,8791,"Pave",NA,"IR1","Lvl","AllPub","Inside","Gtl","Somerst","Norm","Norm","1Fam","2Story","6","5",2003,2003,"Gable","CompShg","VinylSd","VinylSd","None",0,"Gd","TA","PConc","Gd","TA","No","Rec",503,"Unf",0,361,864,"GasA","Ex","Y","SBrkr",864,864,0,1728,0,0,2,1,3,1,"Gd",7,"Typ",0,NA,"Attchd",2003,"RFn",2,673,"TA","TA","Y",216,56,0,0,0,0,NA,NA,NA,0,5,2008,"WD","Normal",207500,"Train"
"258",258,20,"RL",68,8814,"Pave",NA,"Reg","Lvl","AllPub","Inside","Gtl","CollgCr","Norm","Norm","1Fam","1Story","7","5",2006,2006,"Gable","CompShg","VinylSd","VinylSd","Stone",180,"Gd","TA","PConc","Gd","TA","No","GLQ",1334,"Unf",0,270,1604,"GasA","Ex","Y","SBrkr",1604,0,0,1604,1,0,2,1,3,1,"Gd",8,"Typ",1,"Gd","Attchd",2006,"RFn",2,660,"TA","TA","Y",123,110,0,0,0,0,NA,NA,NA,0,3,2009,"WD","Abnorml",220000,"Train"
"259",259,60,"RL",80,12435,"Pave",NA,"Reg","Lvl","AllPub","Inside","Gtl","CollgCr","Norm","Norm","1Fam","2Story","7","5",2001,2001,"Gable","CompShg","VinylSd","VinylSd","BrkFace",172,"Gd","TA","PConc","Gd","TA","No","GLQ",361,"Unf",0,602,963,"GasA","Ex","Y","SBrkr",963,829,0,1792,0,0,2,1,3,1,"Gd",7,"Typ",1,"TA","Attchd",2001,"RFn",2,564,"TA","TA","Y",0,96,0,245,0,0,NA,NA,NA,0,5,2008,"WD","Normal",231500,"Train"
"260",260,20,"RM",70,12702,"Pave",NA,"Reg","Lvl","AllPub","Inside","Gtl","OldTown","Norm","Norm","1Fam","1Story","5","5",1956,1956,"Gable","CompShg","BrkFace","BrkFace","None",0,"TA","TA","PConc",NA,NA,NA,NA,0,NA,0,0,0,"GasA","Gd","Y","FuseA",882,0,0,882,0,0,1,0,2,1,"TA",4,"Typ",0,NA,"Detchd",1956,"Unf",1,308,"TA","TA","Y",0,45,0,0,0,0,NA,NA,NA,0,12,2008,"WD","Normal",97000,"Train"
"261",261,80,"RL",120,19296,"Pave",NA,"Reg","Lvl","AllPub","Corner","Gtl","NAmes","Artery","Norm","1Fam","SLvl","6","5",1962,1962,"Gable","CompShg","Wd Sdng","Wd Sdng","BrkFace",399,"TA","TA","CBlock","TA","TA","Gd","Rec",672,"ALQ",690,0,1362,"GasA","TA","Y","SBrkr",1382,0,0,1382,1,0,1,0,3,1,"TA",6,"Typ",1,"TA","Attchd",1991,"Unf",2,884,"TA","TA","Y",0,0,252,0,0,0,NA,"GdWo",NA,0,5,2009,"WD","Normal",176000,"Train"
"262",262,60,"RL",69,9588,"Pave",NA,"IR1","Lvl","AllPub","Inside","Gtl","CollgCr","Norm","Norm","1Fam","2Story","8","5",2007,2007,"Gable","CompShg","CemntBd","CmentBd","Stone",270,"Gd","TA","PConc","Ex","TA","No","Unf",0,"Unf",0,1482,1482,"GasA","Ex","Y","SBrkr",1482,1092,0,2574,0,0,2,1,3,1,"Ex",10,"Typ",1,"Gd","BuiltIn",2007,"Fin",3,868,"TA","TA","Y",0,148,0,0,0,0,NA,NA,NA,0,11,2007,"New","Partial",276000,"Train"
"263",263,80,"RL",88,8471,"Pave",NA,"IR1","Lvl","AllPub","Corner","Gtl","Sawyer","Norm","Norm","1Fam","SLvl","6","7",1977,1995,"Gable","CompShg","HdBoard","Plywood","BrkFace",46,"TA","TA","CBlock","Gd","Gd","Av","ALQ",506,"Unf",0,0,506,"GasA","TA","Y","SBrkr",1212,0,0,1212,1,0,1,0,3,1,"TA",6,"Typ",1,"TA","Attchd",1978,"Unf",2,492,"TA","TA","Y",292,12,0,0,0,0,NA,"GdWo",NA,0,7,2006,"WD","Normal",151000,"Train"
"264",264,50,"RM",50,5500,"Pave",NA,"Reg","Lvl","AllPub","Corner","Gtl","OldTown","Norm","Norm","1Fam","1.5Fin","5","7",1929,2001,"Gable","CompShg","Wd Sdng","Wd Sdng","None",0,"TA","TA","BrkTil","TA","TA","No","LwQ",234,"ALQ",692,0,926,"GasA","TA","Y","SBrkr",926,0,390,1316,1,0,1,0,3,1,"TA",6,"Typ",0,NA,"Detchd",1974,"Unf",2,484,"TA","TA","Y",0,0,0,0,0,0,NA,NA,NA,0,4,2010,"WD","Normal",130000,"Train"
"265",265,30,"RM",30,5232,"Pave","Grvl","IR3","Bnk","AllPub","Inside","Gtl","OldTown","Artery","Norm","1Fam","1Story","5","5",1925,2004,"Gable","CompShg","Wd Sdng","Wd Sdng","None",0,"TA","TA","BrkTil","Fa","TA","No","Unf",0,"Unf",0,680,680,"GasA","Gd","N","FuseP",764,0,0,764,0,0,1,0,2,1,"TA",4,"Typ",0,NA,"Detchd",1965,"Unf",2,504,"TA","TA","N",0,0,0,0,0,0,NA,NA,NA,0,6,2008,"WD","Normal",73000,"Train"
"266",266,20,"RL",78,12090,"Pave",NA,"IR1","Lvl","AllPub","Inside","Gtl","NWAmes","Norm","Norm","1Fam","1Story","6","6",1981,1981,"Gable","CompShg","MetalSd","MetalSd","BrkFace",210,"TA","Gd","CBlock","Gd","TA","No","GLQ",588,"LwQ",228,606,1422,"GasA","TA","Y","SBrkr",1422,0,0,1422,0,0,2,0,3,1,"Gd",7,"Typ",1,"TA","Attchd",1981,"Fin",2,576,"TA","TA","Y",276,0,0,0,0,0,NA,"GdPrv",NA,0,6,2008,"WD","Normal",175500,"Train"
"267",267,60,"RL",70,11207,"Pave",NA,"IR1","HLS","AllPub","FR2","Gtl","Gilbert","Norm","Norm","1Fam","2Story","6","5",1997,1997,"Gable","CompShg","VinylSd","VinylSd","None",0,"TA","TA","PConc","Gd","TA","Av","GLQ",714,"Unf",0,88,802,"GasA","Gd","Y","SBrkr",802,709,0,1511,1,0,2,1,3,1,"TA",8,"Typ",1,"TA","Attchd",1997,"Fin",2,413,"TA","TA","Y",95,75,0,0,0,0,NA,NA,NA,0,6,2006,"WD","Normal",185000,"Train"
"268",268,75,"RL",60,8400,"Pave",NA,"Reg","Bnk","AllPub","Inside","Mod","SWISU","Norm","Norm","1Fam","2.5Fin","5","8",1939,1997,"Gable","CompShg","Wd Sdng","Wd Sdng","None",0,"TA","TA","PConc","TA","TA","No","LwQ",378,"Unf",0,342,720,"GasA","Ex","Y","SBrkr",1052,720,420,2192,0,0,2,1,4,1,"Gd",8,"Typ",1,"Gd","Detchd",1939,"Unf",1,240,"TA","TA","Y",262,24,0,0,0,0,NA,NA,NA,0,7,2008,"WD","Normal",179500,"Train"
"269",269,30,"RM",71,6900,"Pave",NA,"Reg","Lvl","AllPub","Inside","Gtl","IDOTRR","Norm","Norm","1Fam","1Story","5","6",1940,1955,"Gable","CompShg","VinylSd","VinylSd","None",0,"TA","TA","CBlock","TA","TA","No","ALQ",403,"Rec",125,212,740,"GasA","Ex","Y","SBrkr",778,0,0,778,0,0,1,0,2,1,"TA",4,"Typ",1,"Gd","Detchd",1966,"Fin",1,924,"Ex","Ex","Y",0,25,0,0,0,0,NA,NA,NA,0,2,2008,"WD","Normal",120500,"Train"
"270",270,20,"RL",NA,7917,"Pave",NA,"IR1","Lvl","AllPub","Corner","Gtl","Edwards","Norm","Norm","1Fam","1Story","6","7",1976,1976,"Hip","CompShg","HdBoard","HdBoard","BrkFace",174,"TA","Gd","CBlock","TA","Gd","No","BLQ",751,"Unf",0,392,1143,"GasA","TA","Y","SBrkr",1113,0,0,1113,1,0,1,1,3,1,"TA",6,"Typ",1,"Fa","Attchd",1987,"RFn",1,504,"TA","Gd","Y",370,30,0,0,0,0,NA,"GdPrv",NA,0,5,2007,"WD","Normal",148000,"Train"
"271",271,60,"FV",84,10728,"Pave",NA,"Reg","Lvl","AllPub","Inside","Gtl","Somerst","Norm","Norm","1Fam","2Story","8","5",2006,2006,"Gable","CompShg","VinylSd","VinylSd","None",0,"Gd","TA","PConc","Gd","TA","Mn","Unf",0,"Unf",0,1095,1095,"GasA","Gd","Y","SBrkr",1095,844,0,1939,0,0,2,1,3,1,"Gd",8,"Typ",1,"Gd","Attchd",2006,"RFn",3,1053,"TA","TA","Y",192,51,0,0,0,0,NA,NA,NA,0,8,2006,"New","Partial",266000,"Train"
"272",272,20,"RL",73,39104,"Pave",NA,"IR1","Low","AllPub","CulDSac","Sev","ClearCr","Norm","Norm","1Fam","1Story","7","7",1954,2005,"Flat","Membran","Plywood","Plywood","None",0,"TA","TA","CBlock","Gd","TA","Gd","LwQ",226,"GLQ",1063,96,1385,"GasA","Ex","Y","SBrkr",1363,0,0,1363,1,0,1,0,2,1,"TA",5,"Mod",2,"TA","Attchd",1954,"Unf",2,439,"TA","TA","Y",81,0,0,0,0,0,NA,NA,NA,0,4,2008,"WD","Normal",241500,"Train"
"273",273,60,"RL",92,11764,"Pave",NA,"IR1","Lvl","AllPub","CulDSac","Gtl","NoRidge","Norm","Norm","1Fam","2Story","8","7",1999,2007,"Gable","CompShg","VinylSd","VinylSd","BrkFace",348,"Gd","TA","PConc","Gd","TA","No","GLQ",524,"Unf",0,628,1152,"GasA","Ex","Y","SBrkr",1164,1106,0,2270,0,0,2,1,4,1,"Gd",9,"Typ",1,"Gd","Attchd",1999,"Fin",3,671,"TA","TA","Y",132,57,0,0,0,0,NA,NA,NA,0,4,2010,"WD","Normal",290000,"Train"
"274",274,20,"RL",80,9600,"Pave",NA,"Reg","Lvl","AllPub","Inside","Gtl","NAmes","Feedr","Norm","1Fam","1Story","6","6",1958,1988,"Hip","CompShg","Wd Sdng","Wd Sdng","BrkCmn",183,"TA","TA","CBlock","TA","TA","No","Rec",620,"LwQ",620,0,1240,"GasA","Gd","Y","SBrkr",1632,0,0,1632,1,0,2,0,3,1,"TA",6,"Min1",1,"Gd","Attchd",1958,"RFn",1,338,"TA","TA","Y",289,0,0,0,0,0,NA,"MnPrv",NA,0,4,2009,"WD","Normal",139000,"Train"
"275",275,20,"RL",76,8314,"Pave",NA,"Reg","Lvl","AllPub","Corner","Gtl","Mitchel","Norm","Norm","1Fam","1Story","5","7",1982,1982,"Gable","CompShg","HdBoard","ImStucc","None",0,"TA","TA","CBlock","TA","TA","Gd","ALQ",546,"Unf",0,270,816,"GasA","TA","Y","SBrkr",816,0,0,816,0,0,1,0,2,1,"TA",5,"Typ",0,NA,"Attchd",1982,"Unf",1,264,"TA","TA","Y",168,0,0,0,0,0,NA,NA,NA,0,6,2007,"WD","Normal",124500,"Train"
"276",276,50,"RL",55,7264,"Pave",NA,"Reg","Lvl","AllPub","Inside","Gtl","BrkSide","Norm","Norm","1Fam","1.5Fin","7","7",1925,2007,"Gable","CompShg","Wd Sdng","Wd Sdng","None",0,"Gd","Gd","BrkTil","TA","TA","No","Unf",0,"Unf",0,952,952,"GasW","Gd","N","SBrkr",952,596,0,1548,0,0,2,1,3,1,"Ex",5,"Typ",0,NA,"Detchd",1978,"Unf",2,672,"TA","TA","Y",74,0,0,0,144,0,NA,NA,NA,0,10,2009,"WD","Normal",205000,"Train"
"277",277,20,"RL",129,9196,"Pave",NA,"IR1","Lvl","AllPub","Inside","Gtl","Mitchel","Norm","Norm","1Fam","1Story","7","5",2003,2003,"Gable","CompShg","VinylSd","VinylSd","None",0,"Gd","TA","PConc","Ex","TA","No","Unf",0,"Unf",0,1560,1560,"GasA","Ex","Y","SBrkr",1560,0,0,1560,0,0,2,0,3,1,"Gd",7,"Typ",0,NA,"Attchd",2003,"Fin",2,573,"TA","TA","Y",100,150,0,0,0,0,NA,NA,NA,0,4,2010,"WD","Normal",201000,"Train"
"278",278,20,"RL",140,19138,"Pave",NA,"Reg","Lvl","AllPub","Corner","Gtl","Gilbert","Norm","Norm","1Fam","1Story","4","5",1951,1951,"Gable","CompShg","VinylSd","VinylSd","None",0,"TA","TA","CBlock","TA","TA","No","LwQ",120,"Unf",0,744,864,"GasA","Ex","Y","SBrkr",864,0,0,864,0,0,1,0,2,1,"TA",4,"Typ",0,NA,"Detchd",1951,"Unf",2,400,"TA","TA","Y",0,0,0,0,0,0,NA,NA,NA,0,6,2010,"WD","Normal",141000,"Train"
"279",279,20,"RL",107,14450,"Pave",NA,"Reg","Lvl","AllPub","Inside","Gtl","NridgHt","Norm","Norm","1Fam","1Story","9","5",2006,2007,"Gable","CompShg","CemntBd","CmentBd","BrkFace",315,"Ex","TA","PConc","Ex","TA","Gd","Unf",0,"Unf",0,2121,2121,"GasA","Ex","Y","SBrkr",2121,0,0,2121,0,0,2,1,3,1,"Ex",8,"Typ",1,"Ex","Attchd",2007,"Fin",3,732,"TA","TA","Y",124,98,0,0,142,0,NA,NA,NA,0,5,2007,"New","Partial",415298,"Train"
"280",280,60,"RL",83,10005,"Pave",NA,"Reg","Lvl","AllPub","Inside","Gtl","ClearCr","Norm","Norm","1Fam","2Story","7","5",1977,1977,"Hip","CompShg","Plywood","Plywood","BrkFace",299,"TA","TA","CBlock","Gd","TA","No","BLQ",392,"Unf",0,768,1160,"GasA","Ex","Y","SBrkr",1156,866,0,2022,0,0,2,1,4,1,"TA",8,"Typ",1,"TA","Attchd",1977,"Fin",2,505,"TA","TA","Y",288,117,0,0,0,0,NA,NA,NA,0,3,2008,"WD","Normal",192000,"Train"
"281",281,60,"RL",82,11287,"Pave",NA,"Reg","Lvl","AllPub","Inside","Gtl","SawyerW","Norm","Norm","1Fam","2Story","7","6",1989,1989,"Gable","CompShg","Plywood","Plywood","BrkFace",340,"Gd","TA","CBlock","Gd","TA","Av","GLQ",421,"Unf",0,386,807,"GasA","Gd","Y","SBrkr",1175,807,0,1982,0,0,2,1,3,1,"Gd",7,"Typ",1,"TA","Attchd",1989,"Fin",2,575,"TA","TA","Y",0,84,0,196,0,0,NA,NA,NA,0,1,2007,"WD","Normal",228500,"Train"
"282",282,20,"FV",60,7200,"Pave","Pave","Reg","Lvl","AllPub","Inside","Gtl","Somerst","Norm","Norm","1Fam","1Story","6","5",2006,2006,"Gable","CompShg","VinylSd","VinylSd","Stone",68,"Gd","TA","PConc","Gd","TA","No","GLQ",905,"Unf",0,357,1262,"GasA","Gd","Y","SBrkr",1262,0,0,1262,0,0,2,0,2,1,"Gd",5,"Typ",0,NA,"Attchd",2006,"Fin",2,572,"TA","TA","Y",0,120,0,0,0,0,NA,NA,NA,0,5,2006,"New","Partial",185000,"Train"
"283",283,120,"RL",34,5063,"Pave",NA,"Reg","Lvl","AllPub","Inside","Gtl","NridgHt","Norm","Norm","Twnhs","1Story","7","5",2007,2008,"Gable","CompShg","VinylSd","VinylSd","Stone",166,"Gd","TA","PConc","Gd","TA","No","GLQ",904,"Unf",0,410,1314,"GasA","Ex","Y","SBrkr",1314,0,0,1314,1,0,2,0,2,1,"Gd",6,"Typ",1,"Gd","Attchd",2008,"RFn",2,626,"TA","TA","Y",172,62,0,0,0,0,NA,NA,NA,0,4,2009,"ConLw","Normal",207500,"Train"
"284",284,20,"RL",74,9612,"Pave",NA,"Reg","Lvl","AllPub","Inside","Gtl","Somerst","Feedr","Norm","1Fam","1Story","8","5",2008,2009,"Gable","CompShg","VinylSd","VinylSd","Stone",72,"Gd","TA","PConc","Gd","TA","No","Unf",0,"Unf",0,1468,1468,"GasA","Ex","Y","SBrkr",1468,0,0,1468,0,0,2,0,3,1,"Gd",6,"Typ",1,"Gd","Attchd",2008,"Fin",3,898,"TA","TA","Y",210,150,0,0,0,0,NA,NA,NA,0,12,2009,"New","Partial",244600,"Train"
"285",285,120,"RL",50,8012,"Pave",NA,"Reg","Lvl","AllPub","Inside","Gtl","SawyerW","Norm","Norm","TwnhsE","1Story","6","5",1992,1992,"Gable","CompShg","Plywood","ImStucc","None",0,"Gd","TA","PConc","Gd","TA","No","GLQ",430,"Unf",0,1145,1575,"GasA","Gd","Y","SBrkr",1575,0,0,1575,1,0,2,0,2,1,"Gd",5,"Typ",0,NA,"Attchd",1992,"RFn",2,529,"TA","TA","Y",0,0,52,0,0,0,NA,NA,NA,0,7,2007,"WD","Normal",179200,"Train"
"286",286,160,"FV",35,4251,"Pave","Pave","IR1","Lvl","AllPub","Inside","Gtl","Somerst","Norm","Norm","TwnhsE","2Story","7","5",2006,2007,"Gable","CompShg","MetalSd","MetalSd","None",0,"Gd","TA","PConc","Gd","TA","No","Unf",0,"Unf",0,625,625,"GasA","Ex","Y","SBrkr",625,625,0,1250,0,0,2,1,2,1,"Gd",5,"Typ",0,NA,"Detchd",2006,"RFn",2,528,"TA","TA","Y",0,54,0,0,0,0,NA,NA,NA,0,6,2007,"New","Partial",164700,"Train"
"287",287,50,"RL",77,9786,"Pave",NA,"IR1","Bnk","AllPub","Inside","Gtl","NAmes","Norm","Norm","1Fam","1.5Fin","6","7",1962,1981,"Gable","CompShg","Wd Sdng","Wd Sdng","None",0,"TA","TA","CBlock","TA","TA","No","Rec",600,"Unf",0,312,912,"GasA","TA","Y","SBrkr",1085,649,0,1734,0,0,1,1,3,1,"Gd",7,"Typ",1,"Gd","Attchd",1962,"RFn",2,440,"TA","TA","Y",0,0,0,0,128,0,NA,"GdPrv",NA,0,6,2006,"WD","Normal",159000,"Train"
"288",288,20,"RL",NA,8125,"Pave",NA,"IR1","Lvl","AllPub","Corner","Gtl","NAmes","Norm","Norm","1Fam","1Story","4","4",1971,1971,"Gable","CompShg","HdBoard","HdBoard","None",0,"TA","TA","CBlock","TA","TA","No","BLQ",614,"Unf",0,244,858,"GasA","TA","Y","SBrkr",858,0,0,858,0,0,1,0,3,1,"TA",5,"Typ",0,NA,NA,NA,NA,0,0,NA,NA,"Y",0,0,0,0,0,0,NA,NA,NA,0,6,2006,"WD","Normal",88000,"Train"
"289",289,20,"RL",NA,9819,"Pave",NA,"IR1","Lvl","AllPub","Inside","Gtl","Sawyer","Norm","Norm","1Fam","1Story","5","5",1967,1967,"Gable","CompShg","MetalSd","MetalSd","BrkFace",31,"TA","Gd","CBlock","TA","TA","No","BLQ",450,"Unf",0,432,882,"GasA","TA","Y","SBrkr",900,0,0,900,0,0,1,0,3,1,"TA",5,"Typ",0,NA,"Detchd",1970,"Unf",1,280,"TA","TA","Y",0,0,0,0,0,0,NA,"MnPrv",NA,0,2,2010,"WD","Normal",122000,"Train"
"290",290,70,"RL",60,8730,"Pave",NA,"Reg","Lvl","AllPub","Inside","Gtl","BrkSide","RRAn","Norm","1Fam","2Story","6","7",1915,2003,"Gable","CompShg","Wd Sdng","Wd Sdng","None",0,"TA","TA","BrkTil","TA","TA","No","Unf",0,"Unf",0,698,698,"GasA","Ex","Y","FuseA",698,698,0,1396,0,0,1,0,3,1,"TA",7,"Typ",0,NA,"Detchd",2003,"Unf",1,384,"TA","TA","Y",0,0,0,0,259,0,NA,NA,NA,0,7,2007,"WD","Normal",153575,"Train"
"291",291,60,"RL",120,15611,"Pave",NA,"Reg","Lvl","AllPub","Inside","Gtl","CollgCr","Norm","Norm","1Fam","2Story","8","5",2006,2006,"Gable","CompShg","VinylSd","VinylSd","None",0,"Gd","TA","PConc","Gd","TA","Av","Unf",0,"Unf",0,1079,1079,"GasA","Ex","Y","SBrkr",1079,840,0,1919,0,0,2,1,3,1,"Gd",8,"Typ",1,"Gd","Attchd",2006,"RFn",2,685,"Gd","TA","Y",0,51,0,0,0,0,NA,NA,NA,0,7,2006,"New","Partial",233230,"Train"
"292",292,190,"RL",55,5687,"Pave","Grvl","Reg","Bnk","AllPub","Inside","Gtl","SWISU","Norm","Norm","2fmCon","2Story","5","6",1912,2000,"Gable","CompShg","VinylSd","VinylSd","None",0,"TA","Fa","PConc","TA","Fa","No","Rec",210,"Unf",0,570,780,"GasA","Ex","N","SBrkr",936,780,0,1716,1,0,2,0,6,1,"Fa",9,"Typ",0,NA,NA,NA,NA,0,0,NA,NA,"N",0,184,0,0,0,0,NA,NA,NA,0,3,2008,"WD","Normal",135900,"Train"
"293",293,50,"RL",60,11409,"Pave",NA,"Reg","Lvl","AllPub","Inside","Gtl","Edwards","Norm","Norm","1Fam","1.5Fin","5","4",1949,2008,"Gable","CompShg","Wd Sdng","Wd Sdng","None",0,"TA","TA","CBlock","TA","TA","No","LwQ",292,"Unf",0,476,768,"GasA","Gd","Y","SBrkr",1148,568,0,1716,0,0,1,1,3,1,"TA",8,"Min2",1,"Gd","Attchd",1949,"Unf",1,281,"TA","TA","Y",0,0,0,0,160,0,NA,NA,NA,0,1,2009,"WD","Normal",131000,"Train"
"294",294,60,"RL",NA,16659,"Pave",NA,"IR1","Lvl","AllPub","Corner","Gtl","NWAmes","PosA","Norm","1Fam","2Story","7","7",1977,1994,"Gable","CompShg","Plywood","Plywood","BrkFace",34,"TA","TA","CBlock","TA","TA","No","ALQ",795,"Unf",0,0,795,"GasA","Fa","Y","SBrkr",1468,795,0,2263,1,0,2,1,3,1,"Gd",9,"Typ",1,"TA","Attchd",1977,"Fin",2,539,"TA","TA","Y",0,250,0,0,0,0,NA,NA,NA,0,3,2006,"WD","Normal",235000,"Train"
"295",295,20,"RL",80,9600,"Pave",NA,"Reg","Lvl","AllPub","Inside","Gtl","NAmes","Norm","Norm","1Fam","1Story","6","5",1953,1953,"Hip","CompShg","HdBoard","HdBoard","Stone",238,"TA","TA","CBlock","TA","TA","No","GLQ",1285,"Unf",0,131,1416,"GasA","TA","Y","SBrkr",1644,0,0,1644,1,0,1,0,3,1,"TA",7,"Typ",2,"Gd","Attchd",1953,"Fin",2,418,"TA","TA","Y",110,0,0,0,0,0,NA,NA,NA,0,10,2009,"WD","Normal",167000,"Train"
"296",296,80,"RL",37,7937,"Pave",NA,"IR1","Lvl","AllPub","CulDSac","Gtl","Mitchel","Norm","Norm","1Fam","SLvl","6","6",1984,1984,"Gable","CompShg","HdBoard","HdBoard","None",0,"TA","TA","CBlock","TA","TA","Av","GLQ",819,"Unf",0,184,1003,"GasA","TA","Y","SBrkr",1003,0,0,1003,1,0,1,0,3,1,"TA",6,"Typ",0,NA,"Detchd",1984,"Unf",2,588,"TA","TA","Y",120,0,0,0,0,0,NA,"GdPrv",NA,0,3,2006,"WD","Normal",142500,"Train"
"297",297,50,"RM",75,13710,"Pave",NA,"Reg","Lvl","AllPub","Inside","Gtl","IDOTRR","Norm","Norm","1Fam","1.5Fin","5","5",1950,1950,"Gable","CompShg","Wd Sdng","Wd Sdng","None",0,"TA","TA","CBlock","TA","TA","No","BLQ",420,"Unf",0,490,910,"GasA","TA","Y","FuseA",910,648,0,1558,0,0,1,1,4,1,"TA",6,"Typ",0,NA,"Attchd",1950,"Unf",1,282,"TA","TA","Y",289,0,0,0,0,0,NA,"MnPrv",NA,0,6,2007,"WD","Normal",152000,"Train"
"298",298,60,"FV",66,7399,"Pave","Pave","IR1","Lvl","AllPub","Inside","Gtl","Somerst","Norm","Norm","1Fam","2Story","7","5",1997,1998,"Hip","CompShg","VinylSd","VinylSd","BrkFace",1600,"Gd","TA","PConc","Gd","TA","No","BLQ",649,"Unf",0,326,975,"GasA","Ex","Y","SBrkr",975,975,0,1950,0,0,2,1,3,1,"Gd",7,"Typ",1,"TA","Detchd",1997,"RFn",2,576,"TA","TA","Y",0,10,0,0,198,0,NA,NA,NA,0,6,2007,"WD","Normal",239000,"Train"
"299",299,60,"RL",90,11700,"Pave",NA,"Reg","Lvl","AllPub","Inside","Gtl","NWAmes","Norm","Norm","1Fam","2Story","6","6",1968,1968,"Mansard","CompShg","HdBoard","AsphShn","BrkFace",365,"Gd","TA","CBlock","TA","TA","No","ALQ",384,"Rec",175,143,702,"GasA","Gd","Y","SBrkr",1041,702,0,1743,0,1,1,2,3,1,"TA",7,"Typ",1,"Gd","Attchd",1968,"Unf",2,539,"TA","TA","Y",224,0,0,0,0,0,NA,NA,NA,0,6,2007,"WD","Normal",175000,"Train"
"300",300,20,"RL",80,14000,"Pave",NA,"Reg","Lvl","AllPub","Inside","Gtl","Crawfor","Norm","Norm","1Fam","1Story","6","8",1950,2004,"Gable","CompShg","HdBoard","HdBoard","None",0,"TA","Gd","CBlock","TA","TA","No","Unf",0,"Unf",0,1092,1092,"GasA","Ex","Y","SBrkr",1152,0,0,1152,0,1,1,0,3,1,"Gd",6,"Typ",1,"Gd","Attchd",1950,"Unf",1,300,"TA","TA","Y",0,36,0,0,0,0,NA,"GdPrv",NA,0,8,2009,"WD","Family",158500,"Train"
"301",301,190,"RL",90,15750,"Pave",NA,"Reg","Lvl","AllPub","Corner","Gtl","Crawfor","Norm","Norm","2fmCon","1Story","5","5",1953,1953,"Hip","CompShg","MetalSd","MetalSd","BrkFace",56,"TA","TA","CBlock","TA","TA","Mn","BLQ",841,"Unf",0,324,1165,"GasA","TA","Y","SBrkr",1336,0,0,1336,1,0,1,0,2,1,"TA",5,"Typ",2,"Gd","Attchd",1953,"Unf",1,375,"TA","TA","Y",0,0,0,0,0,0,NA,NA,NA,0,6,2006,"WD","Normal",157000,"Train"
"302",302,60,"RL",66,16226,"Pave",NA,"IR3","Lvl","AllPub","Inside","Gtl","CollgCr","Norm","Norm","1Fam","2Story","8","5",1998,1999,"Gable","CompShg","VinylSd","VinylSd","None",0,"Gd","TA","PConc","Gd","TA","No","GLQ",281,"Unf",0,747,1028,"GasA","Ex","Y","SBrkr",1210,1242,0,2452,0,0,2,1,4,1,"Gd",9,"Typ",1,"TA","BuiltIn",1998,"Fin",2,683,"TA","TA","Y",208,50,0,0,0,0,NA,NA,NA,0,5,2007,"WD","Normal",267000,"Train"
"303",303,20,"RL",118,13704,"Pave",NA,"IR1","Lvl","AllPub","Corner","Gtl","CollgCr","Norm","Norm","1Fam","1Story","7","5",2001,2002,"Gable","CompShg","VinylSd","VinylSd","BrkFace",150,"Gd","TA","PConc","Gd","TA","No","Unf",0,"Unf",0,1541,1541,"GasA","Ex","Y","SBrkr",1541,0,0,1541,0,0,2,0,3,1,"Gd",6,"Typ",1,"TA","Attchd",2001,"RFn",3,843,"TA","TA","Y",468,81,0,0,0,0,NA,NA,NA,0,1,2006,"WD","Normal",205000,"Train"
"304",304,20,"RL",70,9800,"Pave",NA,"Reg","Lvl","AllPub","Corner","Gtl","CollgCr","Norm","Norm","1Fam","1Story","5","7",1972,1972,"Gable","CompShg","VinylSd","VinylSd","None",0,"TA","TA","PConc","TA","TA","No","ALQ",894,"Unf",0,0,894,"GasA","TA","Y","SBrkr",894,0,0,894,1,0,1,0,3,1,"TA",5,"Typ",0,NA,"Attchd",1975,"Unf",2,552,"TA","TA","Y",256,0,0,0,0,0,NA,"GdWo",NA,0,7,2006,"WD","Abnorml",149900,"Train"
"305",305,75,"RM",87,18386,"Pave",NA,"Reg","Lvl","AllPub","Inside","Gtl","OldTown","Norm","Norm","1Fam","2.5Fin","7","9",1880,2002,"Gable","CompShg","CemntBd","CmentBd","None",0,"TA","TA","BrkTil","TA","TA","No","Unf",0,"Unf",0,1470,1470,"GasA","Ex","Y","SBrkr",1675,1818,0,3493,0,0,3,0,3,1,"Gd",10,"Typ",1,"Ex","Attchd",2003,"Unf",3,870,"TA","TA","Y",302,0,0,0,0,0,NA,NA,NA,0,5,2008,"WD","Normal",295000,"Train"
"306",306,20,"RL",80,10386,"Pave",NA,"Reg","Lvl","AllPub","Inside","Gtl","CollgCr","Norm","Norm","1Fam","1Story","8","5",2004,2005,"Gable","CompShg","CemntBd","CmentBd","Stone",246,"Gd","TA","PConc","Gd","TA","No","GLQ",1464,"Unf",0,536,2000,"GasA","Ex","Y","SBrkr",2000,0,0,2000,1,0,2,0,3,1,"Gd",8,"Typ",0,NA,"Attchd",2004,"Fin",3,888,"TA","TA","Y",168,0,0,0,0,0,NA,NA,NA,0,7,2007,"WD","Normal",305900,"Train"
"307",307,60,"RL",116,13474,"Pave",NA,"Reg","Lvl","AllPub","Inside","Gtl","SawyerW","Feedr","Norm","1Fam","2Story","7","5",1990,1991,"Gable","CompShg","HdBoard","Plywood","BrkFace",246,"Gd","TA","CBlock","Gd","TA","No","ALQ",700,"Unf",0,0,700,"GasA","Gd","Y","SBrkr",1122,1121,0,2243,1,0,2,1,4,1,"Gd",8,"Typ",1,"TA","Attchd",1990,"RFn",3,746,"TA","TA","Y",127,44,224,0,0,0,NA,NA,NA,0,6,2007,"WD","Normal",225000,"Train"
"308",308,50,"RM",NA,7920,"Pave","Grvl","IR1","Lvl","AllPub","Inside","Gtl","IDOTRR","Artery","Norm","1Fam","1.5Fin","6","7",1920,1950,"Gable","CompShg","MetalSd","MetalSd","None",0,"TA","Fa","CBlock","TA","TA","No","Unf",0,"Unf",0,319,319,"GasA","TA","Y","FuseA",1035,371,0,1406,0,0,1,0,3,1,"Fa",6,"Typ",0,NA,NA,NA,NA,0,0,NA,NA,"N",0,144,0,0,0,0,NA,"MnPrv",NA,0,3,2008,"WD","Normal",89500,"Train"
"309",309,30,"RL",NA,12342,"Pave",NA,"IR1","Lvl","AllPub","Inside","Gtl","Edwards","Norm","Norm","1Fam","1Story","4","5",1940,1950,"Gable","CompShg","VinylSd","VinylSd","None",0,"TA","TA","CBlock","TA","TA","No","BLQ",262,"Unf",0,599,861,"GasA","Ex","Y","SBrkr",861,0,0,861,0,0,1,0,1,1,"TA",4,"Typ",0,NA,"Detchd",1961,"Unf",2,539,"TA","TA","Y",158,0,0,0,0,0,NA,NA,NA,0,3,2009,"WD","Normal",82500,"Train"
"310",310,20,"RL",90,12378,"Pave",NA,"IR1","Lvl","AllPub","Inside","Gtl","NridgHt","Norm","Norm","1Fam","1Story","9","5",2003,2004,"Gable","CompShg","VinylSd","VinylSd","None",0,"Gd","TA","PConc","Ex","TA","Gd","GLQ",1274,"Unf",0,622,1896,"GasA","Ex","Y","SBrkr",1944,0,0,1944,1,0,2,0,3,1,"Ex",8,"Typ",3,"Ex","Attchd",2003,"Fin",3,708,"TA","TA","Y",208,175,0,0,0,0,NA,NA,NA,0,11,2006,"WD","Normal",360000,"Train"
"311",311,60,"RL",NA,7685,"Pave",NA,"IR1","Lvl","AllPub","Inside","Gtl","Gilbert","Norm","Norm","1Fam","2Story","6","5",1993,1994,"Gable","CompShg","HdBoard","HdBoard","BrkFace",112,"TA","TA","PConc","Gd","TA","No","ALQ",518,"Unf",0,179,697,"GasA","Gd","Y","SBrkr",697,804,0,1501,0,0,2,1,3,1,"Gd",6,"Typ",1,"TA","Attchd",1993,"Fin",2,420,"TA","TA","Y",190,63,0,0,0,0,NA,NA,NA,0,5,2006,"WD","Normal",165600,"Train"
"312",312,20,"RL",50,8000,"Pave",NA,"Reg","Lvl","AllPub","Inside","Gtl","NAmes","Norm","Norm","1Fam","1Story","6","6",1948,2002,"Gable","CompShg","VinylSd","VinylSd","None",0,"TA","Gd","CBlock","TA","TA","No","ALQ",680,"Unf",0,292,972,"GasA","Ex","Y","SBrkr",972,0,0,972,1,0,1,0,2,1,"TA",5,"Typ",1,"Gd","Detchd",1948,"Unf",1,240,"TA","TA","Y",0,0,0,0,0,0,NA,NA,NA,0,5,2009,"WD","Normal",132000,"Train"
"313",313,190,"RM",65,7800,"Pave",NA,"Reg","Lvl","AllPub","Inside","Gtl","OldTown","Artery","Norm","2fmCon","1.5Fin","5","7",1939,1950,"Gable","CompShg","MetalSd","MetalSd","None",0,"TA","TA","CBlock","Gd","TA","Mn","Rec",507,"Unf",0,286,793,"GasA","TA","Y","SBrkr",793,325,0,1118,1,0,1,0,3,1,"TA",5,"Typ",1,"Gd","Detchd",1939,"Unf",2,410,"TA","TA","Y",0,0,0,0,271,0,NA,"MnPrv",NA,0,5,2006,"WD","Normal",119900,"Train"
"314",314,20,"RL",150,215245,"Pave",NA,"IR3","Low","AllPub","Inside","Sev","Timber","Norm","Norm","1Fam","1Story","7","5",1965,1965,"Hip","CompShg","BrkFace","BrkFace","None",0,"TA","TA","CBlock","Gd","TA","Gd","ALQ",1236,"Rec",820,80,2136,"GasW","TA","Y","SBrkr",2036,0,0,2036,2,0,2,0,3,1,"TA",8,"Typ",2,"Gd","Attchd",1965,"RFn",2,513,"TA","TA","Y",0,0,0,0,0,0,NA,NA,NA,0,6,2009,"WD","Normal",375000,"Train"
"315",315,70,"RM",60,9600,"Pave","Grvl","Reg","Lvl","AllPub","Inside","Gtl","OldTown","Norm","Norm","1Fam","2Story","7","7",1925,1990,"Gable","CompShg","Wd Sdng","Wd Sdng","None",0,"TA","TA","BrkTil","TA","Gd","No","LwQ",16,"Unf",0,712,728,"GasA","Ex","Y","SBrkr",832,809,0,1641,0,1,1,1,3,1,"Ex",6,"Typ",1,"Gd","Detchd",1925,"Unf",2,546,"Fa","TA","Y",0,0,234,0,0,0,NA,NA,NA,0,8,2006,"WD","Normal",178000,"Train"
"316",316,60,"RL",71,7795,"Pave",NA,"IR1","Lvl","AllPub","Inside","Gtl","Gilbert","Norm","Norm","1Fam","2Story","7","5",2004,2005,"Gable","CompShg","VinylSd","VinylSd","None",0,"Gd","TA","PConc","Gd","TA","No","GLQ",425,"Unf",0,291,716,"GasA","Ex","Y","SBrkr",716,716,0,1432,1,0,2,1,3,1,"Gd",6,"Typ",1,"Gd","Attchd",2004,"Fin",2,432,"TA","TA","Y",100,51,0,0,0,0,NA,NA,NA,0,7,2009,"WD","Normal",188500,"Train"
"317",317,60,"RL",94,13005,"Pave",NA,"IR1","Lvl","AllPub","Corner","Gtl","NWAmes","Norm","Norm","1Fam","2Story","7","7",1980,1980,"Gable","CompShg","CemntBd","CmentBd","BrkFace",278,"Gd","TA","CBlock","Gd","TA","No","GLQ",692,"Unf",0,153,845,"GasA","TA","Y","SBrkr",1153,1200,0,2353,1,0,2,1,4,1,"Ex",10,"Typ",1,"TA","Attchd",1983,"RFn",2,484,"TA","TA","Y",288,195,0,0,0,0,NA,"GdPrv",NA,0,8,2009,"WD","Normal",260000,"Train"
"318",318,60,"FV",75,9000,"Pave",NA,"Reg","Lvl","AllPub","Inside","Gtl","Somerst","Norm","Norm","1Fam","2Story","8","5",2006,2006,"Gable","CompShg","VinylSd","VinylSd","None",0,"Gd","TA","PConc","Gd","TA","Av","Unf",0,"Unf",0,1088,1088,"GasA","Ex","Y","SBrkr",1088,871,0,1959,0,0,2,1,3,1,"Gd",8,"Typ",1,"Gd","Attchd",2006,"RFn",3,1025,"TA","TA","Y",208,46,0,0,0,0,NA,NA,NA,0,12,2007,"WD","Normal",270000,"Train"
"319",319,60,"RL",90,9900,"Pave",NA,"Reg","Low","AllPub","Inside","Mod","NoRidge","Norm","Norm","1Fam","2Story","7","5",1993,1993,"Gable","CompShg","HdBoard","HdBoard","BrkFace",256,"Gd","TA","PConc","Gd","TA","Gd","GLQ",987,"Unf",0,360,1347,"GasA","Ex","Y","SBrkr",1372,1274,0,2646,1,0,2,1,4,1,"Gd",9,"Typ",1,"TA","Attchd",1993,"RFn",3,656,"TA","TA","Y",340,60,144,0,0,0,NA,NA,NA,0,4,2009,"WD","Normal",260000,"Train"
"320",320,80,"RL",NA,14115,"Pave",NA,"Reg","Lvl","AllPub","Inside","Gtl","NWAmes","Norm","Norm","1Fam","SLvl","7","5",1980,1980,"Gable","CompShg","Plywood","Plywood","BrkFace",225,"TA","TA","CBlock","Gd","TA","Av","GLQ",1036,"Unf",0,336,1372,"GasA","TA","Y","SBrkr",1472,0,0,1472,1,0,2,0,3,1,"TA",6,"Typ",2,"TA","Attchd",1980,"Unf",2,588,"TA","TA","Y",233,48,0,0,0,0,NA,NA,NA,0,6,2009,"WD","Normal",187500,"Train"
"321",321,60,"RL",111,16259,"Pave",NA,"Reg","Lvl","AllPub","Corner","Gtl","NridgHt","Norm","Norm","1Fam","2Story","9","5",2006,2006,"Gable","CompShg","VinylSd","VinylSd","Stone",370,"TA","TA","PConc","Ex","Gd","Av","Unf",0,"Unf",0,1249,1249,"GasA","Ex","Y","SBrkr",1249,1347,0,2596,0,0,3,1,4,1,"Gd",9,"Typ",0,NA,"Attchd",2006,"RFn",3,840,"TA","TA","Y",240,154,0,0,0,0,NA,NA,NA,0,9,2006,"New","Partial",342643,"Train"
"322",322,60,"RL",99,12099,"Pave",NA,"IR1","Lvl","AllPub","Inside","Gtl","NridgHt","Norm","Norm","1Fam","2Story","8","5",2004,2004,"Gable","CompShg","VinylSd","VinylSd","BrkFace",388,"Gd","TA","PConc","Ex","TA","Av","GLQ",970,"Unf",0,166,1136,"GasA","Ex","Y","SBrkr",1136,1332,0,2468,1,0,2,1,4,1,"Gd",10,"Typ",1,"Gd","BuiltIn",2004,"Fin",3,872,"TA","TA","Y",184,154,0,0,0,0,NA,NA,NA,0,6,2007,"WD","Normal",354000,"Train"
"323",323,60,"RL",86,10380,"Pave",NA,"IR1","Lvl","AllPub","Inside","Gtl","SawyerW","Norm","Norm","1Fam","2Story","7","5",1986,1987,"Gable","CompShg","Plywood","Plywood","BrkFace",172,"Gd","TA","CBlock","TA","TA","Gd","LwQ",28,"ALQ",1474,0,1502,"GasA","Ex","Y","SBrkr",1553,1177,0,2730,1,0,2,1,4,1,"Gd",8,"Typ",1,"TA","Attchd",1987,"Fin",2,576,"TA","TA","Y",201,96,0,0,0,0,NA,"MnPrv",NA,0,8,2007,"WD","Normal",301000,"Train"
"324",324,20,"RM",49,5820,"Pave",NA,"Reg","Lvl","AllPub","Inside","Gtl","OldTown","Norm","Norm","1Fam","1Story","3","8",1955,2005,"Gable","CompShg","VinylSd","VinylSd","None",0,"TA","Gd","CBlock","TA","TA","No","ALQ",256,"Unf",0,906,1162,"GasA","Ex","Y","SBrkr",1163,0,0,1163,1,0,1,0,3,1,"TA",6,"Typ",0,NA,"Attchd",1955,"Unf",1,220,"Fa","TA","Y",142,98,0,0,0,0,NA,NA,NA,0,7,2006,"WD","Normal",126175,"Train"
"325",325,80,"RL",96,11275,"Pave",NA,"Reg","Lvl","AllPub","Corner","Gtl","NAmes","PosN","Norm","1Fam","SLvl","7","7",1967,2007,"Mansard","WdShake","Wd Sdng","Wd Sdng","BrkFace",300,"Gd","Gd","CBlock","Gd","TA","No","Unf",0,"Unf",0,710,710,"GasA","Ex","Y","SBrkr",1898,1080,0,2978,0,0,2,1,5,1,"Gd",11,"Typ",1,"Gd","BuiltIn",1961,"Fin",2,564,"TA","TA","Y",240,0,0,0,0,0,NA,NA,NA,0,6,2010,"WD","Normal",242000,"Train"
"326",326,45,"RM",50,5000,"Pave",NA,"Reg","Lvl","AllPub","Inside","Gtl","IDOTRR","RRAe","Norm","1Fam","1.5Unf","5","6",1941,1950,"Gable","CompShg","MetalSd","MetalSd","None",0,"TA","TA","CBlock","TA","TA","Av","BLQ",116,"Unf",0,604,720,"GasA","Po","N","FuseF",803,0,0,803,0,0,1,0,2,1,"TA",5,"Typ",0,NA,"Detchd",1941,"Unf",2,360,"TA","TA","Y",0,0,244,0,0,0,NA,NA,NA,0,12,2007,"WD","Normal",87000,"Train"
"327",327,120,"RL",32,10846,"Pave",NA,"IR1","Lvl","AllPub","CulDSac","Gtl","Veenker","Norm","Norm","TwnhsE","1Story","8","5",1993,1993,"Gable","CompShg","BrkFace","BrkFace","None",0,"Gd","TA","PConc","Gd","TA","Gd","GLQ",1619,"Unf",0,100,1719,"GasA","Ex","Y","SBrkr",1719,0,0,1719,2,0,1,1,1,1,"Gd",6,"Typ",2,"Gd","Attchd",1993,"Fin",2,473,"TA","TA","Y",122,30,0,0,0,0,NA,NA,NA,0,5,2008,"Con","Normal",324000,"Train"
"328",328,20,"RL",80,11600,"Pave",NA,"Reg","Lvl","AllPub","Inside","Gtl","NAmes","Norm","Norm","1Fam","1Story","6","5",1960,1960,"Hip","CompShg","Wd Sdng","Wd Sdng","BrkFace",175,"TA","TA","CBlock","TA","TA","No","Rec",565,"Unf",0,818,1383,"GasA","TA","Y","SBrkr",1383,0,0,1383,0,0,1,1,3,1,"TA",7,"Typ",0,NA,"Attchd",1960,"RFn",1,292,"TA","TA","Y",0,45,0,0,0,0,NA,NA,NA,0,4,2006,"WD","Normal",145250,"Train"
"329",329,75,"RL",NA,11888,"Pave","Pave","IR1","Bnk","AllPub","Inside","Gtl","BrkSide","PosN","Norm","1Fam","2.5Unf","6","6",1916,1994,"Gable","CompShg","Wd Sdng","Wd Shng","None",0,"TA","TA","BrkTil","TA","TA","No","Unf",0,"Unf",0,844,844,"GasA","Gd","N","FuseA",1445,689,0,2134,0,0,2,0,5,1,"Gd",10,"Typ",0,NA,"Detchd",1930,"Unf",2,441,"TA","TA","Y",0,60,268,0,0,0,NA,NA,NA,0,7,2009,"WD","Normal",214500,"Train"
"330",330,70,"RM",60,6402,"Pave",NA,"Reg","Lvl","AllPub","Corner","Gtl","IDOTRR","Norm","Norm","1Fam","2Story","5","5",1920,1950,"Gable","CompShg","Wd Sdng","Wd Shng","None",0,"TA","TA","PConc","TA","TA","Mn","Unf",0,"Unf",0,596,596,"GasA","TA","N","SBrkr",596,596,0,1192,0,0,1,0,3,1,"TA",6,"Typ",0,NA,"Detchd",1920,"Unf",1,189,"Fa","Fa","N",0,0,137,0,0,0,NA,"GdWo",NA,0,7,2009,"WD","Normal",78000,"Train"
"331",331,90,"RL",NA,10624,"Pave",NA,"IR1","Lvl","AllPub","Inside","Gtl","NAmes","Norm","Norm","Duplex","1Story","5","4",1964,1964,"Gable","CompShg","HdBoard","HdBoard","BrkFace",84,"TA","TA","CBlock","TA","TA","No","GLQ",40,"Rec",264,1424,1728,"GasA","TA","Y","SBrkr",1728,0,0,1728,0,1,2,0,6,2,"TA",10,"Typ",0,NA,"Detchd",2002,"Unf",1,352,"TA","TA","Y",155,0,0,0,0,0,NA,NA,NA,0,11,2007,"WD","Normal",119000,"Train"
"332",332,20,"RL",70,8176,"Pave",NA,"Reg","Lvl","AllPub","Inside","Gtl","NAmes","Norm","Norm","1Fam","1Story","5","6",1958,1992,"Gable","CompShg","Wd Sdng","Wd Sdng","None",0,"TA","TA","CBlock","TA","TA","No","Rec",846,"Unf",0,210,1056,"GasA","Fa","Y","SBrkr",1056,0,0,1056,1,0,1,0,3,1,"TA",6,"Typ",0,NA,"Attchd",1958,"RFn",1,308,"TA","TA","Y",0,0,0,0,0,0,NA,NA,NA,0,8,2007,"WD","Normal",139000,"Train"
"333",333,20,"RL",85,10655,"Pave",NA,"IR1","Lvl","AllPub","Inside","Gtl","NridgHt","Norm","Norm","1Fam","1Story","8","5",2003,2004,"Gable","CompShg","VinylSd","VinylSd","BrkFace",296,"Gd","TA","PConc","Gd","TA","No","GLQ",1124,NA,479,1603,3206,"GasA","Ex","Y","SBrkr",1629,0,0,1629,1,0,2,0,3,1,"Gd",7,"Typ",1,"Gd","Attchd",2003,"RFn",3,880,"TA","TA","Y",0,0,0,0,0,0,NA,NA,NA,0,10,2009,"WD","Normal",284000,"Train"
"334",334,120,"RM",59,8198,"Pave",NA,"Reg","Lvl","AllPub","FR3","Gtl","NridgHt","Norm","Norm","TwnhsE","1Story","7","5",2004,2004,"Gable","CompShg","VinylSd","VinylSd","Stone",146,"Gd","TA","PConc","Gd","TA","Av","GLQ",720,"Unf",0,638,1358,"GasA","Ex","Y","SBrkr",1358,0,0,1358,1,0,2,0,2,1,"Gd",6,"Typ",1,"Gd","Attchd",2004,"RFn",2,484,"TA","TA","Y",192,30,0,0,0,0,NA,NA,NA,0,7,2008,"WD","Normal",207000,"Train"
"335",335,60,"RL",59,9042,"Pave",NA,"IR1","Lvl","AllPub","Inside","Gtl","Gilbert","Norm","Norm","1Fam","2Story","6","5",1998,1998,"Gable","CompShg","VinylSd","VinylSd","None",0,"TA","TA","PConc","Gd","TA","Gd","GLQ",828,"Unf",0,115,943,"GasA","Gd","Y","SBrkr",943,695,0,1638,1,0,2,1,3,1,"TA",7,"Typ",2,"TA","Attchd",1998,"Fin",2,472,"TA","TA","Y",100,38,0,0,0,0,NA,NA,NA,0,7,2008,"WD","Normal",192000,"Train"
"336",336,190,"RL",NA,164660,"Grvl",NA,"IR1","HLS","AllPub","Corner","Sev","Timber","Norm","Norm","2fmCon","1.5Fin","5","6",1965,1965,"Gable","CompShg","Plywood","Plywood","None",0,"TA","TA","CBlock","TA","TA","Gd","ALQ",1249,"BLQ",147,103,1499,"GasA","Ex","Y","SBrkr",1619,167,0,1786,2,0,2,0,3,1,"TA",7,"Typ",2,"Gd","Attchd",1965,"Fin",2,529,"TA","TA","Y",670,0,0,0,0,0,NA,NA,"Shed",700,8,2008,"WD","Normal",228950,"Train"
"337",337,20,"RL",86,14157,"Pave",NA,"IR1","HLS","AllPub","Corner","Gtl","StoneBr","Norm","Norm","1Fam","1Story","9","5",2005,2006,"Hip","CompShg","VinylSd","VinylSd","Stone",200,"Gd","TA","PConc","Ex","TA","Gd","GLQ",1249,"Unf",0,673,1922,"GasA","Ex","Y","SBrkr",1922,0,0,1922,1,0,2,0,3,1,"Gd",8,"Typ",1,"Gd","Attchd",2005,"Fin",3,676,"TA","TA","Y",178,51,0,0,0,0,NA,NA,NA,0,7,2007,"WD","Normal",377426,"Train"
"338",338,20,"RL",70,9135,"Pave",NA,"Reg","Lvl","AllPub","Inside","Gtl","CollgCr","Norm","Norm","1Fam","1Story","7","5",2002,2003,"Gable","CompShg","VinylSd","VinylSd","BrkFace",113,"Gd","TA","PConc","Gd","TA","Av","GLQ",810,"Unf",0,726,1536,"GasA","Ex","Y","SBrkr",1536,0,0,1536,1,0,2,0,3,1,"Gd",7,"Typ",0,NA,"Attchd",2002,"RFn",2,532,"TA","TA","Y",192,74,0,0,0,0,NA,NA,NA,0,12,2008,"WD","Normal",214000,"Train"
"339",339,20,"RL",91,14145,"Pave",NA,"Reg","Lvl","AllPub","Corner","Gtl","NWAmes","Norm","Norm","1Fam","1Story","7","7",1984,1998,"Gable","CompShg","Wd Sdng","Wd Sdng","None",0,"Gd","TA","CBlock","Gd","TA","Mn","ALQ",213,"Unf",0,995,1208,"GasA","Ex","Y","SBrkr",1621,0,0,1621,1,0,2,0,3,1,"Gd",8,"Typ",0,NA,"Attchd",1984,"RFn",2,440,"TA","TA","Y",108,45,0,0,0,0,NA,NA,"Shed",400,5,2006,"WD","Normal",202500,"Train"
"340",340,20,"RL",66,12400,"Pave",NA,"IR1","Lvl","AllPub","Inside","Gtl","NAmes","Feedr","Norm","1Fam","1Story","6","7",1958,1998,"Hip","CompShg","Wd Sdng","Wd Sdng","BrkFace",176,"TA","TA","CBlock","TA","Fa","No","Rec",585,"Unf",0,630,1215,"GasA","TA","Y","FuseA",1215,0,0,1215,0,0,1,0,3,1,"TA",6,"Typ",0,NA,"Attchd",1958,"Unf",1,297,"TA","TA","Y",0,0,0,0,234,0,NA,NA,NA,0,6,2009,"WD","Normal",155000,"Train"
"341",341,60,"RL",85,14191,"Pave",NA,"Reg","Lvl","AllPub","Inside","Gtl","Timber","Norm","Norm","1Fam","2Story","8","5",2002,2002,"Gable","CompShg","VinylSd","VinylSd","None",0,"Gd","TA","PConc","Gd","TA","No","Unf",0,"Unf",0,967,967,"GasA","Ex","Y","SBrkr",993,915,0,1908,0,0,2,1,4,1,"Gd",9,"Typ",0,NA,"Attchd",2002,"Fin",2,431,"TA","TA","Y",135,0,0,0,0,0,NA,NA,NA,0,4,2010,"WD","Normal",202900,"Train"
"342",342,20,"RH",60,8400,"Pave",NA,"Reg","Lvl","AllPub","Inside","Gtl","SawyerW","Feedr","Norm","1Fam","1Story","4","4",1950,1950,"Gable","CompShg","Wd Sdng","AsbShng","None",0,"Fa","Fa","CBlock","TA","Fa","No","Unf",0,"Unf",0,721,721,"GasA","Gd","Y","SBrkr",841,0,0,841,0,0,1,0,2,1,"TA",4,"Typ",0,NA,"CarPort",1950,"Unf",1,294,"TA","TA","N",250,0,24,0,0,0,NA,NA,NA,0,9,2009,"WD","Normal",82000,"Train"
"343",343,90,"RL",NA,8544,"Pave",NA,"Reg","Lvl","AllPub","Inside","Gtl","NAmes","Norm","Norm","Duplex","1Story","3","4",1949,1950,"Gable","CompShg","Stucco","Stucco","BrkFace",340,"TA","TA","Slab",NA,NA,NA,NA,0,NA,0,0,0,"Wall","Fa","N","FuseA",1040,0,0,1040,0,0,2,0,2,2,"TA",6,"Typ",0,NA,"Detchd",1949,"Unf",2,400,"TA","TA","Y",0,0,0,0,0,0,NA,NA,NA,0,5,2006,"WD","Normal",87500,"Train"
"344",344,120,"RL",63,8849,"Pave",NA,"IR1","Lvl","AllPub","Inside","Gtl","NridgHt","Norm","Norm","TwnhsE","1Story","9","5",2005,2005,"Hip","CompShg","MetalSd","MetalSd","BrkFace",616,"Ex","TA","PConc","Ex","TA","No","GLQ",28,"Unf",0,1656,1684,"GasA","Ex","Y","SBrkr",1684,0,0,1684,0,0,2,0,2,1,"Ex",6,"Typ",1,"Ex","Attchd",2005,"RFn",2,564,"TA","TA","Y",495,72,0,0,0,0,NA,NA,NA,0,7,2008,"WD","Normal",266000,"Train"
"345",345,160,"RM",36,2592,"Pave",NA,"Reg","Lvl","AllPub","Inside","Gtl","MeadowV","Norm","Norm","TwnhsE","2Story","5","3",1976,1976,"Gable","CompShg","CemntBd","CmentBd","None",0,"TA","TA","CBlock","Gd","TA","No","Rec",129,"BLQ",232,175,536,"GasA","TA","Y","SBrkr",536,576,0,1112,0,0,1,1,3,1,"TA",4,"Typ",0,NA,"Attchd",1976,"Unf",1,336,"TA","TA","Y",182,0,0,0,0,0,NA,NA,NA,0,4,2010,"WD","Normal",85000,"Train"
"346",346,50,"RL",65,6435,"Pave",NA,"Reg","Lvl","AllPub","Inside","Gtl","BrkSide","RRAn","Norm","1Fam","1.5Fin","6","5",1939,1950,"Gable","CompShg","MetalSd","MetalSd","None",0,"TA","TA","BrkTil","TA","TA","No","Unf",0,"Unf",0,972,972,"GasA","Gd","Y","SBrkr",972,605,0,1577,0,0,1,0,3,1,"Fa",6,"Typ",1,"Gd","Detchd",1939,"Unf",1,312,"TA","TA","Y",0,0,0,0,0,0,NA,NA,NA,0,10,2006,"WD","Normal",140200,"Train"
"347",347,20,"RL",NA,12772,"Pave",NA,"IR1","Lvl","AllPub","CulDSac","Gtl","NAmes","Norm","Norm","1Fam","1Story","6","8",1960,1998,"Hip","CompShg","MetalSd","MetalSd","None",0,"TA","Gd","CBlock","TA","TA","Mn","BLQ",498,"Unf",0,460,958,"GasA","TA","Y","SBrkr",958,0,0,958,0,0,1,0,2,1,"TA",5,"Typ",0,NA,"Attchd",1960,"RFn",1,301,"TA","TA","Y",0,0,0,0,0,0,NA,NA,"Gar2",15500,4,2007,"WD","Normal",151500,"Train"
"348",348,20,"RL",NA,17600,"Pave",NA,"IR1","Lvl","AllPub","Inside","Gtl","NAmes","Norm","Norm","1Fam","1Story","6","5",1960,1960,"Gable","CompShg","Wd Sdng","Wd Sdng","BrkFace",30,"TA","TA","CBlock","TA","TA","No","BLQ",1270,"Unf",0,208,1478,"GasA","Ex","Y","FuseA",1478,0,0,1478,1,0,2,0,3,1,"TA",6,"Typ",2,"Gd","Attchd",1960,"Unf",2,498,"TA","TA","Y",0,40,0,0,0,0,NA,NA,NA,0,12,2009,"WD","Normal",157500,"Train"
"349",349,160,"RL",36,2448,"Pave",NA,"Reg","Lvl","AllPub","Inside","Gtl","NridgHt","Norm","Norm","Twnhs","2Story","7","5",2003,2004,"Gable","CompShg","VinylSd","Wd Shng","Stone",106,"Gd","TA","PConc","Gd","TA","No","GLQ",573,"Unf",0,191,764,"GasA","Ex","Y","SBrkr",764,862,0,1626,1,0,2,1,2,1,"Gd",6,"Typ",0,NA,"BuiltIn",2003,"RFn",2,474,"TA","TA","Y",0,27,0,0,0,0,NA,NA,NA,0,10,2008,"WD","Normal",154000,"Train"
"350",350,60,"RL",56,20431,"Pave",NA,"IR2","Lvl","AllPub","Inside","Gtl","NridgHt","Norm","Norm","1Fam","2Story","9","5",2005,2006,"Hip","CompShg","CemntBd","CmentBd","BrkFace",870,"Ex","TA","PConc","Ex","TA","No","GLQ",1410,"Unf",0,438,1848,"GasA","Ex","Y","SBrkr",1848,880,0,2728,1,0,2,1,4,1,"Ex",10,"Typ",2,"Ex","Attchd",2006,"Fin",3,706,"TA","TA","Y",0,0,0,0,0,0,NA,NA,NA,0,4,2006,"New","Partial",437154,"Train"
"351",351,120,"RL",68,7820,"Pave",NA,"IR1","Lvl","AllPub","Inside","Gtl","NridgHt","Norm","Norm","TwnhsE","1Story","9","5",2007,2007,"Hip","CompShg","MetalSd","MetalSd","BrkFace",362,"Ex","TA","PConc","Ex","TA","No","Unf",0,"Unf",0,1869,1869,"GasA","Ex","Y","SBrkr",1869,0,0,1869,0,0,2,0,2,1,"Ex",6,"Typ",1,"Gd","Attchd",2007,"RFn",2,617,"TA","TA","Y",210,54,0,0,0,0,NA,NA,NA,0,12,2007,"New","Partial",318061,"Train"
"352",352,120,"RL",NA,5271,"Pave",NA,"IR1","Low","AllPub","Inside","Mod","ClearCr","Norm","Norm","1Fam","1Story","7","5",1986,1986,"Gable","CompShg","Wd Sdng","Wd Sdng","None",0,"TA","TA","PConc","Gd","TA","Gd","GLQ",1082,"Unf",0,371,1453,"GasA","Gd","Y","SBrkr",1453,0,0,1453,1,0,1,1,2,1,"Gd",6,"Typ",1,"TA","Attchd",1986,"RFn",2,445,"TA","TA","Y",0,80,0,0,184,0,NA,NA,NA,0,12,2006,"WD","Abnorml",190000,"Train"
"353",353,50,"RL",60,9084,"Pave",NA,"Reg","Lvl","AllPub","Inside","Gtl","Edwards","Artery","Norm","1Fam","1.5Fin","5","6",1941,1950,"Gable","CompShg","VinylSd","VinylSd","None",0,"TA","TA","CBlock","TA","Fa","Mn","LwQ",236,"Rec",380,0,616,"GasA","TA","N","SBrkr",616,495,0,1111,0,1,1,0,3,1,"TA",5,"Typ",0,NA,"Detchd",1941,"Unf",1,200,"TA","Fa","Y",48,0,0,0,0,0,NA,NA,NA,0,3,2008,"ConLw","Normal",95000,"Train"
"354",354,30,"RM",60,8520,"Pave",NA,"Reg","Lvl","AllPub","Inside","Gtl","OldTown","Norm","Norm","1Fam","1Story","6","8",1928,2003,"Gable","CompShg","VinylSd","VinylSd","None",0,"TA","Gd","BrkTil","TA","TA","No","Unf",0,"Unf",0,624,624,"GasA","Gd","Y","SBrkr",720,0,0,720,0,0,1,0,2,1,"TA",5,"Typ",0,NA,"Detchd",2005,"Unf",2,484,"TA","TA","Y",106,0,0,0,0,0,NA,NA,NA,0,5,2010,"WD","Normal",105900,"Train"
"355",355,50,"RL",60,8400,"Pave",NA,"Reg","Bnk","AllPub","Inside","Gtl","SWISU","Norm","Norm","1Fam","1.5Fin","6","5",1940,2000,"Gable","CompShg","Wd Sdng","MetalSd","None",0,"TA","TA","CBlock","TA","TA","No","LwQ",388,"Unf",0,552,940,"GasA","Ex","Y","SBrkr",1192,403,0,1595,0,0,1,0,2,1,"TA",6,"Typ",2,"Gd","Attchd",1940,"Unf",1,240,"TA","TA","Y",0,0,108,0,0,0,NA,NA,NA,0,6,2006,"WD","Normal",140000,"Train"
"356",356,20,"RL",105,11249,"Pave",NA,"IR2","Lvl","AllPub","Inside","Gtl","CollgCr","Norm","Norm","1Fam","1Story","6","5",1995,1995,"Gable","CompShg","VinylSd","VinylSd","None",0,"Gd","Gd","PConc","Gd","Gd","No","ALQ",334,"BLQ",544,322,1200,"GasA","Ex","Y","SBrkr",1200,0,0,1200,1,0,2,0,3,1,"Gd",6,"Typ",0,NA,"Attchd",1995,"RFn",2,521,"TA","TA","Y",0,26,0,0,0,0,NA,NA,NA,0,8,2007,"WD","Normal",177500,"Train"
"357",357,20,"RL",NA,9248,"Pave",NA,"IR1","Lvl","AllPub","Inside","Gtl","Gilbert","Norm","Norm","1Fam","1Story","6","6",1992,1992,"Gable","CompShg","HdBoard","HdBoard","BrkFace",106,"TA","TA","PConc","Gd","TA","No","GLQ",560,"Unf",0,598,1158,"GasA","Gd","Y","SBrkr",1167,0,0,1167,1,0,2,0,3,1,"Gd",6,"Typ",0,NA,"Attchd",1992,"RFn",2,400,"TA","TA","Y",120,26,0,0,0,0,NA,NA,NA,0,7,2009,"WD","Normal",173000,"Train"
"358",358,120,"RM",44,4224,"Pave",NA,"Reg","Lvl","AllPub","Inside","Gtl","MeadowV","Norm","Norm","TwnhsE","1Story","5","5",1976,1976,"Gable","CompShg","CemntBd","CmentBd","None",0,"TA","TA","PConc","Gd","TA","No","ALQ",874,"Unf",0,268,1142,"GasA","TA","Y","SBrkr",1142,0,0,1142,1,0,1,1,3,1,"TA",6,"Typ",1,"Po","Attchd",1976,"Fin",2,528,"TA","TA","Y",536,90,0,0,0,0,NA,"MnPrv",NA,0,8,2007,"WD","Normal",134000,"Train"
"359",359,80,"RL",92,6930,"Pave",NA,"IR1","Lvl","AllPub","Inside","Gtl","ClearCr","Norm","Norm","1Fam","SLvl","5","4",1958,1958,"Hip","CompShg","Wd Sdng","ImStucc","BrkFace",120,"TA","TA","CBlock","TA","TA","Av","BLQ",300,"Rec",294,468,1062,"GasA","Ex","Y","FuseF",1352,0,0,1352,0,1,1,0,3,1,"Gd",6,"Min2",0,NA,"BuiltIn",1958,"Unf",1,288,"TA","TA","Y",168,0,294,0,0,0,NA,NA,NA,0,7,2006,"WD","Abnorml",130000,"Train"
"360",360,60,"RL",78,12011,"Pave",NA,"IR1","Lvl","AllPub","CulDSac","Gtl","NoRidge","Norm","Norm","1Fam","2Story","8","5",1998,1998,"Gable","CompShg","VinylSd","VinylSd","BrkFace",530,"Gd","TA","PConc","Gd","TA","Av","GLQ",956,"Unf",0,130,1086,"GasA","Ex","Y","SBrkr",1086,838,0,1924,1,0,2,1,3,1,"Gd",7,"Typ",1,"TA","Attchd",1998,"RFn",2,592,"TA","TA","Y",208,75,0,0,374,0,NA,NA,NA,0,6,2006,"WD","Normal",280000,"Train"
"361",361,85,"RL",NA,7540,"Pave",NA,"IR1","Lvl","AllPub","CulDSac","Gtl","Mitchel","Norm","Norm","1Fam","SFoyer","6","6",1978,1978,"Gable","CompShg","VinylSd","VinylSd","None",0,"TA","TA","CBlock","Gd","TA","Av","GLQ",773,"Unf",0,115,888,"GasA","Ex","Y","SBrkr",912,0,0,912,1,0,1,0,2,1,"TA",5,"Typ",1,"TA","Attchd",1978,"RFn",2,470,"TA","TA","Y",0,0,0,0,192,0,NA,"MnPrv",NA,0,6,2007,"WD","Normal",156000,"Train"
"362",362,50,"RL",NA,9144,"Pave","Pave","Reg","Lvl","AllPub","Inside","Gtl","BrkSide","Norm","Norm","1Fam","1.5Fin","5","5",1940,1982,"Gable","CompShg","MetalSd","MetalSd","None",0,"TA","TA","CBlock","TA","TA","No","Rec",399,"Unf",0,484,883,"GasA","Gd","Y","SBrkr",988,517,0,1505,1,0,1,0,3,1,"TA",8,"Typ",0,NA,"Detchd",1940,"Unf",1,240,"TA","TA","N",0,0,0,0,0,0,NA,NA,NA,0,7,2008,"WD","Normal",145000,"Train"
"363",363,85,"RL",64,7301,"Pave",NA,"Reg","Lvl","AllPub","Corner","Gtl","Edwards","Norm","Norm","1Fam","SFoyer","7","5",2003,2003,"Gable","CompShg","HdBoard","HdBoard","BrkFace",500,"Gd","TA","Slab",NA,NA,NA,NA,0,NA,0,0,0,"GasA","Ex","Y","SBrkr",495,1427,0,1922,0,0,3,0,4,1,"Gd",7,"Typ",1,"Ex","BuiltIn",2003,"RFn",2,672,"TA","TA","Y",0,0,177,0,0,0,NA,NA,NA,0,7,2009,"ConLD","Normal",198500,"Train"
"364",364,160,"RM",21,1680,"Pave",NA,"Reg","Lvl","AllPub","Inside","Gtl","BrDale","Norm","Norm","Twnhs","2Story","6","8",1972,2007,"Gable","CompShg","HdBoard","HdBoard","BrkFace",510,"TA","TA","CBlock","TA","TA","No","ALQ",162,"Unf",0,321,483,"GasA","Gd","Y","SBrkr",483,504,0,987,0,0,1,1,2,1,"Gd",5,"Typ",0,NA,"Detchd",1972,"Unf",1,264,"TA","TA","Y",250,0,0,0,0,0,NA,NA,NA,0,5,2009,"WD","Normal",118000,"Train"
"365",365,60,"RL",NA,18800,"Pave",NA,"IR1","Lvl","AllPub","FR2","Gtl","NWAmes","Norm","Norm","1Fam","2Story","6","5",1976,1976,"Gable","CompShg","HdBoard","HdBoard","BrkFace",120,"TA","TA","PConc","Gd","TA","Mn","GLQ",712,"Unf",0,84,796,"GasA","TA","Y","SBrkr",790,784,0,1574,1,0,2,1,3,1,"TA",6,"Typ",1,"TA","Attchd",1976,"Fin",2,566,"TA","TA","Y",306,111,0,0,0,0,NA,NA,NA,0,7,2006,"WD","Normal",190000,"Train"
"366",366,70,"RM",59,10690,"Pave",NA,"Reg","Lvl","AllPub","Inside","Gtl","IDOTRR","Norm","Norm","1Fam","2Story","5","7",1920,1997,"Hip","CompShg","VinylSd","VinylSd","None",0,"TA","Gd","CBlock","TA","Fa","No","Rec",456,"Unf",0,216,672,"GasA","Gd","Y","FuseA",672,672,0,1344,0,0,1,0,3,1,"TA",6,"Typ",0,NA,"Detchd",1964,"Unf",1,468,"TA","Fa","Y",0,128,218,0,0,0,NA,NA,NA,0,7,2009,"WD","Normal",147000,"Train"
"367",367,20,"RL",NA,9500,"Pave",NA,"IR1","Lvl","AllPub","Inside","Gtl","NAmes","Norm","Norm","1Fam","1Story","6","5",1963,1963,"Gable","CompShg","Plywood","Plywood","BrkFace",247,"TA","TA","CBlock","Gd","TA","No","BLQ",609,"Unf",0,785,1394,"GasA","Gd","Y","SBrkr",1394,0,0,1394,1,0,1,1,3,1,"TA",6,"Typ",2,"Gd","Attchd",1963,"RFn",2,514,"TA","TA","Y",0,76,0,0,185,0,NA,NA,NA,0,7,2009,"WD","Normal",159000,"Train"
"368",368,80,"RL",101,9150,"Pave",NA,"IR1","Lvl","AllPub","Corner","Gtl","NAmes","Norm","Norm","1Fam","SLvl","6","5",1962,1962,"Gable","Tar&Grv","Plywood","Plywood","BrkFace",305,"TA","TA","CBlock","Gd","TA","Gd","GLQ",371,"Unf",0,728,1099,"GasA","Gd","Y","SBrkr",1431,0,0,1431,0,1,1,0,3,1,"TA",6,"Typ",1,"Gd","Basment",1962,"RFn",1,296,"TA","TA","Y",64,110,0,0,0,0,NA,NA,NA,0,12,2008,"WD","Normal",165000,"Train"
"369",369,20,"RL",78,7800,"Pave",NA,"Reg","Lvl","AllPub","Inside","Gtl","NAmes","Norm","Norm","1Fam","1Story","5","6",1954,1954,"Gable","CompShg","HdBoard","HdBoard","BrkFace",200,"TA","TA","PConc","TA","TA","No","LwQ",540,"Unf",0,728,1268,"GasA","Gd","Y","SBrkr",1268,0,0,1268,0,0,1,0,2,1,"TA",7,"Typ",1,"Gd","Attchd",1954,"Fin",1,244,"TA","TA","Y",0,98,0,0,0,0,NA,NA,NA,0,3,2010,"WD","Normal",132000,"Train"
"370",370,20,"RL",NA,9830,"Pave",NA,"IR1","Lvl","AllPub","Corner","Gtl","NAmes","Norm","Norm","1Fam","1Story","5","7",1959,2006,"Gable","CompShg","Wd Sdng","Wd Sdng","None",0,"TA","Gd","CBlock","TA","TA","No","ALQ",72,"Rec",258,733,1063,"GasA","Ex","Y","SBrkr",1287,0,0,1287,1,0,1,0,3,1,"Gd",7,"Typ",1,"Gd","Detchd",1997,"Fin",2,576,"TA","TA","Y",364,17,0,0,182,0,NA,NA,NA,0,3,2010,"WD","Normal",162000,"Train"
"371",371,60,"RL",NA,8121,"Pave",NA,"IR1","Lvl","AllPub","Inside","Gtl","Gilbert","Norm","Norm","1Fam","2Story","6","5",2000,2000,"Gable","CompShg","VinylSd","VinylSd","None",0,"TA","TA","PConc","Gd","TA","No","Unf",0,"Unf",0,953,953,"GasA","Ex","Y","SBrkr",953,711,0,1664,0,0,2,1,3,1,"TA",7,"Typ",1,"TA","Attchd",2000,"RFn",2,460,"TA","TA","Y",100,40,0,0,0,0,NA,NA,NA,0,1,2006,"WD","Normal",172400,"Train"
"372",372,50,"RL",80,17120,"Pave",NA,"Reg","Lvl","AllPub","Inside","Gtl","ClearCr","Feedr","Norm","1Fam","1.5Fin","4","4",1959,1959,"Gable","CompShg","WdShing","Plywood","None",0,"TA","TA","CBlock",NA,NA,NA,NA,0,NA,0,0,0,"GasA","TA","Y","SBrkr",1120,468,0,1588,0,0,2,0,4,1,"TA",7,"Min2",1,"Gd","Detchd",1991,"Fin",2,680,"TA","TA","N",0,59,0,0,0,0,NA,NA,NA,0,7,2008,"WD","Normal",134432,"Train"
"373",373,120,"RL",50,7175,"Pave",NA,"Reg","Lvl","AllPub","Inside","Gtl","SawyerW","Norm","Norm","TwnhsE","1Story","6","5",1984,1984,"Gable","CompShg","Plywood","Plywood","None",0,"TA","TA","CBlock","Gd","TA","No","ALQ",623,"LwQ",121,0,744,"GasA","TA","Y","SBrkr",752,0,0,752,1,0,1,0,2,1,"TA",4,"Typ",0,NA,"Attchd",1984,"Unf",1,264,"TA","TA","Y",353,0,0,0,90,0,NA,"MnPrv",NA,0,2,2010,"WD","Normal",125000,"Train"
"374",374,20,"RL",79,10634,"Pave",NA,"Reg","Lvl","AllPub","Inside","Gtl","NAmes","Norm","Norm","1Fam","1Story","5","6",1953,1953,"Gable","CompShg","MetalSd","MetalSd","None",0,"TA","TA","PConc","TA","TA","No","BLQ",428,"LwQ",180,0,608,"GasA","TA","Y","SBrkr",1319,0,0,1319,1,0,1,0,3,1,"TA",5,"Min2",0,NA,"Attchd",1953,"Unf",1,270,"TA","TA","Y",66,0,0,0,0,0,NA,"GdWo",NA,0,11,2009,"WD","Normal",123000,"Train"
"375",375,60,"RL",65,8200,"Pave",NA,"Reg","Lvl","AllPub","Inside","Gtl","CollgCr","Norm","Norm","1Fam","2Story","7","5",2003,2004,"Gable","CompShg","VinylSd","VinylSd","None",0,"Gd","TA","PConc","Gd","TA","No","Unf",0,"Unf",0,847,847,"GasA","Ex","Y","SBrkr",847,1081,0,1928,0,0,2,1,4,1,"Gd",8,"Typ",1,"Gd","BuiltIn",2003,"Fin",2,434,"TA","TA","Y",100,48,0,0,0,0,NA,NA,NA,0,7,2007,"WD","Normal",219500,"Train"
"376",376,30,"RL",NA,10020,"Pave",NA,"IR1","Low","AllPub","Inside","Sev","Edwards","Norm","Norm","1Fam","1Story","1","1",1922,1950,"Gable","CompShg","Wd Sdng","Wd Sdng","None",0,"Fa","Fa","BrkTil","Fa","Po","Gd","BLQ",350,"Unf",0,333,683,"GasA","Gd","N","FuseA",904,0,0,904,1,0,0,1,1,1,"Fa",4,"Maj1",0,NA,NA,NA,NA,0,0,NA,NA,"Y",0,0,0,0,0,0,NA,NA,NA,0,3,2009,"WD","Normal",61000,"Train"
"377",377,85,"RL",57,8846,"Pave",NA,"IR1","Lvl","AllPub","CulDSac","Gtl","CollgCr","Norm","Norm","1Fam","SFoyer","5","5",1996,1996,"Gable","CompShg","VinylSd","VinylSd","None",0,"Gd","TA","PConc","Gd","TA","Av","GLQ",298,"Unf",0,572,870,"GasA","Ex","Y","SBrkr",914,0,0,914,0,0,1,0,2,1,"TA",5,"Typ",0,NA,"Detchd",1998,"Unf",2,576,"TA","TA","Y",0,0,0,0,0,0,NA,NA,NA,0,7,2006,"WD","Normal",148000,"Train"
"378",378,60,"FV",102,11143,"Pave",NA,"IR1","Lvl","AllPub","Corner","Gtl","Somerst","Norm","Norm","1Fam","2Story","8","5",2004,2005,"Gable","CompShg","CemntBd","CmentBd","None",0,"Gd","TA","PConc","Gd","TA","No","Unf",0,"Unf",0,1580,1580,"GasA","Ex","Y","SBrkr",1580,886,0,2466,0,0,3,0,4,1,"Gd",8,"Typ",1,"Gd","Attchd",2004,"RFn",2,610,"TA","TA","Y",159,214,0,0,0,0,NA,NA,NA,0,12,2007,"WD","Normal",340000,"Train"
"379",379,20,"RL",88,11394,"Pave",NA,"Reg","Lvl","AllPub","Corner","Gtl","StoneBr","Norm","Norm","1Fam","1Story","9","2",2010,2010,"Hip","CompShg","VinylSd","VinylSd","Stone",350,"Gd","TA","PConc","Ex","TA","Av","GLQ",1445,"Unf",0,411,1856,"GasA","Ex","Y","SBrkr",1856,0,0,1856,1,0,1,1,1,1,"Ex",8,"Typ",1,"Ex","Attchd",2010,"Fin",3,834,"TA","TA","Y",113,0,0,0,0,0,NA,NA,NA,0,6,2010,"New","Partial",394432,"Train"
"380",380,60,"RL",60,8123,"Pave",NA,"IR1","Lvl","AllPub","Inside","Gtl","Gilbert","RRAn","Norm","1Fam","2Story","6","5",2000,2000,"Gable","CompShg","VinylSd","VinylSd","BrkFace",16,"TA","TA","PConc","Gd","TA","No","Unf",0,"Unf",0,982,982,"GasA","Ex","Y","SBrkr",1007,793,0,1800,0,0,2,1,3,1,"TA",7,"Typ",1,"TA","Attchd",2000,"Fin",2,463,"TA","TA","Y",100,63,0,0,0,0,NA,NA,NA,0,6,2009,"WD","Normal",179000,"Train"
"381",381,50,"RL",50,5000,"Pave","Pave","Reg","Lvl","AllPub","Inside","Gtl","SWISU","Norm","Norm","1Fam","1.5Fin","5","6",1924,1950,"Gable","CompShg","BrkFace","Wd Sdng","None",0,"TA","TA","BrkTil","TA","TA","No","LwQ",218,"Unf",0,808,1026,"GasA","TA","Y","SBrkr",1026,665,0,1691,0,0,2,0,3,1,"Gd",6,"Typ",1,"Gd","Detchd",1924,"Unf",1,308,"TA","TA","Y",0,0,242,0,0,0,NA,NA,NA,0,5,2010,"WD","Normal",127000,"Train"
"382",382,20,"FV",60,7200,"Pave","Pave","Reg","Lvl","AllPub","Inside","Gtl","Somerst","Norm","Norm","1Fam","1Story","7","5",2006,2006,"Gable","CompShg","VinylSd","VinylSd","None",0,"Gd","TA","PConc","Gd","Gd","No","Unf",0,"Unf",0,1293,1293,"GasA","Ex","Y","SBrkr",1301,0,0,1301,1,0,2,0,2,1,"Gd",5,"Typ",1,"Gd","Attchd",2006,"RFn",2,572,"TA","TA","Y",216,121,0,0,0,0,NA,NA,NA,0,8,2006,"New","Partial",187750,"Train"
"383",383,60,"RL",79,9245,"Pave",NA,"IR1","Lvl","AllPub","Inside","Gtl","CollgCr","Norm","Norm","1Fam","2Story","7","5",2006,2006,"Gable","CompShg","VinylSd","VinylSd","None",0,"Gd","TA","PConc","Gd","TA","Av","Unf",0,"Unf",0,939,939,"GasA","Ex","Y","SBrkr",939,858,0,1797,0,0,2,1,3,1,"Gd",8,"Typ",0,NA,"Attchd",2006,"RFn",2,639,"TA","TA","Y",144,53,0,0,0,0,NA,NA,NA,0,4,2007,"WD","Normal",213500,"Train"
"384",384,45,"RH",60,9000,"Pave",NA,"Reg","Lvl","AllPub","Corner","Gtl","SawyerW","Norm","Norm","1Fam","1.5Unf","6","3",1928,1950,"Gable","CompShg","Wd Sdng","Wd Sdng","None",0,"TA","TA","BrkTil","Fa","Fa","No","Unf",0,"Unf",0,784,784,"GasA","TA","N","FuseA",784,0,0,784,0,0,1,0,2,1,"TA",5,"Typ",0,NA,"Detchd",1950,"Unf",2,360,"Fa","Fa","N",0,0,91,0,0,0,NA,NA,NA,0,10,2009,"WD","Normal",76000,"Train"
"385",385,60,"RL",NA,53107,"Pave",NA,"IR2","Low","AllPub","Corner","Mod","ClearCr","Feedr","Norm","1Fam","2Story","6","5",1992,1992,"Gable","CompShg","HdBoard","HdBoard","None",0,"Gd","TA","PConc","Gd","TA","Av","GLQ",985,"Unf",0,595,1580,"GasA","Ex","Y","SBrkr",1079,874,0,1953,1,0,2,1,3,1,"Gd",9,"Typ",2,"Fa","Attchd",1992,"Fin",2,501,"TA","TA","Y",216,231,0,0,0,0,NA,NA,NA,0,6,2007,"WD","Normal",240000,"Train"
"386",386,120,"RL",43,3182,"Pave",NA,"Reg","Lvl","AllPub","Inside","Gtl","Blmngtn","Norm","Norm","TwnhsE","1Story","8","5",2004,2005,"Gable","CompShg","VinylSd","VinylSd","BrkFace",16,"Gd","TA","PConc","Gd","TA","No","GLQ",24,"Unf",0,1232,1256,"GasA","Ex","Y","SBrkr",1269,0,0,1269,0,0,2,0,2,1,"Gd",6,"Typ",1,"TA","Attchd",2004,"Fin",2,430,"TA","TA","Y",146,20,0,0,144,0,NA,NA,NA,0,4,2010,"WD","Normal",192000,"Train"
"387",387,50,"RL",58,8410,"Pave",NA,"Reg","Lvl","AllPub","FR2","Gtl","Edwards","Feedr","Norm","1Fam","1.5Fin","5","3",1910,1996,"Gambrel","CompShg","Wd Sdng","VinylSd","None",0,"TA","Fa","PConc","TA","TA","No","Unf",0,"Unf",0,658,658,"GasA","TA","Y","SBrkr",658,526,0,1184,0,0,1,0,5,1,"TA",8,"Typ",0,NA,NA,NA,NA,0,0,NA,NA,"N",0,151,0,0,0,0,NA,NA,NA,0,5,2006,"WD","AdjLand",81000,"Train"
"388",388,80,"RL",72,7200,"Pave",NA,"Reg","Lvl","AllPub","Inside","Gtl","Edwards","Norm","Norm","1Fam","SLvl","6","6",1976,1976,"Hip","CompShg","MetalSd","MetalSd","BrkFace",255,"TA","TA","CBlock","TA","TA","Av","ALQ",631,"Unf",0,410,1041,"GasA","Ex","Y","SBrkr",1125,0,0,1125,1,0,1,0,3,1,"TA",6,"Typ",1,"Fa","Detchd",1977,"Unf",1,352,"TA","TA","Y",296,0,0,0,0,0,NA,"GdWo",NA,0,10,2009,"WD","Abnorml",125000,"Train"
"389",389,20,"RL",93,9382,"Pave",NA,"IR1","Lvl","AllPub","CulDSac","Gtl","CollgCr","Norm","Norm","1Fam","1Story","7","5",1999,2000,"Gable","CompShg","VinylSd","VinylSd","BrkFace",125,"Gd","TA","PConc","Gd","TA","No","Unf",0,"Unf",0,1468,1468,"GasA","Ex","Y","SBrkr",1479,0,0,1479,0,0,2,0,3,1,"Gd",6,"Typ",0,NA,"Attchd",1999,"RFn",2,577,"TA","TA","Y",120,25,0,0,0,0,NA,NA,NA,0,7,2008,"WD","Normal",191000,"Train"
"390",390,60,"RL",96,12474,"Pave",NA,"Reg","Lvl","AllPub","Inside","Gtl","NridgHt","Norm","Norm","1Fam","2Story","10","5",2007,2008,"Gable","CompShg","VinylSd","VinylSd","Stone",272,"Ex","TA","PConc","Ex","TA","Av","GLQ",1280,"Unf",0,402,1682,"GasA","Ex","Y","SBrkr",1742,590,0,2332,1,0,2,1,3,1,"Ex",9,"Typ",1,"Ex","BuiltIn",2008,"Fin",3,846,"TA","TA","Y",196,134,0,0,0,0,NA,NA,NA,0,8,2008,"New","Partial",426000,"Train"
"391",391,50,"RL",50,8405,"Pave","Grvl","Reg","Lvl","AllPub","Inside","Gtl","Edwards","Norm","Norm","1Fam","1.5Fin","5","8",1900,1950,"Gable","CompShg","MetalSd","MetalSd","None",0,"TA","TA","BrkTil","TA","Gd","No","Rec",241,"BLQ",391,229,861,"GasA","Ex","Y","SBrkr",961,406,0,1367,1,0,1,0,4,1,"TA",7,"Typ",0,NA,"Detchd",1978,"Unf",1,384,"TA","TA","Y",0,130,112,0,0,0,NA,"MnPrv",NA,0,4,2008,"WD","Normal",119000,"Train"
"392",392,60,"RL",71,12209,"Pave",NA,"IR1","Lvl","AllPub","CulDSac","Gtl","Mitchel","Norm","Norm","1Fam","2Story","6","5",2001,2002,"Gable","CompShg","VinylSd","VinylSd","None",0,"TA","TA","PConc","Ex","TA","No","ALQ",690,"Unf",0,114,804,"GasA","Ex","Y","SBrkr",804,1157,0,1961,1,0,2,1,3,1,"Gd",7,"Typ",1,"TA","BuiltIn",2001,"Fin",2,560,"TA","TA","Y",125,192,0,0,0,0,NA,NA,NA,0,6,2009,"WD","Normal",215000,"Train"
"393",393,20,"RL",NA,8339,"Pave",NA,"IR1","Lvl","AllPub","Inside","Gtl","NAmes","Norm","Norm","1Fam","1Story","5","7",1959,1959,"Gable","CompShg","MetalSd","MetalSd","None",0,"TA","TA","Slab",NA,NA,NA,NA,0,NA,0,0,0,"GasA","TA","Y","SBrkr",882,0,0,882,0,0,1,0,3,1,"TA",5,"Typ",0,NA,"Attchd",1959,"RFn",1,294,"TA","TA","Y",0,0,0,0,0,0,NA,"MnPrv","Shed",1200,7,2007,"WD","Normal",106500,"Train"
"394",394,30,"RL",NA,7446,"Pave",NA,"Reg","Lvl","AllPub","Corner","Gtl","BrkSide","Feedr","Norm","1Fam","1Story","4","5",1941,1950,"Gable","CompShg","WdShing","Wd Shng","None",0,"TA","TA","CBlock","TA","TA","No","Rec",266,"Unf",0,522,788,"GasA","TA","Y","FuseA",788,0,0,788,0,0,1,0,2,1,"TA",4,"Typ",2,"TA",NA,NA,NA,0,0,NA,NA,"Y",0,0,0,0,0,0,NA,"GdWo",NA,0,4,2006,"WD","Abnorml",1e+05,"Train"
"395",395,50,"RL",60,10134,"Pave",NA,"Reg","Lvl","AllPub","Inside","Gtl","OldTown","Norm","Norm","1Fam","1.5Fin","5","6",1940,1950,"Gable","CompShg","MetalSd","MetalSd","None",0,"TA","TA","CBlock","TA","TA","No","Unf",0,"Unf",0,735,735,"GasA","Gd","Y","FuseA",735,299,0,1034,0,0,1,0,2,1,"TA",5,"Typ",0,NA,"Detchd",1940,"Unf",1,240,"TA","TA","Y",0,39,0,0,0,0,NA,NA,NA,0,7,2007,"WD","Normal",109000,"Train"
"396",396,20,"RL",68,9571,"Pave",NA,"Reg","Lvl","AllPub","Inside","Gtl","Edwards","Norm","Norm","1Fam","1Story","5","6",1956,1956,"Gable","CompShg","Wd Sdng","Wd Sdng","None",0,"TA","TA","CBlock","TA","TA","Av","BLQ",739,"Unf",0,405,1144,"GasA","TA","Y","SBrkr",1144,0,0,1144,1,0,1,0,3,1,"TA",6,"Typ",0,NA,"Attchd",1956,"Unf",1,596,"TA","TA","Y",44,0,0,0,0,0,NA,NA,NA,0,6,2010,"WD","Normal",129000,"Train"
"397",397,20,"RL",60,7200,"Pave",NA,"Reg","Low","AllPub","Inside","Gtl","CollgCr","Norm","Norm","1Fam","1Story","5","5",1972,1972,"Hip","CompShg","MetalSd","MetalSd","None",0,"TA","TA","CBlock","TA","TA","Av","Rec",777,"Unf",0,117,894,"GasA","TA","Y","SBrkr",894,0,0,894,0,0,1,0,2,1,"TA",6,"Typ",0,NA,"Detchd",1985,"RFn",2,600,"TA","TA","Y",215,0,0,0,0,0,NA,NA,NA,0,9,2009,"WD","Normal",123000,"Train"
"398",398,60,"RL",69,7590,"Pave",NA,"Reg","Lvl","AllPub","Inside","Gtl","NAmes","PosN","Norm","1Fam","2Story","5","5",1962,1962,"Gable","CompShg","VinylSd","VinylSd","BrkFace",288,"TA","TA","CBlock","TA","TA","No","ALQ",540,"Unf",0,324,864,"GasA","TA","Y","SBrkr",876,936,0,1812,0,0,2,0,4,1,"TA",8,"Typ",1,"TA","Attchd",1962,"RFn",1,264,"TA","TA","Y",0,168,0,0,0,0,NA,NA,NA,0,7,2007,"WD","Normal",169500,"Train"
"399",399,30,"RM",60,8967,"Pave",NA,"Reg","Lvl","AllPub","Corner","Gtl","IDOTRR","Norm","Norm","1Fam","1Story","5","2",1920,1950,"Gable","CompShg","MetalSd","MetalSd","None",0,"TA","Fa","BrkTil","Fa","Po","No","Unf",0,"Unf",0,961,961,"GasA","Gd","Y","Mix",1077,0,0,1077,0,0,1,0,2,1,"TA",6,"Maj2",0,NA,"Detchd",1920,"Unf",1,338,"Po","Po","N",0,0,0,0,0,0,NA,NA,NA,0,11,2007,"WD","Abnorml",67000,"Train"
"400",400,60,"FV",65,8125,"Pave",NA,"Reg","Lvl","AllPub","Inside","Gtl","Somerst","Norm","Norm","1Fam","2Story","7","5",2006,2007,"Gable","CompShg","CemntBd","CmentBd","Stone",100,"Gd","TA","PConc","Gd","TA","No","GLQ",812,"Unf",0,280,1092,"GasA","Ex","Y","SBrkr",1112,438,0,1550,1,0,2,0,2,1,"Gd",7,"Typ",0,NA,"Attchd",2007,"Fin",2,438,"TA","TA","Y",0,168,0,0,0,0,NA,NA,NA,0,10,2009,"WD","Normal",241000,"Train"
"401",401,120,"RL",38,14963,"Pave",NA,"IR2","Lvl","AllPub","Inside","Gtl","Veenker","Norm","Norm","TwnhsE","1Story","8","5",1996,1996,"Gable","CompShg","BrkFace","BrkFace","None",0,"Gd","TA","PConc","Gd","TA","No","GLQ",786,"Unf",0,474,1260,"GasA","Ex","Y","SBrkr",1288,0,0,1288,1,0,1,1,1,1,"Ex",4,"Typ",2,"Gd","Attchd",1996,"Fin",2,500,"TA","TA","Y",120,30,0,0,224,0,NA,NA,NA,0,12,2008,"WD","Normal",245500,"Train"
"402",402,20,"RL",65,8767,"Pave",NA,"IR1","Lvl","AllPub","Inside","Gtl","CollgCr","Norm","Norm","1Fam","1Story","7","5",2005,2005,"Gable","CompShg","VinylSd","VinylSd","None",0,"Gd","TA","PConc","Gd","TA","Av","GLQ",24,"Unf",0,1286,1310,"GasA","Ex","Y","SBrkr",1310,0,0,1310,0,0,2,0,3,1,"Gd",6,"Typ",1,"Gd","Attchd",2005,"Fin",2,400,"TA","TA","Y",0,0,0,0,0,0,NA,NA,NA,0,7,2006,"New","Partial",164990,"Train"
"403",403,30,"RL",60,10200,"Pave",NA,"Reg","Lvl","AllPub","Inside","Gtl","Sawyer","Norm","Norm","1Fam","1Story","5","8",1940,1997,"Gable","CompShg","Wd Sdng","Wd Sdng","None",0,"TA","TA","PConc","TA","TA","No","Unf",0,"Unf",0,672,672,"GasA","Ex","Y","SBrkr",672,0,0,672,0,0,1,0,2,1,"TA",4,"Typ",0,NA,"Detchd",1940,"Unf",1,240,"TA","TA","N",168,0,0,0,0,0,NA,"GdPrv",NA,0,8,2008,"WD","Normal",108000,"Train"
"404",404,60,"RL",93,12090,"Pave",NA,"Reg","Lvl","AllPub","Corner","Gtl","NoRidge","Norm","Norm","1Fam","2Story","8","5",1998,1998,"Hip","CompShg","VinylSd","VinylSd","BrkFace",650,"Gd","TA","PConc","Gd","TA","No","Unf",0,"Unf",0,1141,1141,"GasA","Gd","Y","SBrkr",1165,1098,0,2263,0,0,2,1,4,1,"Gd",10,"Typ",1,"TA","BuiltIn",1998,"Fin",2,420,"TA","TA","Y",144,123,0,0,0,0,NA,NA,NA,0,7,2006,"WD","Abnorml",258000,"Train"
"405",405,60,"RL",NA,10364,"Pave",NA,"IR1","Lvl","AllPub","Inside","Gtl","Gilbert","Norm","Norm","1Fam","2Story","6","5",1995,1996,"Gable","CompShg","MetalSd","MetalSd","None",0,"TA","TA","PConc","Gd","TA","No","Unf",0,"Unf",0,806,806,"GasA","Gd","Y","SBrkr",806,766,0,1572,0,0,2,1,3,1,"TA",7,"Typ",1,"TA","BuiltIn",1995,"Fin",2,373,"TA","TA","Y",0,40,0,0,0,0,NA,NA,NA,0,5,2007,"WD","Normal",168000,"Train"
"406",406,20,"RL",NA,9991,"Pave",NA,"IR1","Lvl","AllPub","Corner","Gtl","Sawyer","Feedr","Norm","1Fam","1Story","4","4",1976,1993,"Gable","CompShg","Plywood","Plywood","None",0,"TA","TA","CBlock","TA","TA","No","BLQ",1116,"Unf",0,165,1281,"GasA","Ex","Y","SBrkr",1620,0,0,1620,1,0,2,0,3,1,"TA",8,"Min1",1,"TA","Attchd",1993,"Unf",2,490,"TA","TA","Y",120,78,0,0,0,0,NA,"GdWo",NA,0,6,2009,"WD","Normal",150000,"Train"
"407",407,50,"RL",51,10480,"Pave",NA,"Reg","Lvl","AllPub","Inside","Gtl","SWISU","Norm","Norm","1Fam","1.5Fin","6","5",1936,1950,"Gable","CompShg","MetalSd","MetalSd","None",0,"TA","TA","BrkTil","TA","TA","No","Unf",0,"Unf",0,1064,1064,"GasA","Ex","Y","FuseA",1166,0,473,1639,0,0,1,0,3,1,"TA",6,"Maj2",0,NA,"Detchd",1936,"Unf",1,240,"TA","TA","Y",0,0,0,0,0,0,NA,NA,NA,0,3,2008,"WD","Normal",115000,"Train"
"408",408,70,"RL",63,15576,"Pave",NA,"Reg","Lvl","AllPub","Inside","Gtl","Crawfor","Norm","Norm","1Fam","2Story","6","7",1915,1976,"Gable","CompShg","Wd Sdng","Plywood","None",0,"TA","TA","BrkTil","Gd","TA","No","Unf",0,"Unf",0,840,840,"GasA","Ex","Y","SBrkr",840,840,0,1680,0,0,2,0,4,1,"TA",8,"Typ",0,NA,"Attchd",1960,"Unf",1,308,"TA","TA","Y",0,0,160,0,0,0,NA,NA,NA,0,3,2008,"WD","Normal",177000,"Train"
"409",409,60,"RL",109,14154,"Pave",NA,"Reg","Lvl","AllPub","Corner","Gtl","NridgHt","Norm","Norm","1Fam","2Story","7","5",2006,2006,"Gable","CompShg","VinylSd","VinylSd","BrkFace",350,"Gd","TA","PConc","Ex","Gd","No","Unf",0,"Unf",0,1063,1063,"GasA","Ex","Y","SBrkr",1071,1101,0,2172,0,0,2,1,3,1,"Gd",9,"Typ",1,"Gd","Attchd",2006,"RFn",3,947,"TA","TA","Y",192,62,0,0,0,0,NA,NA,NA,0,8,2007,"New","Partial",280000,"Train"
"410",410,60,"FV",85,10800,"Pave",NA,"Reg","Lvl","AllPub","Inside","Gtl","Somerst","Norm","Norm","1Fam","2Story","8","5",2007,2008,"Gable","CompShg","VinylSd","VinylSd","Stone",100,"Gd","TA","PConc","Ex","TA","No","GLQ",789,"Unf",0,245,1034,"GasA","Ex","Y","SBrkr",1050,1028,0,2078,1,0,2,1,3,1,"Ex",8,"Typ",1,"Gd","Attchd",2008,"Fin",3,836,"TA","TA","Y",0,102,0,0,0,0,NA,NA,NA,0,4,2008,"New","Partial",339750,"Train"
"411",411,20,"RL",68,9571,"Pave",NA,"Reg","Lvl","AllPub","Inside","Gtl","Edwards","Norm","Norm","1Fam","1Story","5","3",1958,1958,"Gable","CompShg","BrkComm","Brk Cmn","None",0,"TA","Fa","CBlock","TA","Fa","No","Unf",0,"Unf",0,1276,1276,"GasA","TA","Y","FuseA",1276,0,0,1276,0,0,1,0,3,1,"TA",5,"Mod",0,NA,"Attchd",1958,"Unf",1,350,"TA","TA","Y",0,0,0,0,0,0,NA,NA,NA,0,6,2009,"COD","Abnorml",60000,"Train"
"412",412,190,"RL",100,34650,"Pave",NA,"Reg","Bnk","AllPub","Inside","Gtl","Gilbert","Norm","Norm","2fmCon","1Story","5","5",1955,1955,"Hip","CompShg","Wd Sdng","Wd Sdng","None",0,"TA","TA","CBlock","TA","TA","Mn","Rec",1056,"Unf",0,0,1056,"GasA","TA","N","SBrkr",1056,0,0,1056,1,0,1,0,3,1,"TA",5,"Typ",0,NA,"Attchd",1955,"Fin",2,572,"TA","TA","Y",264,0,0,0,0,0,NA,NA,NA,0,1,2006,"WD","Normal",145000,"Train"
"413",413,20,"FV",NA,4403,"Pave",NA,"IR2","Lvl","AllPub","Inside","Gtl","Somerst","Norm","Norm","1Fam","1Story","7","5",2009,2009,"Gable","CompShg","MetalSd","MetalSd","Stone",432,"Ex","TA","PConc","Ex","TA","Av","GLQ",578,"Unf",0,892,1470,"GasA","Ex","Y","SBrkr",1478,0,0,1478,1,0,2,1,2,1,"Gd",7,"Typ",1,"Gd","Attchd",2009,"Fin",2,484,"TA","TA","Y",0,144,0,0,0,0,NA,NA,NA,0,6,2010,"New","Partial",222000,"Train"
"414",414,30,"RM",56,8960,"Pave","Grvl","Reg","Lvl","AllPub","Inside","Gtl","OldTown","Artery","Norm","1Fam","1Story","5","6",1927,1950,"Gable","CompShg","WdShing","Wd Shng","None",0,"TA","TA","CBlock","TA","TA","No","Unf",0,"Unf",0,1008,1008,"GasA","Gd","Y","FuseA",1028,0,0,1028,0,0,1,0,2,1,"TA",5,"Typ",1,"Gd","Detchd",1927,"Unf",2,360,"TA","TA","Y",0,0,130,0,0,0,NA,NA,NA,0,3,2010,"WD","Normal",115000,"Train"
"415",415,60,"RL",59,11228,"Pave",NA,"IR2","Lvl","AllPub","CulDSac","Gtl","SawyerW","Norm","Norm","1Fam","2Story","7","5",1993,1993,"Gable","CompShg","VinylSd","VinylSd","None",0,"Gd","TA","PConc","Gd","TA","No","BLQ",50,"GLQ",531,499,1080,"GasA","Ex","Y","SBrkr",1080,1017,0,2097,0,1,2,1,3,1,"Gd",9,"Typ",1,"TA","Attchd",1993,"Unf",3,678,"TA","TA","Y",196,187,0,0,0,0,NA,NA,NA,0,12,2008,"WD","Normal",228000,"Train"
"416",416,20,"RL",73,8899,"Pave",NA,"IR1","Lvl","AllPub","Inside","Gtl","Gilbert","Norm","Norm","1Fam","1Story","7","5",2007,2007,"Gable","CompShg","VinylSd","VinylSd","None",0,"Gd","TA","PConc","Gd","TA","Av","GLQ",24,"Unf",0,1316,1340,"GasA","Ex","Y","SBrkr",1340,0,0,1340,0,0,2,0,3,1,"Gd",6,"Typ",0,NA,"Attchd",2007,"Fin",2,396,"TA","TA","Y",100,30,0,0,0,0,NA,NA,NA,0,8,2007,"New","Partial",181134,"Train"
"417",417,60,"RL",74,7844,"Pave",NA,"Reg","Lvl","AllPub","Inside","Gtl","Sawyer","Norm","Norm","1Fam","2Story","6","7",1978,1978,"Hip","CompShg","HdBoard","HdBoard","BrkFace",203,"TA","TA","CBlock","TA","TA","No","ALQ",209,"Unf",0,463,672,"GasA","TA","Y","SBrkr",672,728,0,1400,0,0,1,1,3,1,"TA",6,"Typ",1,"TA","Attchd",1978,"Fin",2,440,"TA","TA","Y",0,0,0,0,0,0,NA,NA,NA,0,3,2006,"WD","Normal",149500,"Train"
"418",418,70,"RL",86,22420,"Pave",NA,"IR1","Lvl","AllPub","Inside","Gtl","Crawfor","Feedr","Norm","1Fam","2Story","6","6",1918,1950,"Hip","CompShg","Wd Sdng","Stucco","None",0,"TA","TA","BrkTil","Gd","TA","No","BLQ",1128,"Unf",0,242,1370,"GasW","TA","N","FuseA",1370,1254,0,2624,1,0,2,1,4,1,"TA",10,"Typ",1,"Gd","Detchd",1918,"Unf",3,864,"TA","TA","N",0,0,0,0,0,0,NA,NA,NA,0,11,2007,"WD","Normal",239000,"Train"
"419",419,50,"RL",60,8160,"Pave",NA,"Reg","Lvl","AllPub","Inside","Gtl","Edwards","Norm","Norm","1Fam","1.5Fin","5","6",1940,1950,"Gable","CompShg","MetalSd","MetalSd","None",0,"TA","TA","BrkTil","TA","TA","No","ALQ",312,"Unf",0,444,756,"GasA","Fa","N","FuseF",756,378,0,1134,1,0,1,1,3,1,"TA",7,"Typ",0,NA,"Detchd",1940,"Unf",1,240,"TA","TA","P",0,0,0,0,0,0,NA,NA,NA,0,4,2007,"WD","AdjLand",126000,"Train"
"420",420,20,"RL",65,8450,"Pave",NA,"Reg","Lvl","AllPub","Inside","Gtl","NAmes","Norm","Norm","1Fam","1Story","5","6",1968,1968,"Gable","CompShg","VinylSd","VinylSd","None",0,"TA","TA","CBlock","TA","TA","No","BLQ",775,"Unf",0,281,1056,"GasA","Ex","Y","SBrkr",1056,0,0,1056,1,0,1,0,3,1,"TA",6,"Typ",1,"Fa","Attchd",1968,"Unf",1,304,"TA","TA","Y",0,85,184,0,0,0,NA,NA,NA,0,7,2010,"WD","Normal",142000,"Train"
"421",421,90,"RM",78,7060,"Pave",NA,"Reg","Lvl","AllPub","Inside","Gtl","Mitchel","Norm","Norm","Duplex","SFoyer","7","5",1997,1998,"Gable","CompShg","VinylSd","VinylSd","BrkFace",200,"TA","Gd","PConc","Gd","Gd","Gd","GLQ",1309,"Unf",0,35,1344,"GasA","Ex","Y","SBrkr",1344,0,0,1344,2,0,2,0,2,2,"TA",8,"Typ",0,NA,"Attchd",1997,"Fin",4,784,"TA","TA","Y",0,0,0,0,0,0,NA,NA,NA,0,11,2008,"WD","Alloca",206300,"Train"
"422",422,20,"RL",NA,16635,"Pave",NA,"IR1","Lvl","AllPub","FR2","Gtl","NWAmes","Norm","Norm","1Fam","1Story","6","7",1977,2000,"Gable","CompShg","CemntBd","CmentBd","Stone",126,"Gd","TA","CBlock","Gd","TA","No","ALQ",1246,"Unf",0,356,1602,"GasA","Gd","Y","SBrkr",1602,0,0,1602,0,1,2,0,3,1,"Gd",8,"Typ",1,"TA","Attchd",1977,"Fin",2,529,"TA","TA","Y",240,0,0,0,0,0,NA,NA,NA,0,6,2009,"WD","Normal",215000,"Train"
"423",423,20,"RL",100,21750,"Pave",NA,"Reg","HLS","AllPub","Inside","Mod","Mitchel","Artery","Norm","1Fam","1Story","5","5",1954,1954,"Hip","CompShg","HdBoard","HdBoard","None",0,"TA","TA","CBlock","TA","TA","No","Unf",0,"Unf",0,988,988,"GasA","Ex","Y","FuseA",988,0,0,988,0,0,1,0,2,1,"TA",4,"Typ",0,NA,"Attchd",1954,"RFn",2,520,"TA","TA","N",0,0,0,0,0,0,NA,NA,NA,0,2,2008,"WD","Normal",113000,"Train"
"424",424,60,"RL",80,9200,"Pave",NA,"Reg","Lvl","AllPub","Inside","Gtl","NoRidge","Norm","Norm","1Fam","2Story","8","5",1998,1998,"Gable","CompShg","VinylSd","VinylSd","BrkFace",473,"Gd","TA","PConc","Gd","TA","No","GLQ",986,"Unf",0,484,1470,"GasA","Gd","Y","SBrkr",1470,1160,0,2630,1,0,2,1,4,1,"Gd",8,"Typ",1,"TA","Attchd",1998,"Fin",3,696,"TA","TA","Y",0,66,0,0,0,0,NA,NA,NA,0,6,2008,"WD","Normal",315000,"Train"
"425",425,20,"RL",72,9000,"Pave",NA,"Reg","Lvl","AllPub","Inside","Gtl","NAmes","Norm","Norm","1Fam","1Story","6","5",1956,1956,"Gable","CompShg","Wd Sdng","Wd Sdng","BrkFace",74,"TA","TA","CBlock","Gd","TA","No","LwQ",616,"Unf",0,580,1196,"GasA","Gd","Y","FuseA",1196,0,0,1196,1,0,1,0,2,1,"TA",6,"Typ",1,"Gd","Attchd",1956,"RFn",1,297,"TA","TA","Y",0,44,0,0,0,0,NA,NA,NA,0,5,2008,"WD","Normal",139000,"Train"
"426",426,60,"RM",60,3378,"Pave","Grvl","Reg","HLS","AllPub","Inside","Gtl","OldTown","Norm","Norm","1Fam","2Story","7","8",1946,1992,"Gable","CompShg","HdBoard","HdBoard","None",0,"TA","Gd","CBlock","TA","TA","No","Unf",0,"Unf",0,651,651,"GasA","Gd","Y","SBrkr",707,682,0,1389,0,0,1,1,3,1,"TA",6,"Typ",2,"Gd","Detchd",1947,"Unf",1,240,"TA","TA","P",0,0,126,0,0,0,NA,NA,NA,0,9,2009,"WD","Normal",135000,"Train"
"427",427,80,"RL",NA,12800,"Pave",NA,"Reg","Low","AllPub","Inside","Mod","SawyerW","Norm","Norm","1Fam","SLvl","7","5",1989,1989,"Gable","CompShg","Wd Sdng","Wd Sdng","BrkFace",145,"Gd","TA","PConc","Gd","TA","Gd","GLQ",1518,"Unf",0,0,1518,"GasA","Gd","Y","SBrkr",1644,0,0,1644,1,1,2,0,2,1,"Gd",5,"Typ",1,"TA","Attchd",1989,"Fin",2,569,"TA","TA","Y",80,0,0,0,396,0,NA,NA,NA,0,8,2009,"WD","Normal",275000,"Train"
"428",428,20,"RL",77,8593,"Pave",NA,"IR1","Lvl","AllPub","Inside","Gtl","NAmes","Norm","Norm","1Fam","1Story","4","6",1957,1957,"Hip","CompShg","MetalSd","MetalSd","None",0,"TA","TA","CBlock","TA","TA","No","Rec",288,"Unf",0,619,907,"GasA","Ex","Y","SBrkr",907,0,0,907,0,0,1,0,3,1,"TA",5,"Typ",0,NA,"Detchd",1964,"Unf",1,352,"TA","TA","Y",0,0,0,0,0,0,NA,NA,NA,0,7,2008,"WD","Normal",109008,"Train"
"429",429,20,"RL",64,6762,"Pave",NA,"Reg","Lvl","AllPub","Inside","Gtl","CollgCr","Norm","Norm","1Fam","1Story","7","5",2007,2007,"Gable","CompShg","VinylSd","VinylSd","BrkFace",108,"Gd","TA","PConc","Gd","TA","No","GLQ",664,"Unf",0,544,1208,"GasA","Ex","Y","SBrkr",1208,0,0,1208,1,0,2,0,2,1,"Gd",6,"Typ",0,NA,"Attchd",2007,"RFn",2,628,"TA","TA","Y",105,54,0,0,0,0,NA,NA,NA,0,9,2007,"New","Partial",195400,"Train"
"430",430,20,"RL",130,11457,"Pave",NA,"IR1","Lvl","AllPub","Corner","Gtl","Timber","Norm","Norm","1Fam","1Story","6","5",1988,1988,"Gable","CompShg","HdBoard","HdBoard","None",0,"TA","TA","CBlock","Gd","TA","Mn","GLQ",1005,"Unf",0,387,1392,"GasA","TA","Y","SBrkr",1412,0,0,1412,1,0,2,0,3,1,"Gd",6,"Typ",1,"TA","Attchd",1988,"Unf",2,576,"TA","TA","Y",0,0,169,0,0,0,NA,NA,NA,0,3,2009,"WD","Normal",175000,"Train"
"431",431,160,"RM",21,1680,"Pave",NA,"Reg","Lvl","AllPub","Inside","Gtl","BrDale","Norm","Norm","Twnhs","2Story","6","5",1971,1971,"Gable","CompShg","HdBoard","HdBoard","BrkFace",232,"TA","TA","CBlock","TA","TA","No","ALQ",387,"Unf",0,96,483,"GasA","TA","Y","SBrkr",483,504,0,987,0,0,1,1,2,1,"TA",4,"Typ",0,NA,"Detchd",1971,"Unf",1,264,"TA","TA","Y",0,0,0,0,0,0,NA,NA,NA,0,7,2008,"COD","Abnorml",85400,"Train"
"432",432,50,"RM",60,5586,"Pave",NA,"IR1","Bnk","AllPub","Inside","Gtl","OldTown","Feedr","Norm","1Fam","1.5Fin","6","7",1920,1998,"Gable","CompShg","MetalSd","MetalSd","None",0,"TA","TA","BrkTil","TA","TA","No","Unf",0,"Unf",0,901,901,"GasA","Gd","Y","SBrkr",1088,110,0,1198,0,0,1,0,4,1,"TA",7,"Typ",0,NA,NA,NA,NA,0,0,NA,NA,"N",0,98,0,0,0,0,NA,"MnPrv",NA,0,9,2008,"ConLD","Abnorml",79900,"Train"
"433",433,160,"RM",24,1920,"Pave",NA,"Reg","Lvl","AllPub","Inside","Gtl","BrDale","Norm","Norm","TwnhsE","2Story","5","5",1971,1971,"Gable","CompShg","HdBoard","HdBoard","BrkFace",376,"TA","TA","CBlock","TA","TA","No","ALQ",471,"Unf",0,294,765,"GasA","Ex","Y","SBrkr",765,600,0,1365,1,0,1,1,2,1,"TA",6,"Min1",0,NA,"Detchd",1971,"Unf",2,440,"TA","TA","Y",240,36,0,0,0,0,NA,NA,NA,0,8,2007,"WD","Normal",122500,"Train"
"434",434,60,"RL",100,10839,"Pave",NA,"IR1","Lvl","AllPub","Corner","Gtl","Gilbert","Norm","Norm","1Fam","2Story","6","5",1997,1998,"Gable","CompShg","VinylSd","VinylSd","None",0,"TA","TA","PConc","Gd","TA","No","Unf",0,"Unf",0,926,926,"GasA","Ex","Y","SBrkr",926,678,0,1604,0,0,2,1,3,1,"TA",7,"Typ",1,"TA","Attchd",1997,"Fin",2,470,"TA","TA","Y",0,36,0,0,0,0,NA,NA,NA,0,7,2008,"WD","Normal",181000,"Train"
"435",435,180,"RM",21,1890,"Pave",NA,"Reg","Lvl","AllPub","Inside","Gtl","MeadowV","Norm","Norm","Twnhs","SFoyer","4","7",1972,1972,"Gable","CompShg","CemntBd","CmentBd","None",0,"TA","Gd","CBlock","Gd","TA","Av","ALQ",495,"Unf",0,135,630,"GasA","Gd","Y","SBrkr",630,0,0,630,1,0,1,0,1,1,"TA",3,"Typ",0,NA,NA,NA,NA,0,0,NA,NA,"Y",88,0,0,0,0,0,NA,NA,NA,0,6,2008,"WD","Normal",81000,"Train"
"436",436,60,"RL",43,10667,"Pave",NA,"IR2","Lvl","AllPub","CulDSac","Gtl","CollgCr","PosN","Norm","1Fam","2Story","7","6",1996,1996,"Gable","CompShg","VinylSd","VinylSd","None",0,"Gd","TA","PConc","Gd","TA","Av","GLQ",385,"ALQ",344,70,799,"GasA","Ex","Y","SBrkr",827,834,0,1661,1,0,2,1,3,1,"Gd",6,"Typ",1,"TA","Attchd",1996,"RFn",2,550,"TA","TA","Y",158,61,0,0,0,0,NA,NA,NA,0,4,2009,"ConLw","Normal",212000,"Train"
"437",437,50,"RM",40,4400,"Pave",NA,"Reg","Lvl","AllPub","Inside","Gtl","OldTown","Norm","Norm","1Fam","1.5Fin","6","8",1920,1950,"Gable","CompShg","Stucco","Stucco","None",0,"TA","TA","BrkTil","Fa","TA","No","Unf",0,"Unf",0,648,648,"GasA","TA","Y","FuseA",734,384,0,1118,0,0,1,0,2,1,"TA",6,"Typ",0,NA,"Detchd",1990,"Unf",2,440,"TA","TA","Y",0,0,0,0,0,0,NA,NA,NA,0,10,2006,"WD","Normal",116000,"Train"
"438",438,45,"RM",50,6000,"Pave",NA,"Reg","Lvl","AllPub","Inside","Gtl","BrkSide","Norm","Norm","1Fam","1.5Unf","6","7",1926,2004,"Gable","CompShg","Wd Sdng","Wd Sdng","None",0,"Gd","TA","PConc","TA","TA","No","Unf",0,"Unf",0,884,884,"GasA","Gd","Y","SBrkr",904,0,0,904,0,0,1,0,2,1,"TA",4,"Typ",0,NA,"Detchd",1926,"Unf",1,180,"TA","TA","Y",0,0,105,0,0,0,NA,NA,NA,0,1,2009,"WD","Normal",119000,"Train"
"439",439,30,"RL",40,4280,"Pave",NA,"Reg","Lvl","AllPub","Inside","Gtl","Crawfor","Norm","Norm","1Fam","1Story","5","6",1913,2002,"Gable","CompShg","WdShing","Stucco","None",0,"TA","TA","PConc","TA","TA","No","LwQ",365,"Unf",0,75,440,"GasA","TA","N","SBrkr",694,0,0,694,0,0,1,0,2,1,"Gd",4,"Typ",1,"Gd","Detchd",1990,"Unf",1,352,"Gd","TA","P",0,0,34,0,0,0,NA,"MnPrv",NA,0,3,2007,"WD","Normal",90350,"Train"
"440",440,50,"RL",67,12354,"Pave","Grvl","Reg","Lvl","AllPub","Corner","Gtl","Edwards","Norm","Norm","1Fam","1.5Fin","6","8",1920,2000,"Gable","CompShg","Wd Sdng","Wd Sdng","None",0,"TA","TA","BrkTil","TA","Fa","Mn","Unf",0,"Unf",0,684,684,"GasA","Gd","Y","SBrkr",684,512,0,1196,0,0,1,0,3,1,"Gd",7,"Typ",0,NA,"Detchd",2005,"Unf",2,528,"TA","TA","Y",0,46,0,0,0,0,NA,"GdPrv","Shed",800,8,2009,"ConLI","Normal",110000,"Train"
"441",441,20,"RL",105,15431,"Pave",NA,"Reg","Lvl","AllPub","Inside","Gtl","NridgHt","Norm","Norm","1Fam","1Story","10","5",2008,2008,"Hip","CompShg","VinylSd","VinylSd","Stone",200,"Ex","TA","PConc","Ex","TA","Gd","GLQ",1767,"ALQ",539,788,3094,"GasA","Ex","Y","SBrkr",2402,0,0,2402,1,0,2,0,2,1,"Ex",10,"Typ",2,"Gd","Attchd",2008,"Fin",3,672,"TA","TA","Y",0,72,0,0,170,0,NA,NA,NA,0,4,2009,"WD","Normal",555000,"Train"
"442",442,90,"RL",92,12108,"Pave",NA,"Reg","Lvl","AllPub","Inside","Gtl","Edwards","Norm","Norm","Duplex","1Story","4","4",1955,1955,"Gable","CompShg","VinylSd","VinylSd","BrkFace",270,"TA","TA","CBlock","TA","TA","No","ALQ",133,"Unf",0,1307,1440,"GasA","TA","N","FuseF",1440,0,0,1440,0,0,2,0,4,2,"Fa",8,"Typ",0,NA,NA,NA,NA,0,0,NA,NA,"Y",0,0,0,0,0,0,NA,NA,NA,0,9,2008,"WD","Normal",118000,"Train"
"443",443,50,"RM",52,6240,"Pave",NA,"Reg","Lvl","AllPub","Inside","Gtl","BrkSide","Norm","Norm","1Fam","1.5Fin","5","7",1930,1992,"Gable","CompShg","MetalSd","MetalSd","None",0,"TA","TA","PConc","TA","TA","No","Unf",0,"Unf",0,1078,1078,"GasA","TA","Y","SBrkr",1128,445,0,1573,0,0,2,0,3,1,"TA",8,"Typ",1,"Gd","Detchd",1930,"Unf",2,360,"TA","TA","P",0,0,0,0,0,0,NA,NA,NA,0,6,2008,"WD","Normal",162900,"Train"
"444",444,120,"RL",53,3922,"Pave",NA,"Reg","Lvl","AllPub","Inside","Gtl","Blmngtn","Norm","Norm","TwnhsE","1Story","7","5",2006,2007,"Gable","CompShg","WdShing","Wd Shng","BrkFace",72,"Gd","TA","PConc","Ex","TA","Av","Unf",0,"Unf",0,1258,1258,"GasA","Ex","Y","SBrkr",1258,0,0,1258,0,0,2,0,2,1,"Gd",6,"Typ",1,"Gd","Attchd",2007,"Fin",3,648,"TA","TA","Y",144,16,0,0,0,0,NA,NA,NA,0,6,2007,"New","Partial",172500,"Train"
"445",445,60,"RL",70,8750,"Pave",NA,"Reg","Lvl","AllPub","Inside","Gtl","CollgCr","Norm","Norm","1Fam","2Story","7","5",1994,1995,"Gable","CompShg","VinylSd","VinylSd","None",0,"Gd","Gd","PConc","Gd","TA","No","GLQ",642,"Unf",0,273,915,"GasA","Ex","Y","SBrkr",933,975,0,1908,1,0,2,1,4,1,"Gd",8,"Typ",1,"TA","Attchd",1994,"Unf",2,493,"TA","TA","Y",144,133,0,0,0,0,NA,NA,NA,0,7,2008,"WD","Normal",210000,"Train"
"446",446,20,"RL",73,9855,"Pave",NA,"Reg","Lvl","AllPub","Corner","Gtl","Edwards","Norm","Norm","1Fam","1Story","6","5",1956,1956,"Hip","CompShg","Wd Sdng","Wd Sdng","None",0,"TA","TA","CBlock","TA","TA","No","Unf",0,"Unf",0,1436,1436,"GasA","Fa","Y","SBrkr",1689,0,0,1689,0,0,1,0,3,1,"TA",7,"Typ",1,"Gd","Attchd",1956,"Unf",2,480,"TA","TA","Y",0,0,0,0,0,0,NA,"MnPrv",NA,0,11,2009,"COD","Normal",127500,"Train"
"447",447,20,"RL",137,16492,"Pave",NA,"IR1","Lvl","AllPub","Corner","Gtl","NAmes","PosA","Norm","1Fam","1Story","6","6",1966,2002,"Gable","CompShg","BrkFace","Plywood","None",0,"Gd","TA","CBlock","TA","TA","No","ALQ",247,"Rec",713,557,1517,"GasA","Ex","Y","SBrkr",1888,0,0,1888,0,0,2,1,2,1,"Gd",6,"Mod",1,"Gd","Attchd",1966,"Fin",2,578,"TA","TA","Y",0,0,0,0,0,0,NA,NA,NA,0,6,2010,"WD","Normal",190000,"Train"
"448",448,60,"RL",NA,11214,"Pave",NA,"IR1","Lvl","AllPub","Corner","Gtl","Gilbert","Norm","Norm","1Fam","2Story","7","5",1998,1999,"Gable","CompShg","VinylSd","VinylSd","None",0,"Gd","TA","PConc","Gd","TA","No","Unf",0,"Unf",0,930,930,"GasA","Gd","Y","SBrkr",956,930,0,1886,0,0,2,1,4,1,"Gd",10,"Typ",1,"TA","Attchd",1998,"Fin",2,431,"TA","TA","Y",89,0,0,0,0,0,NA,NA,NA,0,7,2006,"WD","Normal",199900,"Train"
"449",449,50,"RM",50,8600,"Pave",NA,"Reg","Bnk","AllPub","Inside","Gtl","IDOTRR","Norm","Norm","1Fam","1.5Fin","6","6",1937,1950,"Gable","CompShg","MetalSd","MetalSd","None",0,"TA","TA","BrkTil","TA","TA","No","Unf",0,"Unf",0,780,780,"GasA","TA","Y","SBrkr",780,596,0,1376,0,0,2,0,3,1,"TA",7,"Typ",1,"Gd","Detchd",1937,"Unf",1,198,"TA","TA","N",0,0,0,0,0,0,NA,NA,NA,0,6,2006,"WD","Normal",119500,"Train"
"450",450,50,"RM",50,6000,"Pave",NA,"Reg","Lvl","AllPub","Inside","Gtl","OldTown","Norm","Norm","1Fam","1.5Fin","3","7",1948,2002,"Gable","CompShg","MetalSd","MetalSd","None",0,"TA","Gd","CBlock","TA","TA","No","ALQ",331,"Unf",0,318,649,"GasA","Ex","Y","SBrkr",679,504,0,1183,0,0,1,1,2,1,"TA",6,"Typ",0,NA,"Detchd",1981,"Unf",1,308,"TA","TA","Y",0,176,0,0,0,0,NA,NA,NA,0,6,2007,"WD","Normal",120000,"Train"
"451",451,30,"RM",70,5684,"Pave",NA,"Reg","Lvl","AllPub","Inside","Gtl","OldTown","Norm","Norm","1Fam","1Story","6","8",1930,2005,"Hip","CompShg","Wd Sdng","Wd Sdng","None",0,"TA","TA","BrkTil","TA","TA","No","Unf",0,"Unf",0,813,813,"GasA","Ex","Y","FuseA",813,0,0,813,0,0,1,0,2,1,"Gd",5,"Typ",0,NA,"Detchd",1932,"Unf",1,270,"Fa","Fa","N",0,113,0,0,0,0,NA,NA,NA,0,6,2006,"WD","Normal",110000,"Train"
"452",452,20,"RL",62,70761,"Pave",NA,"IR1","Low","AllPub","Inside","Mod","ClearCr","Norm","Norm","1Fam","1Story","7","5",1975,1975,"Gable","WdShngl","Plywood","Plywood","None",0,"TA","TA","CBlock","Gd","TA","Gd","ALQ",655,"Unf",0,878,1533,"GasA","TA","Y","SBrkr",1533,0,0,1533,1,0,2,0,2,1,"Gd",5,"Typ",2,"TA","Attchd",1975,"Unf",2,576,"TA","TA","Y",200,54,0,0,0,0,NA,NA,NA,0,12,2006,"WD","Normal",280000,"Train"
"453",453,60,"RL",NA,9303,"Pave",NA,"IR1","Lvl","AllPub","Corner","Gtl","Timber","Norm","Norm","1Fam","2Story","6","5",1996,1997,"Hip","CompShg","VinylSd","VinylSd","BrkFace",42,"Gd","TA","PConc","Ex","TA","No","ALQ",742,"Unf",0,130,872,"GasA","Ex","Y","SBrkr",888,868,0,1756,1,0,2,1,3,1,"TA",7,"Typ",0,NA,"Attchd",1996,"Fin",2,422,"TA","TA","Y",144,122,0,0,0,0,NA,NA,NA,0,7,2007,"WD","Normal",204000,"Train"
"454",454,60,"FV",75,9000,"Pave",NA,"Reg","Lvl","AllPub","Inside","Gtl","Somerst","Norm","Norm","1Fam","2Story","8","5",2008,2008,"Gable","CompShg","VinylSd","VinylSd","None",0,"Gd","TA","PConc","Gd","TA","No","Unf",0,"Unf",0,768,768,"GasA","Ex","Y","SBrkr",786,804,0,1590,0,0,2,1,3,1,"Gd",6,"Typ",0,NA,"Attchd",2008,"RFn",2,676,"TA","TA","Y",0,30,0,0,0,0,NA,NA,NA,0,6,2009,"WD","Normal",210000,"Train"
"455",455,90,"RL",63,9297,"Pave",NA,"Reg","Lvl","AllPub","Inside","Gtl","Mitchel","Norm","Norm","Duplex","1Story","5","5",1976,1976,"Gable","CompShg","Plywood","Plywood","None",0,"TA","TA","CBlock","TA","TA","No","ALQ",1606,"Unf",0,122,1728,"GasA","TA","Y","SBrkr",1728,0,0,1728,2,0,2,0,4,2,"TA",8,"Typ",0,NA,"Detchd",1976,"Unf",2,560,"TA","TA","Y",0,0,0,0,0,0,NA,NA,NA,0,7,2006,"WD","Family",188000,"Train"
"456",456,20,"RL",80,9600,"Pave",NA,"Reg","Lvl","AllPub","Inside","Gtl","NWAmes","Norm","Norm","1Fam","1Story","7","6",1973,1973,"Hip","CompShg","HdBoard","HdBoard","BrkFace",320,"TA","TA","CBlock","TA","TA","No","ALQ",916,"Unf",0,326,1242,"GasA","Fa","Y","SBrkr",1242,0,0,1242,0,0,1,1,3,1,"TA",6,"Typ",1,"TA","Attchd",1973,"Unf",2,528,"TA","TA","Y",0,0,0,0,0,0,NA,NA,NA,0,9,2007,"WD","Normal",175500,"Train"
"457",457,70,"RM",34,4571,"Pave","Grvl","Reg","Lvl","AllPub","Inside","Gtl","OldTown","Norm","Norm","1Fam","2Story","5","5",1916,1950,"Gable","CompShg","AsbShng","AsbShng","None",0,"TA","TA","BrkTil","TA","TA","No","Unf",0,"Unf",0,624,624,"GasA","Fa","N","SBrkr",624,720,0,1344,0,0,1,0,4,1,"TA",7,"Typ",0,NA,"Detchd",1916,"Unf",3,513,"Fa","Fa","Y",0,0,96,0,0,0,NA,NA,NA,0,5,2008,"COD","Abnorml",98000,"Train"
"458",458,20,"RL",NA,53227,"Pave",NA,"IR1","Low","AllPub","CulDSac","Mod","ClearCr","Norm","Norm","1Fam","1Story","4","6",1954,1994,"Flat","Tar&Grv","Plywood","Plywood","None",0,"TA","TA","CBlock","Gd","TA","Gd","BLQ",1116,"Unf",0,248,1364,"GasA","Ex","Y","SBrkr",1663,0,0,1663,1,0,1,0,2,1,"Gd",6,"Min1",2,"Gd","Attchd",1954,"Fin",2,529,"TA","TA","Y",224,137,0,0,0,0,NA,NA,NA,0,3,2008,"WD","Normal",256000,"Train"
"459",459,70,"RM",NA,5100,"Pave","Grvl","Reg","Lvl","AllPub","Inside","Gtl","OldTown","Norm","Norm","1Fam","2Story","8","7",1925,1996,"Hip","CompShg","Stucco","Wd Shng","None",0,"TA","Gd","PConc","TA","TA","No","Unf",0,"Unf",0,588,588,"GasA","Fa","Y","SBrkr",833,833,0,1666,0,0,1,0,3,1,"Gd",7,"Typ",1,"Gd","Detchd",1925,"Unf",1,228,"TA","TA","Y",192,63,0,0,0,0,NA,"MnPrv",NA,0,6,2008,"WD","Normal",161000,"Train"
"460",460,50,"RL",NA,7015,"Pave",NA,"IR1","Bnk","AllPub","Corner","Gtl","BrkSide","Norm","Norm","1Fam","1.5Fin","5","4",1950,1950,"Gable","CompShg","MetalSd","MetalSd","BrkCmn",161,"TA","TA","CBlock","TA","TA","No","LwQ",185,"Unf",0,524,709,"GasA","TA","Y","SBrkr",979,224,0,1203,1,0,1,0,3,1,"Gd",5,"Typ",1,"TA","Detchd",1950,"Unf",1,352,"TA","TA","Y",0,0,248,0,0,0,NA,NA,NA,0,7,2009,"WD","Normal",110000,"Train"
"461",461,60,"FV",75,8004,"Pave",NA,"IR1","Lvl","AllPub","Inside","Gtl","Somerst","RRAn","Norm","1Fam","2Story","8","5",2009,2009,"Gable","CompShg","VinylSd","VinylSd","Stone",110,"Gd","TA","PConc","Gd","TA","No","GLQ",544,"Unf",0,288,832,"GasA","Ex","Y","SBrkr",832,1103,0,1935,1,0,2,1,3,1,"TA",8,"Typ",0,NA,"BuiltIn",2009,"Fin",2,552,"TA","TA","Y",0,150,0,0,0,0,NA,NA,NA,0,12,2009,"New","Partial",263435,"Train"
"462",462,70,"RL",60,7200,"Pave",NA,"Reg","Lvl","AllPub","Inside","Gtl","SWISU","Feedr","Norm","1Fam","2Story","7","9",1936,2007,"Gable","CompShg","Wd Sdng","Wd Sdng","None",0,"Gd","Gd","PConc","Gd","Gd","No","ALQ",350,"BLQ",210,0,560,"GasA","Ex","Y","SBrkr",575,560,0,1135,1,0,1,0,3,1,"Gd",6,"Typ",0,NA,"Detchd",1971,"RFn",2,576,"TA","TA","Y",256,0,0,0,0,0,NA,"MnPrv",NA,0,4,2009,"WD","Normal",155000,"Train"
"463",463,20,"RL",60,8281,"Pave",NA,"IR1","Lvl","AllPub","Inside","Gtl","Sawyer","Norm","Norm","1Fam","1Story","5","5",1965,1965,"Gable","CompShg","MetalSd","MetalSd","None",0,"TA","TA","CBlock","TA","TA","No","Rec",553,"BLQ",311,0,864,"GasA","Gd","Y","SBrkr",864,0,0,864,0,0,1,0,3,1,"TA",5,"Typ",1,"Po","Detchd",1965,"Unf",1,360,"TA","TA","Y",0,0,236,0,0,0,NA,"GdWo",NA,0,12,2009,"WD","Normal",62383,"Train"
"464",464,70,"RL",74,11988,"Pave",NA,"IR1","HLS","AllPub","Inside","Mod","Crawfor","Norm","Norm","1Fam","2Story","6","7",1934,1995,"Hip","CompShg","Stucco","Stucco","None",0,"TA","TA","CBlock","TA","TA","No","LwQ",326,"Unf",0,389,715,"GasA","Fa","Y","FuseA",849,811,0,1660,0,0,1,1,3,1,"TA",6,"Typ",1,"Gd","Detchd",1939,"Unf",1,240,"TA","TA","Y",0,0,0,0,0,0,NA,NA,NA,0,8,2008,"WD","Normal",188700,"Train"
"465",465,20,"RL",60,8430,"Pave",NA,"Reg","HLS","AllPub","Inside","Mod","CollgCr","Norm","Norm","1Fam","1Story","5","5",1978,1978,"Gable","CompShg","HdBoard","HdBoard","BrkFace",136,"TA","TA","CBlock","Gd","TA","No","Rec",616,"Unf",0,424,1040,"GasA","TA","Y","SBrkr",1040,0,0,1040,0,0,2,0,3,1,"TA",5,"Typ",0,NA,NA,NA,NA,0,0,NA,NA,"Y",0,0,0,0,0,0,NA,NA,NA,0,8,2009,"WD","Normal",124000,"Train"
"466",466,120,"RM",NA,3072,"Pave",NA,"Reg","Lvl","AllPub","Inside","Gtl","Blmngtn","Norm","Norm","TwnhsE","1Story","7","5",2004,2004,"Hip","CompShg","VinylSd","VinylSd","BrkFace",18,"Gd","TA","PConc","Gd","TA","No","Unf",0,"Unf",0,1375,1375,"GasA","Ex","Y","SBrkr",1414,0,0,1414,0,0,2,0,2,1,"Gd",6,"Typ",1,"TA","Attchd",2004,"Fin",2,398,"TA","TA","Y",144,20,0,0,0,0,NA,NA,NA,0,5,2006,"WD","Normal",178740,"Train"
"467",467,20,"RL",85,10628,"Pave",NA,"Reg","Lvl","AllPub","Inside","Gtl","NAmes","Norm","Norm","1Fam","1Story","7","5",1970,1970,"Flat","Tar&Grv","Plywood","Plywood","None",0,"TA","Gd","CBlock","TA","Gd","Gd","GLQ",778,"Unf",0,499,1277,"GasA","TA","Y","SBrkr",1277,0,0,1277,1,0,1,0,2,1,"TA",5,"Typ",1,"Po","Attchd",1970,"Unf",2,526,"TA","TA","Y",0,0,0,0,176,0,NA,"GdWo",NA,0,4,2007,"WD","Normal",167000,"Train"
"468",468,70,"RL",79,9480,"Pave",NA,"Reg","Lvl","AllPub","Inside","Gtl","NAmes","Artery","Norm","1Fam","2Story","5","7",1942,1995,"Gable","CompShg","MetalSd","MetalSd","Stone",224,"TA","TA","CBlock","TA","TA","No","LwQ",386,"Unf",0,342,728,"GasA","Ex","Y","SBrkr",888,756,0,1644,0,0,1,1,3,1,"Gd",7,"Typ",2,"Gd","Attchd",1942,"Unf",1,312,"TA","TA","Y",168,0,0,0,0,0,NA,NA,NA,0,6,2007,"WD","Normal",146500,"Train"
"469",469,20,"RL",98,11428,"Pave",NA,"IR1","Lvl","AllPub","Inside","Gtl","NridgHt","Norm","Norm","1Fam","1Story","8","5",2006,2006,"Gable","CompShg","VinylSd","VinylSd","Stone",248,"Gd","TA","PConc","Gd","TA","No","Unf",0,"Unf",0,1626,1626,"GasA","Ex","Y","SBrkr",1634,0,0,1634,0,0,2,0,3,1,"Gd",7,"Typ",1,"Gd","Attchd",2006,"RFn",3,866,"TA","TA","Y",0,44,0,0,0,0,NA,NA,NA,0,5,2007,"WD","Normal",250000,"Train"
"470",470,60,"RL",76,9291,"Pave",NA,"IR1","Lvl","AllPub","Corner","Gtl","SawyerW","RRNe","Norm","1Fam","2Story","6","5",1993,1993,"Gable","CompShg","HdBoard","HdBoard","BrkFace",120,"Gd","TA","PConc","Gd","TA","No","GLQ",426,"Unf",0,406,832,"GasA","Ex","Y","SBrkr",832,878,0,1710,0,0,2,1,3,1,"Gd",7,"Typ",0,NA,"Attchd",1993,"RFn",2,506,"TA","TA","Y",144,70,0,0,0,0,NA,NA,NA,0,6,2008,"WD","Normal",187000,"Train"
"471",471,120,"RL",NA,6820,"Pave",NA,"IR1","Lvl","AllPub","Corner","Gtl","StoneBr","Norm","Norm","TwnhsE","1Story","8","5",1985,1985,"Gable","CompShg","HdBoard","HdBoard","None",0,"Gd","TA","PConc","Gd","TA","Av","GLQ",368,"BLQ",1120,0,1488,"GasA","TA","Y","SBrkr",1502,0,0,1502,1,0,1,1,1,1,"Gd",4,"Typ",0,NA,"Attchd",1985,"RFn",2,528,"TA","TA","Y",0,54,0,0,140,0,NA,NA,NA,0,6,2010,"WD","Normal",212000,"Train"
"472",472,60,"RL",92,11952,"Pave",NA,"Reg","Lvl","AllPub","Inside","Gtl","NWAmes","PosA","Norm","1Fam","2Story","7","6",1977,1977,"Mansard","WdShake","WdShing","Plywood","None",0,"TA","TA","CBlock","Gd","TA","No","Unf",0,"Unf",0,808,808,"GasA","TA","Y","SBrkr",1161,808,0,1969,0,0,2,1,3,1,"TA",8,"Typ",1,"Gd","Attchd",1977,"RFn",2,534,"TA","TA","Y",0,0,0,0,276,0,NA,NA,NA,0,11,2007,"WD","Normal",190000,"Train"
"473",473,180,"RM",35,3675,"Pave",NA,"Reg","Lvl","AllPub","Inside","Gtl","Edwards","Norm","Norm","TwnhsE","SLvl","6","5",2005,2005,"Gable","CompShg","VinylSd","VinylSd","BrkFace",80,"TA","TA","PConc","Gd","TA","Gd","GLQ",459,"Unf",0,88,547,"GasA","Ex","Y","SBrkr",1072,0,0,1072,1,0,1,0,2,1,"TA",5,"Typ",0,NA,"Basment",2005,"RFn",2,525,"TA","TA","Y",0,28,0,0,0,0,NA,NA,NA,0,6,2008,"WD","Normal",148000,"Train"
"474",474,20,"RL",110,14977,"Pave",NA,"IR1","Lvl","AllPub","Inside","Gtl","NridgHt","Norm","Norm","1Fam","1Story","8","5",2006,2007,"Gable","CompShg","VinylSd","VinylSd","BrkFace",304,"Gd","TA","PConc","Ex","TA","Gd","GLQ",1350,"Unf",0,626,1976,"GasA","Ex","Y","SBrkr",1976,0,0,1976,1,0,2,0,2,1,"Gd",7,"Typ",1,"Ex","Attchd",2006,"RFn",3,908,"TA","TA","Y",250,63,0,0,0,0,NA,NA,NA,0,7,2007,"New","Partial",440000,"Train"
"475",475,120,"RL",41,5330,"Pave",NA,"Reg","Lvl","AllPub","Inside","Gtl","StoneBr","Norm","Norm","TwnhsE","1Story","8","5",2000,2000,"Gable","CompShg","CemntBd","CmentBd","None",0,"Gd","TA","PConc","Gd","TA","Av","GLQ",1196,"Unf",0,298,1494,"GasA","Ex","Y","SBrkr",1652,0,0,1652,1,0,2,0,2,1,"Ex",6,"Typ",0,NA,"Attchd",2000,"RFn",2,499,"TA","TA","Y",96,48,0,0,0,0,NA,NA,NA,0,8,2007,"WD","Normal",251000,"Train"
"476",476,20,"RL",80,8480,"Pave",NA,"Reg","Lvl","AllPub","Corner","Gtl","Sawyer","Norm","Norm","1Fam","1Story","5","6",1963,1963,"Hip","CompShg","HdBoard","HdBoard","None",0,"TA","TA","CBlock","TA","TA","No","GLQ",630,"Unf",0,340,970,"GasA","TA","Y","SBrkr",970,0,0,970,1,0,1,0,2,1,"TA",5,"Typ",0,NA,"Detchd",1996,"Unf",2,624,"TA","TA","Y",0,24,0,0,192,0,NA,NA,NA,0,7,2007,"WD","Normal",132500,"Train"
"477",477,20,"RL",75,13125,"Pave",NA,"Reg","Lvl","AllPub","Inside","Mod","CollgCr","Norm","Norm","1Fam","1Story","6","5",1997,1998,"Gable","CompShg","VinylSd","VinylSd","BrkFace",215,"TA","TA","PConc","Gd","TA","Gd","GLQ",994,"Unf",0,484,1478,"GasA","Ex","Y","SBrkr",1493,0,0,1493,1,0,2,0,3,1,"Gd",7,"Typ",1,"TA","Attchd",1997,"Fin",2,508,"TA","TA","Y",140,39,0,0,0,0,NA,NA,NA,0,4,2008,"WD","Normal",208900,"Train"
"478",478,60,"RL",105,13693,"Pave",NA,"Reg","Lvl","AllPub","Inside","Gtl","NridgHt","Norm","Norm","1Fam","2Story","9","5",2006,2006,"Hip","CompShg","VinylSd","VinylSd","BrkFace",772,"Ex","TA","PConc","Gd","TA","Av","Unf",0,"Unf",0,2153,2153,"GasA","Ex","Y","SBrkr",2069,574,0,2643,0,0,2,1,3,1,"Ex",9,"Typ",1,"Gd","BuiltIn",2006,"Fin",3,694,"TA","TA","Y",414,84,0,0,0,0,NA,NA,NA,0,3,2007,"WD","Normal",380000,"Train"
"479",479,20,"RL",79,10637,"Pave",NA,"Reg","Lvl","AllPub","Inside","Gtl","CollgCr","Norm","Norm","1Fam","1Story","8","5",2007,2008,"Hip","CompShg","VinylSd","VinylSd","Stone",336,"Gd","TA","PConc","Ex","TA","Gd","GLQ",1288,"Unf",0,417,1705,"GasA","Ex","Y","SBrkr",1718,0,0,1718,1,0,2,0,3,1,"Gd",7,"Typ",1,"Gd","Attchd",2007,"RFn",3,826,"TA","TA","Y",208,44,0,0,0,0,NA,NA,NA,0,9,2009,"WD","Normal",297000,"Train"
"480",480,30,"RM",50,5925,"Pave",NA,"Reg","Bnk","AllPub","Inside","Gtl","OldTown","Norm","Norm","1Fam","1Story","4","7",1937,2000,"Hip","CompShg","Stucco","Stucco","BrkCmn",435,"TA","TA","BrkTil","Fa","TA","No","Rec",168,"Unf",0,739,907,"GasA","TA","Y","SBrkr",1131,0,0,1131,0,0,1,0,2,1,"TA",7,"Typ",0,NA,"Detchd",1995,"Unf",2,672,"TA","TA","Y",0,72,0,0,0,0,NA,"MnPrv",NA,0,3,2007,"WD","Alloca",89471,"Train"
"481",481,20,"RL",98,16033,"Pave",NA,"IR1","Lvl","AllPub","FR2","Gtl","NridgHt","Norm","Norm","1Fam","1Story","9","5",2004,2005,"Hip","CompShg","VinylSd","VinylSd","BrkFace",378,"Gd","TA","PConc","Ex","TA","Gd","GLQ",1261,"Unf",0,572,1833,"GasA","Ex","Y","SBrkr",1850,0,0,1850,1,0,2,0,3,1,"Gd",8,"Typ",1,"Gd","Attchd",2004,"Fin",3,772,"TA","TA","Y",519,112,0,0,0,0,NA,NA,NA,0,3,2006,"WD","Normal",326000,"Train"
"482",482,20,"RL",72,11846,"Pave",NA,"IR1","HLS","AllPub","Inside","Gtl","NridgHt","Norm","Norm","1Fam","1Story","9","5",2003,2004,"Hip","CompShg","VinylSd","VinylSd","BrkFace",562,"Gd","TA","PConc","Ex","TA","Gd","GLQ",1567,"Unf",0,225,1792,"GasA","Ex","Y","SBrkr",1792,0,0,1792,1,0,2,0,2,1,"Ex",6,"Typ",1,"Gd","Attchd",2003,"Fin",3,874,"TA","TA","Y",206,49,0,0,0,0,NA,NA,NA,0,8,2006,"WD","Normal",374000,"Train"
"483",483,70,"RM",50,2500,"Pave","Pave","Reg","Lvl","AllPub","Corner","Gtl","OldTown","Norm","Norm","1Fam","2Story","7","8",1915,2005,"Gable","CompShg","Stucco","Stucco","None",0,"Gd","TA","PConc","TA","TA","No","ALQ",299,"Unf",0,611,910,"GasA","Ex","Y","SBrkr",916,910,0,1826,1,0,1,1,4,1,"Ex",7,"Min2",1,"Gd","Attchd",1915,"Unf",1,164,"Fa","Fa","Y",0,0,0,0,0,0,NA,NA,NA,0,6,2009,"WD","Normal",155000,"Train"
"484",484,120,"RM",32,4500,"Pave",NA,"Reg","Lvl","AllPub","FR2","Gtl","Mitchel","Norm","Norm","Twnhs","1Story","6","5",1998,1998,"Hip","CompShg","VinylSd","VinylSd","BrkFace",116,"TA","TA","PConc","Ex","TA","No","GLQ",897,"Unf",0,319,1216,"GasA","Ex","Y","SBrkr",1216,0,0,1216,1,0,2,0,2,1,"TA",5,"Typ",0,NA,"Attchd",1998,"Unf",2,402,"TA","TA","Y",0,125,0,0,0,0,NA,NA,NA,0,5,2006,"WD","Normal",164000,"Train"
"485",485,20,"RL",NA,7758,"Pave",NA,"IR1","Lvl","AllPub","Corner","Gtl","Sawyer","Norm","Norm","1Fam","1Story","5","7",1962,2001,"Gable","CompShg","HdBoard","Plywood","None",0,"TA","Gd","CBlock","TA","TA","No","ALQ",588,"Unf",0,411,999,"GasA","Gd","Y","SBrkr",999,0,0,999,1,0,1,0,3,1,"Gd",6,"Typ",0,NA,"Detchd",1963,"Unf",1,264,"TA","TA","Y",0,132,0,0,0,0,NA,NA,NA,0,3,2007,"WD","Normal",132500,"Train"
"486",486,20,"RL",80,9600,"Pave",NA,"Reg","Lvl","AllPub","Inside","Gtl","NAmes","Norm","Norm","1Fam","1Story","5","7",1950,2007,"Gable","CompShg","MetalSd","MetalSd","None",0,"Gd","TA","CBlock","TA","TA","No","ALQ",607,"Unf",0,506,1113,"GasA","Gd","Y","SBrkr",1113,0,0,1113,0,0,1,0,3,1,"Gd",5,"Typ",1,"Gd","Attchd",1950,"Unf",1,264,"TA","TA","Y",0,80,120,0,0,0,NA,NA,NA,0,7,2009,"WD","Normal",147000,"Train"
"487",487,20,"RL",79,10289,"Pave",NA,"Reg","Lvl","AllPub","Inside","Gtl","NAmes","Norm","Norm","1Fam","1Story","5","7",1965,1965,"Hip","CompShg","MetalSd","MetalSd","BrkFace",168,"TA","TA","CBlock","TA","TA","No","ALQ",836,"Unf",0,237,1073,"GasA","TA","Y","SBrkr",1073,0,0,1073,1,0,1,1,3,1,"TA",6,"Typ",0,NA,"Attchd",1965,"RFn",2,515,"TA","TA","Y",0,0,0,0,0,0,NA,NA,NA,0,6,2007,"WD","Normal",156000,"Train"
"488",488,20,"RL",70,12243,"Pave",NA,"IR1","Lvl","AllPub","Inside","Gtl","NWAmes","Norm","Norm","1Fam","1Story","5","6",1971,1971,"Gable","CompShg","Plywood","Plywood","None",0,"TA","TA","CBlock","Gd","TA","Av","ALQ",998,"Unf",0,486,1484,"GasA","Gd","Y","SBrkr",1484,0,0,1484,0,0,2,0,3,1,"TA",7,"Typ",1,"TA","Attchd",1971,"Unf",2,487,"TA","TA","Y",224,0,0,0,180,0,NA,NA,NA,0,2,2007,"WD","Normal",175000,"Train"
"489",489,190,"RL",60,10800,"Pave",NA,"Reg","Lvl","AllPub","Corner","Gtl","OldTown","Norm","Norm","2fmCon","1.5Fin","5","4",1900,1970,"Gable","CompShg","Wd Sdng","Wd Sdng","None",0,"TA","Fa","CBlock","TA","Fa","No","BLQ",664,"Unf",0,290,954,"GasA","TA","N","FuseA",1766,648,0,2414,0,0,2,0,3,2,"TA",10,"Mod",1,"Gd","Attchd",1970,"Unf",2,520,"TA","Fa","N",142,0,0,0,0,0,NA,NA,NA,0,5,2006,"ConLD","Normal",160000,"Train"
"490",490,180,"RM",21,1526,"Pave",NA,"Reg","Lvl","AllPub","Inside","Gtl","MeadowV","Norm","Norm","Twnhs","SFoyer","4","8",1970,2002,"Gable","CompShg","CemntBd","CmentBd","None",0,"TA","Gd","CBlock","Gd","TA","Av","GLQ",515,"Unf",0,115,630,"GasA","TA","Y","SBrkr",630,0,0,630,1,0,1,0,1,1,"Gd",3,"Typ",0,NA,"Attchd",1970,"Unf",1,286,"TA","TA","Y",0,0,0,0,0,0,NA,NA,NA,0,5,2009,"WD","Normal",86000,"Train"
"491",491,160,"RM",NA,2665,"Pave",NA,"Reg","Lvl","AllPub","Inside","Gtl","MeadowV","Norm","Norm","TwnhsE","2Story","5","6",1976,1976,"Gable","CompShg","CemntBd","CmentBd","None",0,"TA","TA","PConc","Gd","TA","Mn","Unf",0,"Unf",0,264,264,"GasA","TA","Y","SBrkr",616,688,0,1304,0,0,1,1,3,1,"TA",4,"Typ",1,"Gd","BuiltIn",1976,"Fin",1,336,"TA","TA","Y",141,24,0,0,0,0,NA,NA,NA,0,6,2008,"WD","Normal",115000,"Train"
"492",492,50,"RL",79,9490,"Pave",NA,"Reg","Lvl","AllPub","Inside","Gtl","NAmes","Artery","Norm","1Fam","1.5Fin","6","7",1941,1950,"Gable","CompShg","Wd Sdng","Wd Sdng","None",0,"TA","TA","CBlock","TA","TA","No","BLQ",403,"Rec",165,238,806,"GasA","TA","Y","FuseA",958,620,0,1578,1,0,1,0,3,1,"Fa",5,"Typ",2,"TA","Attchd",1941,"Unf",1,240,"TA","TA","Y",0,0,32,0,0,0,NA,"MnPrv",NA,0,8,2006,"WD","Normal",133000,"Train"
"493",493,60,"RL",105,15578,"Pave",NA,"IR1","Lvl","AllPub","Corner","Gtl","Gilbert","Norm","Norm","1Fam","2Story","6","5",2006,2006,"Gable","CompShg","VinylSd","VinylSd","None",0,"Gd","TA","PConc","Gd","TA","No","Unf",0,"Unf",0,728,728,"GasA","Gd","Y","SBrkr",728,728,0,1456,0,0,2,1,3,1,"TA",8,"Typ",0,NA,"Attchd",2006,"RFn",2,429,"TA","TA","Y",0,0,0,0,0,0,NA,NA,NA,0,5,2006,"New","Partial",172785,"Train"
"494",494,20,"RL",70,7931,"Pave",NA,"Reg","Lvl","AllPub","Inside","Gtl","NAmes","Norm","Norm","1Fam","1Story","5","6",1960,1960,"Gable","CompShg","BrkFace","Wd Sdng","None",0,"TA","TA","CBlock","TA","TA","No","BLQ",374,"LwQ",532,363,1269,"GasA","TA","Y","FuseA",1269,0,0,1269,0,0,1,1,3,1,"TA",6,"Typ",1,"Fa","Detchd",1964,"Unf",1,308,"TA","TA","Y",0,0,0,0,0,0,NA,NA,NA,0,6,2008,"WD","Normal",155000,"Train"
"495",495,30,"RM",50,5784,"Pave",NA,"Reg","Lvl","AllPub","Inside","Gtl","OldTown","Artery","Norm","1Fam","1Story","5","8",1938,1996,"Gable","CompShg","MetalSd","MetalSd","None",0,"TA","TA","BrkTil","Fa","TA","No","Unf",0,"Unf",0,190,190,"GasA","Gd","Y","FuseA",886,0,0,886,0,0,1,0,2,1,"TA",4,"Typ",0,NA,"Attchd",1938,"Unf",1,273,"TA","TA","Y",144,20,80,0,0,0,NA,NA,NA,0,12,2009,"WD","Normal",91300,"Train"
"496",496,30,"C (all)",60,7879,"Pave",NA,"Reg","Lvl","AllPub","Inside","Gtl","IDOTRR","Norm","Norm","1Fam","1Story","4","5",1920,1950,"Gable","CompShg","Wd Sdng","Wd Sdng","None",0,"TA","TA","CBlock","TA","TA","No","Rec",495,"Unf",0,225,720,"GasA","TA","N","FuseA",720,0,0,720,0,0,1,0,2,1,"TA",4,"Typ",0,NA,NA,NA,NA,0,0,NA,NA,"N",0,523,115,0,0,0,NA,"GdWo",NA,0,11,2009,"WD","Abnorml",34900,"Train"
"497",497,20,"RL",NA,12692,"Pave",NA,"IR1","Lvl","AllPub","Inside","Gtl","NoRidge","Norm","Norm","1Fam","1Story","8","5",1992,1993,"Hip","CompShg","BrkFace","BrkFace","None",0,"Gd","TA","PConc","Gd","TA","No","GLQ",1231,"Unf",0,1969,3200,"GasA","Ex","Y","SBrkr",3228,0,0,3228,1,0,3,0,4,1,"Gd",10,"Typ",1,"Gd","Attchd",1992,"RFn",2,546,"TA","TA","Y",264,75,291,0,0,0,NA,NA,NA,0,5,2007,"WD","Normal",430000,"Train"
"498",498,50,"RL",60,9120,"Pave","Pave","Reg","Lvl","AllPub","Inside","Gtl","BrkSide","Norm","Norm","1Fam","1.5Fin","7","6",1925,1950,"Gable","CompShg","Wd Sdng","Wd Sdng","None",0,"TA","Gd","PConc","TA","TA","No","Rec",329,"Unf",0,697,1026,"GasA","Ex","Y","SBrkr",1133,687,0,1820,1,0,2,0,4,1,"TA",8,"Typ",0,NA,"Detchd",1925,"Unf",1,240,"TA","TA","N",0,100,0,0,0,0,NA,"GdPrv",NA,0,6,2008,"WD","Normal",184000,"Train"
"499",499,20,"RL",65,7800,"Pave",NA,"Reg","Lvl","AllPub","Inside","Gtl","Sawyer","Norm","Norm","1Fam","1Story","5","7",1967,2004,"Hip","CompShg","HdBoard","HdBoard","BrkFace",89,"TA","TA","PConc","TA","TA","No","ALQ",450,"Unf",0,414,864,"GasA","Ex","Y","SBrkr",899,0,0,899,0,0,1,0,3,1,"Gd",5,"Typ",0,NA,"Attchd",1967,"Fin",1,288,"TA","TA","Y",64,0,0,0,0,0,NA,"MnPrv",NA,0,6,2009,"WD","Normal",130000,"Train"
"500",500,20,"RL",70,7535,"Pave",NA,"IR1","Lvl","AllPub","Inside","Gtl","NAmes","Norm","Norm","1Fam","1Story","5","7",1958,1985,"Gable","CompShg","MetalSd","MetalSd","None",0,"TA","TA","CBlock","TA","TA","No","BLQ",111,"LwQ",279,522,912,"GasA","Fa","Y","SBrkr",912,0,0,912,0,1,1,0,2,1,"TA",5,"Typ",0,NA,"Attchd",1958,"Fin",1,297,"TA","TA","Y",12,285,0,0,0,0,NA,"MnWw","Shed",480,6,2007,"WD","Normal",120000,"Train"
"501",501,160,"RM",21,1890,"Pave",NA,"Reg","Lvl","AllPub","Inside","Gtl","BrDale","Norm","Norm","Twnhs","2Story","6","5",1973,1973,"Gable","CompShg","HdBoard","HdBoard","BrkFace",285,"TA","TA","CBlock","TA","TA","No","BLQ",356,"Unf",0,316,672,"GasA","TA","Y","SBrkr",672,546,0,1218,0,0,1,1,3,1,"TA",7,"Typ",0,NA,"Detchd",1973,"Unf",1,264,"TA","TA","Y",144,28,0,0,0,0,NA,NA,NA,0,5,2007,"WD","Normal",113000,"Train"
"502",502,60,"FV",75,9803,"Pave",NA,"Reg","Lvl","AllPub","Inside","Gtl","Somerst","Norm","Norm","1Fam","2Story","7","5",2005,2005,"Gable","CompShg","VinylSd","VinylSd","None",0,"Gd","TA","PConc","Gd","TA","No","GLQ",400,"Unf",0,466,866,"GasA","Gd","Y","SBrkr",866,902,0,1768,0,0,2,1,3,1,"Gd",7,"Typ",0,NA,"Attchd",2005,"RFn",2,603,"TA","TA","Y",0,108,0,0,0,0,NA,NA,NA,0,2,2008,"WD","Normal",226700,"Train"
"503",503,20,"RL",70,9170,"Pave",NA,"Reg","Lvl","AllPub","Corner","Gtl","Edwards","Feedr","Norm","1Fam","1Story","5","7",1965,1965,"Hip","CompShg","MetalSd","MetalSd","None",0,"TA","TA","CBlock","TA","TA","No","ALQ",698,"GLQ",96,420,1214,"GasA","Ex","Y","SBrkr",1214,0,0,1214,1,0,1,0,2,1,"TA",6,"Typ",0,NA,"Detchd",1965,"Unf",2,461,"Fa","Fa","Y",0,0,184,0,0,0,NA,"GdPrv","Shed",400,4,2007,"WD","Normal",140000,"Train"
"504",504,20,"RL",100,15602,"Pave",NA,"IR1","Lvl","AllPub","Inside","Gtl","Crawfor","Norm","Norm","1Fam","1Story","7","8",1959,1997,"Gable","CompShg","BrkFace","Wd Sdng","None",0,"TA","TA","CBlock","TA","TA","No","ALQ",1247,"Unf",0,254,1501,"GasA","TA","Y","SBrkr",1801,0,0,1801,1,0,2,0,1,1,"TA",6,"Typ",2,"TA","Attchd",1959,"Fin",2,484,"TA","TA","Y",0,54,0,0,161,0,NA,"GdWo",NA,0,3,2010,"WD","Normal",289000,"Train"
"505",505,160,"RL",24,2308,"Pave",NA,"Reg","Lvl","AllPub","Inside","Gtl","NPkVill","Norm","Norm","TwnhsE","2Story","6","5",1974,1974,"Gable","CompShg","Plywood","Brk Cmn","None",0,"TA","TA","CBlock","TA","TA","No","ALQ",257,"Rec",495,103,855,"GasA","TA","Y","SBrkr",855,467,0,1322,0,1,2,1,3,1,"TA",6,"Typ",1,"Fa","Attchd",1974,"Unf",2,440,"TA","TA","Y",260,0,0,0,0,0,NA,NA,NA,0,6,2009,"WD","Normal",147000,"Train"
"506",506,90,"RM",60,7596,"Pave","Grvl","Reg","Lvl","AllPub","Inside","Gtl","OldTown","Artery","Norm","Duplex","2Story","5","5",1952,1952,"Hip","CompShg","Wd Sdng","Wd Sdng","BrkFace",360,"TA","TA","CBlock","TA","TA","No","Unf",0,"Unf",0,960,960,"GasA","Gd","Y","SBrkr",960,1000,0,1960,0,0,2,0,4,2,"TA",10,"Typ",0,NA,"Detchd",1952,"Unf",2,400,"TA","TA","N",0,0,0,0,0,0,NA,NA,NA,0,7,2009,"COD","Normal",124500,"Train"
"507",507,60,"RL",80,9554,"Pave",NA,"IR1","Lvl","AllPub","Inside","Gtl","SawyerW","Norm","Norm","1Fam","2Story","8","5",1993,1994,"Gable","CompShg","VinylSd","VinylSd","BrkFace",125,"Gd","TA","PConc","Gd","TA","No","GLQ",380,"Unf",0,397,777,"GasA","Ex","Y","SBrkr",1065,846,0,1911,0,0,2,1,3,1,"Gd",8,"Typ",1,"TA","Attchd",1993,"RFn",2,471,"TA","TA","Y",182,81,0,0,0,0,NA,NA,NA,0,9,2006,"WD","Normal",215000,"Train"
"508",508,20,"FV",75,7862,"Pave",NA,"IR1","Lvl","AllPub","Inside","Gtl","Somerst","Norm","Norm","1Fam","1Story","6","5",2009,2009,"Gable","CompShg","VinylSd","VinylSd","None",0,"Gd","TA","PConc","Gd","TA","No","GLQ",27,"Unf",0,1191,1218,"GasA","Ex","Y","SBrkr",1218,0,0,1218,0,0,2,0,2,1,"Gd",4,"Typ",0,NA,"Attchd",2009,"Fin",2,676,"TA","TA","Y",0,102,0,0,0,0,NA,NA,NA,0,9,2009,"New","Partial",208300,"Train"
"509",509,70,"RM",60,9600,"Pave",NA,"Reg","Lvl","AllPub","Inside","Gtl","OldTown","Norm","Norm","1Fam","2Story","7","9",1928,2005,"Gambrel","CompShg","MetalSd","MetalSd","None",0,"TA","Ex","BrkTil","TA","TA","No","Rec",141,"Unf",0,548,689,"GasA","Ex","Y","SBrkr",689,689,0,1378,0,0,2,0,3,1,"Gd",7,"Typ",1,"Gd","Detchd",1928,"Unf",2,360,"TA","TA","N",0,0,116,0,0,0,NA,NA,NA,0,10,2008,"WD","Normal",161000,"Train"
"510",510,20,"RL",80,9600,"Pave",NA,"Reg","Lvl","AllPub","Corner","Gtl","NAmes","Norm","Norm","1Fam","1Story","5","6",1959,1959,"Gable","CompShg","MetalSd","MetalSd","BrkFace",132,"TA","TA","CBlock","TA","TA","No","ALQ",991,"Unf",0,50,1041,"GasA","Ex","Y","SBrkr",1041,0,0,1041,1,0,1,0,3,1,"TA",6,"Typ",0,NA,"Attchd",1959,"RFn",1,270,"TA","TA","Y",224,88,0,0,0,0,NA,"MnPrv",NA,0,7,2009,"WD","Normal",124500,"Train"
"511",511,20,"RL",75,14559,"Pave",NA,"Reg","Lvl","AllPub","Inside","Gtl","NAmes","Norm","Norm","1Fam","1Story","5","7",1951,2000,"Hip","CompShg","Wd Sdng","Wd Sdng","BrkCmn",70,"Gd","TA","CBlock","TA","TA","No","BLQ",650,"Rec",180,178,1008,"GasA","Ex","Y","SBrkr",1363,0,0,1363,1,0,1,0,2,1,"TA",6,"Min1",2,"TA","CarPort",1951,"Unf",1,288,"TA","TA","Y",324,42,0,0,168,0,NA,NA,"Shed",2000,6,2009,"WD","Normal",164900,"Train"
"512",512,120,"RL",40,6792,"Pave",NA,"IR1","Lvl","AllPub","Inside","Gtl","NridgHt","Norm","Norm","TwnhsE","1Story","7","5",2005,2006,"Gable","CompShg","VinylSd","VinylSd","Stone",94,"Gd","TA","PConc","Gd","TA","No","Unf",0,"Unf",0,1368,1368,"GasA","Ex","Y","SBrkr",1368,0,0,1368,0,0,2,0,2,1,"Gd",6,"Typ",1,"Gd","Attchd",2005,"RFn",2,474,"TA","TA","Y",132,35,0,0,0,0,NA,NA,NA,0,3,2006,"New","Partial",202665,"Train"
"513",513,20,"RL",70,9100,"Pave",NA,"Reg","Lvl","AllPub","Corner","Gtl","NAmes","Feedr","Norm","1Fam","1Story","5","5",1958,1958,"Gable","CompShg","VinylSd","VinylSd","None",0,"TA","TA","CBlock","TA","TA","No","BLQ",521,"LwQ",174,169,864,"GasA","TA","Y","SBrkr",864,0,0,864,1,0,1,0,3,1,"TA",5,"Typ",0,NA,"Detchd",1964,"Unf",2,624,"TA","TA","Y",0,0,0,0,0,0,NA,NA,NA,0,7,2006,"WD","Normal",129900,"Train"
"514",514,20,"RL",71,9187,"Pave",NA,"Reg","Bnk","AllPub","Corner","Gtl","Mitchel","Norm","Norm","1Fam","1Story","6","5",1983,1983,"Gable","CompShg","VinylSd","VinylSd","None",0,"TA","Gd","PConc","TA","TA","No","ALQ",336,"Unf",0,748,1084,"GasA","TA","Y","SBrkr",1080,0,0,1080,0,0,1,1,3,1,"TA",5,"Typ",0,NA,"Attchd",1983,"Unf",2,484,"TA","TA","Y",120,0,158,0,0,0,NA,NA,NA,0,6,2007,"WD","Normal",134000,"Train"
"515",515,45,"RL",55,10594,"Pave",NA,"Reg","Lvl","AllPub","Inside","Gtl","Crawfor","Norm","Norm","1Fam","1.5Unf","5","5",1926,1950,"Gable","CompShg","Wd Sdng","Wd Sdng","None",0,"TA","TA","BrkTil","TA","TA","No","Unf",0,"Unf",0,768,768,"Grav","Fa","N","SBrkr",789,0,0,789,0,0,1,0,2,1,"TA",5,"Typ",0,NA,"Detchd",1926,"Unf",1,200,"Po","Po","Y",0,0,112,0,0,0,NA,"MnPrv",NA,0,6,2007,"WD","Normal",96500,"Train"
"516",516,20,"RL",94,12220,"Pave",NA,"Reg","Lvl","AllPub","Inside","Gtl","NridgHt","Norm","Norm","1Fam","1Story","10","5",2009,2009,"Hip","CompShg","CemntBd","CmentBd","BrkFace",305,"Ex","TA","CBlock","Ex","TA","No","GLQ",1436,"Unf",0,570,2006,"GasA","Ex","Y","SBrkr",2020,0,0,2020,1,0,2,1,3,1,"Ex",9,"Typ",1,"Gd","Attchd",2009,"Fin",3,900,"TA","TA","Y",156,54,0,0,0,0,NA,NA,NA,0,9,2009,"New","Partial",402861,"Train"
"517",517,80,"RL",NA,10448,"Pave",NA,"IR1","Lvl","AllPub","Corner","Gtl","NWAmes","Norm","Norm","1Fam","SLvl","6","6",1972,1972,"Gable","CompShg","HdBoard","HdBoard","BrkFace",333,"TA","TA","CBlock","TA","TA","No","Unf",0,"Unf",0,689,689,"GasA","TA","Y","SBrkr",1378,741,0,2119,0,0,2,1,3,1,"TA",7,"Typ",1,"TA","Attchd",1972,"RFn",2,583,"TA","TA","Y",0,104,0,0,0,0,NA,"GdPrv",NA,0,8,2009,"COD","Abnorml",158000,"Train"
"518",518,60,"RL",79,10208,"Pave",NA,"IR1","Lvl","AllPub","Inside","Gtl","NoRidge","Norm","Norm","1Fam","2Story","7","5",1996,1997,"Gable","CompShg","VinylSd","VinylSd","BrkFace",921,"Gd","TA","PConc","Gd","TA","No","Unf",0,"Unf",0,1264,1264,"GasA","Ex","Y","SBrkr",1277,1067,0,2344,0,0,2,1,3,1,"Gd",7,"Typ",1,"TA","Attchd",1996,"RFn",3,889,"TA","TA","Y",220,0,0,0,0,0,NA,NA,NA,0,7,2009,"WD","Normal",265000,"Train"
"519",519,60,"RL",NA,9531,"Pave",NA,"IR1","Lvl","AllPub","CulDSac","Gtl","CollgCr","Norm","Norm","1Fam","2Story","6","5",1998,1998,"Gable","CompShg","VinylSd","VinylSd","None",0,"TA","TA","PConc","Gd","TA","Mn","GLQ",706,"Unf",0,88,794,"GasA","Ex","Y","SBrkr",882,914,0,1796,1,0,2,1,3,1,"TA",7,"Typ",0,NA,"Attchd",1998,"RFn",2,546,"TA","TA","Y",0,36,0,0,0,0,NA,"MnPrv",NA,0,5,2007,"WD","Normal",211000,"Train"
"520",520,70,"RL",53,10918,"Pave",NA,"Reg","Lvl","AllPub","Inside","Gtl","Crawfor","Norm","Norm","1Fam","2Story","7","9",1926,2004,"Gambrel","CompShg","MetalSd","MetalSd","None",0,"Gd","TA","BrkTil","Gd","TA","No","Unf",0,"Unf",0,1276,1276,"GasA","Ex","Y","SBrkr",1276,804,0,2080,0,0,1,1,3,1,"Gd",9,"Typ",2,"Gd","Detchd",1926,"Unf",1,282,"TA","TA","Y",0,0,0,0,145,0,NA,"MnPrv",NA,0,6,2009,"WD","Normal",234000,"Train"
"521",521,190,"RL",60,10800,"Pave","Grvl","Reg","Lvl","AllPub","Inside","Gtl","OldTown","Norm","Norm","2fmCon","2Story","4","7",1900,2000,"Gable","CompShg","MetalSd","MetalSd","None",0,"TA","TA","BrkTil",NA,NA,NA,NA,0,NA,0,0,0,"GasA","TA","N","FuseA",694,600,0,1294,0,0,2,0,3,2,"TA",7,"Typ",0,NA,NA,NA,NA,0,0,NA,NA,"N",220,114,210,0,0,0,NA,NA,NA,0,8,2008,"WD","Normal",106250,"Train"
"522",522,20,"RL",90,11988,"Pave",NA,"IR1","Lvl","AllPub","Corner","Gtl","NAmes","Feedr","Norm","1Fam","1Story","6","6",1957,1957,"Gable","CompShg","VinylSd","VinylSd","None",0,"TA","TA","CBlock","TA","TA","No","Rec",777,"Unf",0,467,1244,"GasA","Ex","Y","FuseA",1244,0,0,1244,0,0,1,1,3,1,"TA",6,"Typ",2,"Gd","Attchd",1957,"Unf",1,336,"TA","TA","Y",0,40,0,0,0,0,NA,NA,NA,0,5,2007,"WD","Normal",150000,"Train"
"523",523,50,"RM",50,5000,"Pave",NA,"Reg","Lvl","AllPub","Corner","Gtl","BrkSide","Feedr","Norm","1Fam","1.5Fin","6","7",1947,1950,"Gable","CompShg","CemntBd","CmentBd","None",0,"TA","Gd","CBlock","TA","TA","No","ALQ",399,"Unf",0,605,1004,"GasA","Ex","Y","SBrkr",1004,660,0,1664,0,0,2,0,3,1,"TA",7,"Typ",2,"Gd","Detchd",1950,"Unf",2,420,"TA","TA","Y",0,24,36,0,0,0,NA,NA,NA,0,10,2006,"WD","Normal",159000,"Train"
"524",524,60,"RL",130,40094,"Pave",NA,"IR1","Bnk","AllPub","Inside","Gtl","Edwards","PosN","PosN","1Fam","2Story","10","5",2007,2008,"Hip","CompShg","CemntBd","CmentBd","Stone",762,"Ex","TA","PConc","Ex","TA","Gd","GLQ",2260,"Unf",0,878,3138,"GasA","Ex","Y","SBrkr",3138,1538,0,4676,1,0,3,1,3,1,"Ex",11,"Typ",1,"Gd","BuiltIn",2007,"Fin",3,884,"TA","TA","Y",208,406,0,0,0,0,NA,NA,NA,0,10,2007,"New","Partial",184750,"Train"
"525",525,60,"RL",95,11787,"Pave",NA,"IR1","Lvl","AllPub","Inside","Gtl","NoRidge","Norm","Norm","1Fam","2Story","7","5",1996,1997,"Gable","CompShg","VinylSd","VinylSd","BrkFace",594,"Gd","TA","PConc","Gd","TA","No","GLQ",719,"Unf",0,660,1379,"GasA","Ex","Y","SBrkr",1383,1015,0,2398,1,0,2,1,3,1,"Gd",8,"Typ",1,"TA","Attchd",1996,"Fin",3,834,"TA","TA","Y",239,60,0,0,0,0,NA,NA,NA,0,8,2007,"WD","Normal",315750,"Train"
"526",526,20,"FV",62,7500,"Pave","Pave","Reg","Lvl","AllPub","Inside","Gtl","Somerst","Norm","Norm","1Fam","1Story","7","5",2005,2005,"Gable","CompShg","VinylSd","VinylSd","None",0,"Gd","TA","PConc","Gd","TA","No","Unf",0,"Unf",0,1257,1257,"GasA","Ex","Y","SBrkr",1266,0,0,1266,0,0,2,0,3,1,"Gd",6,"Typ",1,"TA","Attchd",2005,"Unf",2,453,"TA","TA","Y",38,144,0,0,0,0,NA,NA,NA,0,4,2006,"WD","Normal",176000,"Train"
"527",527,20,"RL",70,13300,"Pave",NA,"Reg","Lvl","AllPub","Inside","Gtl","NAmes","Norm","Norm","1Fam","1Story","5","7",1956,2000,"Hip","CompShg","Wd Sdng","Wd Sdng","None",0,"TA","TA","CBlock","Gd","TA","No","Rec",377,"Unf",0,551,928,"GasA","TA","Y","SBrkr",928,0,0,928,0,0,1,0,2,1,"TA",4,"Typ",0,NA,"Attchd",1956,"Unf",1,252,"TA","TA","Y",261,0,156,0,0,0,NA,NA,NA,0,6,2007,"WD","Normal",132000,"Train"
"528",528,60,"RL",67,14948,"Pave",NA,"IR1","Lvl","AllPub","Inside","Gtl","NridgHt","Norm","Norm","1Fam","2Story","9","5",2008,2008,"Hip","CompShg","VinylSd","VinylSd","Stone",268,"Ex","TA","PConc","Ex","TA","Av","GLQ",1330,"Unf",0,122,1452,"GasA","Ex","Y","SBrkr",1476,1237,0,2713,1,0,2,1,3,1,"Ex",11,"Typ",1,"Gd","Attchd",2008,"Fin",3,858,"TA","TA","Y",126,66,0,0,0,0,NA,NA,NA,0,11,2008,"New","Partial",446261,"Train"
"529",529,30,"RL",58,9098,"Pave",NA,"IR1","Lvl","AllPub","Inside","Gtl","Edwards","Norm","Norm","1Fam","1Story","4","7",1920,2002,"Gable","CompShg","Wd Sdng","Wd Sdng","None",0,"TA","TA","BrkTil","TA","TA","Mn","ALQ",348,"Unf",0,180,528,"GasA","Ex","Y","SBrkr",605,0,0,605,1,0,1,0,2,1,"TA",5,"Typ",0,NA,NA,NA,NA,0,0,NA,NA,"N",0,0,144,0,0,0,NA,NA,NA,0,7,2007,"WD","Normal",86000,"Train"
"530",530,20,"RL",NA,32668,"Pave",NA,"IR1","Lvl","AllPub","CulDSac","Gtl","Crawfor","Norm","Norm","1Fam","1Story","6","3",1957,1975,"Hip","CompShg","Wd Sdng","Stone",NA,NA,"Gd","TA","PConc","TA","TA","No","Rec",1219,"Unf",0,816,2035,"GasA","TA","Y","SBrkr",2515,0,0,2515,1,0,3,0,4,2,"TA",9,"Maj1",2,"TA","Attchd",1975,"RFn",2,484,"TA","TA","Y",0,0,200,0,0,0,NA,NA,NA,0,3,2007,"WD","Alloca",200624,"Train"
"531",531,80,"RL",85,10200,"Pave",NA,"Reg","Lvl","AllPub","Inside","Gtl","Timber","Norm","Norm","1Fam","SLvl","6","5",1988,1989,"Gable","CompShg","HdBoard","HdBoard","BrkFace",219,"Gd","TA","CBlock","Gd","TA","Av","GLQ",783,"Unf",0,678,1461,"GasA","Ex","Y","SBrkr",1509,0,0,1509,1,0,2,0,3,1,"Gd",5,"Typ",1,"Fa","Attchd",1988,"RFn",2,600,"TA","TA","Y",224,0,0,0,0,0,NA,NA,NA,0,8,2008,"WD","Abnorml",175000,"Train"
"532",532,70,"RM",60,6155,"Pave",NA,"IR1","Lvl","AllPub","FR3","Gtl","BrkSide","RRNn","Feedr","1Fam","2Story","6","8",1920,1999,"Gable","CompShg","Wd Sdng","Wd Sdng","None",0,"TA","TA","BrkTil","Fa","Fa","Mn","Unf",0,"Unf",0,611,611,"GasA","Ex","Y","SBrkr",751,611,0,1362,0,0,2,0,3,1,"TA",6,"Typ",0,NA,"Detchd",1920,"Fin",2,502,"TA","Fa","Y",0,0,84,0,0,0,NA,NA,NA,0,6,2008,"WD","Normal",128000,"Train"
"533",533,20,"RL",60,7200,"Pave",NA,"Reg","Lvl","AllPub","Inside","Gtl","NAmes","Norm","Norm","1Fam","1Story","5","7",1955,2007,"Gable","CompShg","VinylSd","VinylSd","None",0,"TA","TA","Slab",NA,NA,NA,NA,0,NA,0,0,0,"GasA","Ex","Y","SBrkr",827,0,0,827,0,0,1,0,2,1,"TA",5,"Mod",1,"Po","Detchd",1967,"Unf",1,392,"TA","TA","Y",0,0,0,0,0,0,NA,NA,NA,0,4,2010,"WD","Normal",107500,"Train"
"534",534,20,"RL",50,5000,"Pave",NA,"Reg","Low","AllPub","Inside","Mod","BrkSide","Norm","Norm","1Fam","1Story","1","3",1946,1950,"Gable","CompShg","VinylSd","VinylSd","None",0,"Fa","Fa","Slab",NA,NA,NA,NA,0,NA,0,0,0,"GasA","Fa","N","FuseF",334,0,0,334,0,0,1,0,1,1,"Fa",2,"Typ",0,NA,NA,NA,NA,0,0,NA,NA,"N",0,0,0,0,0,0,NA,NA,NA,0,1,2007,"WD","Normal",39300,"Train"
"535",535,60,"RL",74,9056,"Pave",NA,"IR1","Lvl","AllPub","Inside","Gtl","Gilbert","Norm","Norm","1Fam","2Story","8","5",2004,2004,"Gable","CompShg","VinylSd","VinylSd","None",0,"Gd","TA","PConc","Ex","Gd","Av","Unf",0,"Unf",0,707,707,"GasA","Ex","Y","SBrkr",707,707,0,1414,0,0,2,1,3,1,"Gd",6,"Typ",1,"Gd","Attchd",2004,"Fin",2,403,"TA","TA","Y",100,35,0,0,0,0,NA,NA,NA,0,10,2006,"WD","Normal",178000,"Train"
"536",536,190,"RL",70,7000,"Pave",NA,"Reg","Lvl","AllPub","Inside","Gtl","Edwards","Norm","Norm","2fmCon","2Story","5","7",1910,1991,"Gable","CompShg","MetalSd","MetalSd","None",0,"TA","TA","CBlock","Gd","TA","Gd","GLQ",969,"Unf",0,148,1117,"GasA","TA","Y","SBrkr",820,527,0,1347,1,0,1,0,3,1,"TA",5,"Typ",0,NA,NA,NA,NA,0,0,NA,NA,"N",85,0,148,0,0,0,NA,NA,NA,0,1,2008,"WD","Normal",107500,"Train"
"537",537,60,"RL",57,8924,"Pave",NA,"IR1","Lvl","AllPub","CulDSac","Gtl","CollgCr","Norm","Norm","1Fam","2Story","7","5",1998,1999,"Gable","CompShg","VinylSd","VinylSd","None",0,"TA","TA","PConc","Gd","TA","Av","Unf",0,"Unf",0,880,880,"GasA","Ex","Y","SBrkr",880,844,0,1724,0,0,2,1,3,1,"Gd",8,"Typ",0,NA,"Attchd",1998,"Fin",2,527,"TA","TA","Y",120,155,0,0,0,0,NA,NA,NA,0,7,2008,"WD","Normal",188000,"Train"
"538",538,20,"RL",NA,12735,"Pave",NA,"IR1","Lvl","AllPub","FR2","Gtl","NAmes","Norm","Norm","1Fam","1Story","4","5",1972,1972,"Hip","CompShg","MetalSd","MetalSd","None",0,"TA","TA","CBlock","TA","TA","No","BLQ",600,"Unf",0,264,864,"GasA","TA","Y","SBrkr",864,0,0,864,0,0,1,0,3,1,"TA",5,"Typ",0,NA,"Detchd",1980,"Unf",2,576,"TA","TA","Y",216,0,0,0,0,0,NA,"MnWw",NA,0,4,2008,"COD","Normal",111250,"Train"
"539",539,20,"RL",NA,11553,"Pave",NA,"IR1","Lvl","AllPub","Inside","Gtl","Sawyer","Norm","Norm","1Fam","1Story","5","5",1968,1968,"Hip","CompShg","Plywood","Plywood","BrkFace",188,"TA","TA","CBlock","TA","TA","No","BLQ",673,"Unf",0,378,1051,"GasA","TA","Y","SBrkr",1159,0,0,1159,0,0,1,1,3,1,"TA",7,"Typ",1,"Fa","Attchd",1968,"Unf",1,336,"TA","TA","Y",466,0,0,0,0,0,NA,NA,NA,0,7,2006,"WD","Normal",158000,"Train"
"540",540,20,"RL",NA,11423,"Pave",NA,"Reg","Lvl","AllPub","Inside","Gtl","CollgCr","Norm","Norm","1Fam","1Story","8","5",2001,2002,"Gable","CompShg","VinylSd","VinylSd","BrkFace",479,"Gd","TA","PConc","Gd","TA","Av","GLQ",1358,"Unf",0,223,1581,"GasA","Ex","Y","SBrkr",1601,0,0,1601,1,0,2,0,3,1,"Gd",6,"Typ",1,"TA","Attchd",2001,"RFn",2,670,"TA","TA","Y",180,0,0,0,0,0,NA,"MnPrv","Shed",2000,5,2010,"WD","Normal",272000,"Train"
"541",541,20,"RL",85,14601,"Pave",NA,"Reg","Lvl","AllPub","Inside","Gtl","Timber","Norm","Norm","1Fam","1Story","9","5",2006,2006,"Hip","CompShg","VinylSd","VinylSd","BrkFace",584,"Ex","TA","PConc","Ex","TA","Av","GLQ",1260,"Unf",0,578,1838,"GasA","Ex","Y","SBrkr",1838,0,0,1838,1,0,2,0,2,1,"Ex",8,"Typ",1,"Gd","Attchd",2006,"Fin",3,765,"TA","TA","Y",270,68,0,0,0,0,NA,NA,NA,0,3,2009,"WD","Normal",315000,"Train"
"542",542,60,"RL",NA,11000,"Pave",NA,"Reg","Lvl","AllPub","FR2","Gtl","NoRidge","Norm","Norm","1Fam","2Story","8","5",2000,2000,"Gable","CompShg","VinylSd","VinylSd","BrkFace",72,"Gd","TA","PConc","Gd","TA","No","Unf",0,"Unf",0,969,969,"GasA","Ex","Y","SBrkr",997,1288,0,2285,0,0,2,1,4,1,"Gd",8,"Typ",1,"TA","BuiltIn",2000,"Fin",3,648,"TA","TA","Y",0,56,0,0,0,0,NA,NA,NA,0,6,2007,"WD","Normal",248000,"Train"
"543",543,20,"RL",78,10140,"Pave",NA,"Reg","Lvl","AllPub","Inside","Gtl","NWAmes","RRAn","Norm","1Fam","1Story","7","5",1998,1999,"Hip","CompShg","VinylSd","VinylSd","None",0,"Gd","TA","PConc","Ex","TA","No","LwQ",144,"GLQ",1127,379,1650,"GasA","Ex","Y","SBrkr",1680,0,0,1680,1,0,2,0,3,1,"Gd",7,"Maj1",1,"TA","Attchd",1998,"Fin",2,583,"TA","TA","Y",78,73,0,0,0,0,NA,NA,NA,0,6,2009,"WD","Normal",213250,"Train"
"544",544,120,"RH",34,4058,"Pave",NA,"Reg","Lvl","AllPub","Inside","Gtl","NAmes","Norm","Norm","TwnhsE","SFoyer","7","5",1998,1998,"Gable","CompShg","MetalSd","MetalSd","BrkFace",182,"TA","TA","PConc","Gd","TA","Av","GLQ",584,"LwQ",139,0,723,"GasA","Ex","Y","SBrkr",767,0,0,767,1,0,1,0,1,1,"TA",4,"Typ",0,NA,"Attchd",1998,"Fin",1,367,"TA","TA","Y",120,40,0,0,0,0,NA,NA,NA,0,6,2007,"WD","Normal",133000,"Train"
"545",545,60,"RL",58,17104,"Pave",NA,"IR1","Lvl","AllPub","Inside","Gtl","Gilbert","Norm","Norm","1Fam","2Story","7","5",2006,2006,"Gable","CompShg","VinylSd","VinylSd","None",0,"Gd","TA","PConc","Gd","Gd","Av","GLQ",554,"Unf",0,100,654,"GasA","Ex","Y","SBrkr",664,832,0,1496,1,0,2,1,3,1,"Gd",7,"Typ",1,"Gd","Attchd",2006,"RFn",2,426,"TA","TA","Y",100,24,0,0,0,0,NA,NA,NA,0,9,2006,"New","Partial",179665,"Train"
"546",546,50,"RL",NA,13837,"Pave",NA,"IR1","Lvl","AllPub","Corner","Gtl","NWAmes","Norm","Norm","1Fam","1.5Fin","7","5",1988,1988,"Gable","CompShg","HdBoard","HdBoard","BrkFace",178,"Gd","Gd","PConc","Gd","Gd","No","GLQ",1002,"LwQ",202,0,1204,"GasA","Gd","Y","SBrkr",1377,806,0,2183,0,0,2,1,4,1,"Gd",9,"Typ",0,NA,"Attchd",1988,"Unf",3,786,"TA","TA","Y",0,0,0,0,0,0,NA,NA,NA,0,2,2006,"WD","Normal",229000,"Train"
"547",547,50,"RL",70,8737,"Pave",NA,"IR1","Bnk","AllPub","Inside","Gtl","BrkSide","Norm","Norm","1Fam","1.5Fin","6","7",1923,1950,"Gable","CompShg","BrkFace","Wd Sdng","None",0,"TA","TA","BrkTil","Gd","TA","No","Rec",300,"Unf",0,765,1065,"GasA","Ex","Y","FuseA",915,720,0,1635,0,0,1,1,3,1,"TA",6,"Typ",1,"Gd","Detchd",1950,"Unf",2,440,"TA","TA","Y",0,38,0,144,0,0,NA,NA,NA,0,5,2007,"WD","Normal",210000,"Train"
"548",548,85,"RL",54,7244,"Pave",NA,"Reg","Lvl","AllPub","Inside","Gtl","Mitchel","Norm","Norm","1Fam","SFoyer","5","7",1970,1970,"Gable","CompShg","VinylSd","VinylSd","None",0,"TA","Gd","CBlock","Gd","TA","Av","ALQ",619,"Unf",0,149,768,"GasA","Ex","Y","SBrkr",768,0,0,768,1,0,1,0,2,1,"TA",5,"Typ",0,NA,"Detchd",1987,"Unf",2,624,"TA","TA","Y",104,0,0,0,0,0,NA,NA,NA,0,4,2007,"WD","Normal",129500,"Train"
"549",549,20,"RM",49,8235,"Pave",NA,"IR1","HLS","AllPub","Inside","Gtl","OldTown","Feedr","RRNn","1Fam","1Story","5","7",1955,1995,"Gable","CompShg","MetalSd","MetalSd","None",0,"TA","Gd","CBlock","TA","TA","No","LwQ",180,"Rec",645,0,825,"GasA","TA","Y","SBrkr",825,0,0,825,1,0,1,0,2,1,"TA",4,"Typ",0,NA,"Detchd",1963,"RFn",2,720,"TA","TA","Y",140,50,0,0,0,0,NA,"MnPrv",NA,0,6,2008,"WD","Normal",125000,"Train"
"550",550,60,"FV",75,9375,"Pave",NA,"Reg","Lvl","AllPub","Inside","Gtl","Somerst","Norm","Norm","1Fam","2Story","7","5",2003,2004,"Gable","CompShg","VinylSd","VinylSd","None",0,"Gd","TA","PConc","Gd","TA","No","Unf",0,"Unf",0,912,912,"GasA","Ex","Y","SBrkr",912,1182,0,2094,0,0,2,1,4,1,"Gd",8,"Typ",1,"Gd","BuiltIn",2003,"Fin",2,615,"TA","TA","Y",182,182,0,0,0,0,NA,NA,NA,0,11,2009,"WD","Normal",263000,"Train"
"551",551,120,"RL",53,4043,"Pave",NA,"Reg","Lvl","AllPub","Inside","Gtl","NPkVill","Norm","Norm","TwnhsE","1Story","6","6",1977,1977,"Gable","CompShg","Plywood","Plywood","None",0,"TA","TA","CBlock","Gd","TA","No","ALQ",559,"Unf",0,510,1069,"GasA","TA","Y","SBrkr",1069,0,0,1069,0,0,2,0,2,1,"TA",4,"Typ",0,NA,"Attchd",1977,"RFn",2,440,"TA","TA","Y",0,55,0,0,200,0,NA,NA,NA,0,10,2008,"COD","Abnorml",140000,"Train"
"552",552,20,"RM",50,6000,"Pave",NA,"Reg","Lvl","AllPub","Inside","Gtl","OldTown","Norm","Norm","1Fam","1Story","5","6",1957,1957,"Hip","CompShg","BrkFace","BrkFace","None",0,"TA","TA","CBlock","TA","TA","No","Rec",308,"Unf",0,620,928,"GasA","Gd","Y","FuseA",928,0,0,928,0,0,1,0,3,1,"TA",5,"Typ",0,NA,"Attchd",1957,"Fin",1,288,"TA","TA","Y",0,0,0,0,0,0,NA,NA,NA,0,6,2008,"WD","Normal",112500,"Train"
"553",553,20,"RL",87,11146,"Pave",NA,"IR1","Lvl","AllPub","Inside","Gtl","NridgHt","Norm","Norm","1Fam","1Story","8","5",2006,2006,"Gable","CompShg","VinylSd","VinylSd","Stone",250,"Gd","TA","PConc","Ex","TA","Av","Unf",0,"Unf",0,1709,1709,"GasA","Ex","Y","SBrkr",1717,0,0,1717,0,0,2,0,3,1,"Gd",7,"Typ",1,"Gd","Attchd",2006,"RFn",3,908,"TA","TA","Y",169,39,0,0,0,0,NA,NA,NA,0,7,2009,"WD","Normal",255500,"Train"
"554",554,20,"RL",67,8777,"Pave",NA,"Reg","Lvl","AllPub","Inside","Gtl","Edwards","Feedr","Norm","1Fam","1Story","4","5",1949,2003,"Gable","CompShg","VinylSd","VinylSd","None",0,"TA","TA","CBlock",NA,NA,NA,NA,0,NA,0,0,0,"GasA","Ex","Y","SBrkr",1126,0,0,1126,0,0,2,0,2,1,"Gd",5,"Typ",0,NA,"Detchd",2002,"Fin",2,520,"TA","TA","N",0,96,0,0,0,0,NA,"MnPrv",NA,0,5,2009,"WD","Normal",108000,"Train"
"555",555,60,"RL",85,10625,"Pave",NA,"Reg","Lvl","AllPub","Inside","Gtl","NridgHt","Norm","Norm","1Fam","2Story","7","5",2003,2004,"Gable","CompShg","VinylSd","VinylSd","BrkFace",292,"Gd","TA","PConc","Gd","TA","No","GLQ",866,"Unf",0,132,998,"GasA","Ex","Y","SBrkr",1006,1040,0,2046,1,0,2,1,3,1,"Gd",8,"Typ",1,"Gd","BuiltIn",2003,"RFn",3,871,"TA","TA","Y",320,62,0,0,0,0,NA,NA,NA,0,8,2008,"WD","Normal",284000,"Train"
"556",556,45,"RM",58,6380,"Pave",NA,"Reg","Lvl","AllPub","Inside","Gtl","BrkSide","Norm","Norm","1Fam","1.5Unf","5","6",1922,1950,"Gable","CompShg","MetalSd","MetalSd","None",0,"TA","TA","BrkTil","TA","Fa","No","Unf",0,"Unf",0,993,993,"GasA","TA","Y","FuseA",1048,0,0,1048,0,0,1,0,2,1,"TA",5,"Typ",1,"Gd","Detchd",1922,"Unf",1,280,"TA","TA","Y",0,0,116,0,0,0,NA,NA,NA,0,8,2006,"WD","Normal",113000,"Train"
"557",557,20,"RL",69,14850,"Pave",NA,"IR1","Lvl","AllPub","Inside","Gtl","NAmes","Norm","Norm","1Fam","1Story","5","5",1957,1957,"Gable","CompShg","Wd Sdng","Wd Sdng","None",0,"TA","TA","CBlock","TA","TA","No","Rec",895,"Unf",0,197,1092,"GasA","TA","Y","FuseA",1092,0,0,1092,1,0,1,0,2,1,"TA",6,"Typ",1,"TA","Attchd",1957,"Fin",1,299,"TA","TA","Y",268,0,0,0,122,0,NA,"MnWw",NA,0,5,2006,"WD","Normal",141000,"Train"
"558",558,50,"C (all)",60,11040,"Pave",NA,"Reg","Low","AllPub","Inside","Mod","IDOTRR","Norm","Norm","1Fam","1.5Fin","4","6",1920,1950,"Gable","CompShg","MetalSd","MetalSd","None",0,"TA","TA","CBlock","TA","TA","No","Rec",637,"Unf",0,0,637,"GasA","Gd","Y","SBrkr",897,439,0,1336,0,0,1,1,3,1,"TA",7,"Typ",0,NA,"CarPort",1994,"Unf",1,570,"TA","TA","Y",0,47,120,0,0,0,NA,NA,NA,0,9,2006,"COD","Normal",108000,"Train"
"559",559,60,"RL",57,21872,"Pave",NA,"IR2","HLS","AllPub","FR2","Gtl","Gilbert","Norm","Norm","1Fam","2Story","7","5",1996,1997,"Gable","CompShg","HdBoard","HdBoard","None",0,"TA","TA","PConc","Gd","TA","Gd","GLQ",604,"Unf",0,125,729,"GasA","Ex","Y","SBrkr",729,717,0,1446,0,1,2,1,3,1,"TA",6,"Typ",1,"TA","Attchd",1996,"Unf",2,406,"TA","TA","Y",264,22,0,0,0,0,NA,NA,NA,0,8,2008,"WD","Normal",175000,"Train"
"560",560,120,"RL",NA,3196,"Pave",NA,"Reg","Lvl","AllPub","Inside","Gtl","Blmngtn","Norm","Norm","TwnhsE","1Story","7","5",2003,2004,"Gable","CompShg","VinylSd","VinylSd","BrkFace",18,"Gd","TA","PConc","Gd","TA","Gd","Unf",0,"Unf",0,1374,1374,"GasA","Ex","Y","SBrkr",1557,0,0,1557,0,0,2,0,2,1,"Gd",7,"Typ",1,"TA","Attchd",2003,"Fin",2,420,"TA","TA","Y",143,20,0,0,0,0,NA,NA,NA,0,10,2006,"WD","Normal",234000,"Train"
"561",561,20,"RL",NA,11341,"Pave",NA,"IR1","Lvl","AllPub","Inside","Gtl","Sawyer","Norm","Norm","1Fam","1Story","5","6",1957,1996,"Hip","CompShg","Wd Sdng","Wd Sdng","BrkFace",180,"TA","TA","CBlock","Gd","TA","No","ALQ",1302,"Unf",0,90,1392,"GasA","TA","Y","SBrkr",1392,0,0,1392,1,0,1,1,3,1,"TA",5,"Mod",1,"Gd","Detchd",1957,"Unf",2,528,"TA","TA","Y",0,0,0,0,95,0,NA,NA,NA,0,5,2010,"WD","Normal",121500,"Train"
"562",562,20,"RL",77,10010,"Pave",NA,"Reg","Lvl","AllPub","Inside","Mod","Mitchel","Norm","Norm","1Fam","1Story","5","5",1974,1975,"Gable","CompShg","HdBoard","HdBoard","None",0,"TA","TA","CBlock","Gd","TA","Av","ALQ",1071,"LwQ",123,195,1389,"GasA","Gd","Y","SBrkr",1389,0,0,1389,1,0,1,0,2,1,"TA",6,"Typ",1,"TA","Attchd",1975,"RFn",2,418,"TA","TA","Y",240,38,0,0,0,0,NA,NA,NA,0,4,2006,"WD","Normal",170000,"Train"
"563",563,30,"RL",63,13907,"Pave",NA,"Reg","Lvl","AllPub","Inside","Gtl","Edwards","Norm","Norm","1Fam","1Story","5","6",1940,1969,"Gable","CompShg","WdShing","Wd Shng","None",0,"TA","TA","CBlock","TA","TA","No","BLQ",290,"Unf",0,706,996,"GasA","Ex","Y","SBrkr",996,0,0,996,1,0,1,0,3,1,"TA",6,"Typ",1,"Gd",NA,NA,NA,0,0,NA,NA,"Y",144,0,0,0,0,0,NA,NA,NA,0,7,2008,"WD","Normal",108000,"Train"
"564",564,50,"RL",66,21780,"Pave",NA,"Reg","Lvl","AllPub","Inside","Gtl","Edwards","Norm","Norm","1Fam","1.5Fin","6","7",1918,1950,"Gable","CompShg","Wd Sdng","Wd Sdng","None",0,"TA","TA","BrkTil","Gd","TA","Mn","Unf",0,"Unf",0,1163,1163,"GasA","Ex","Y","SBrkr",1163,511,0,1674,0,0,2,0,4,1,"TA",8,"Typ",1,"Gd","Detchd",1955,"Fin",2,396,"TA","TA","N",72,36,0,0,144,0,NA,NA,NA,0,7,2008,"WD","Normal",185000,"Train"
"565",565,60,"RL",NA,13346,"Pave",NA,"IR1","Lvl","AllPub","CulDSac","Gtl","NoRidge","Norm","Norm","1Fam","2Story","7","5",1992,2000,"Gable","CompShg","HdBoard","HdBoard","None",0,"Gd","TA","PConc","Gd","TA","No","GLQ",728,"Unf",0,367,1095,"GasA","Ex","Y","SBrkr",1166,1129,0,2295,1,0,2,1,4,1,"Gd",9,"Typ",1,"TA","Attchd",1992,"RFn",2,590,"TA","TA","Y",0,40,0,0,0,0,NA,NA,NA,0,7,2006,"WD","Normal",268000,"Train"
"566",566,70,"RL",66,6858,"Pave",NA,"Reg","Bnk","AllPub","Corner","Gtl","SWISU","Norm","Norm","1Fam","2Story","6","4",1915,1950,"Gable","CompShg","Wd Sdng","Wd Sdng","None",0,"TA","TA","PConc","Gd","TA","No","Unf",0,"Unf",0,806,806,"GasA","TA","N","FuseF",841,806,0,1647,1,0,1,1,4,1,"Fa",6,"Typ",0,NA,"Detchd",1920,"Unf",1,216,"TA","TA","Y",0,66,136,0,0,0,NA,NA,NA,0,5,2010,"WD","Normal",128000,"Train"
"567",567,60,"RL",77,11198,"Pave",NA,"IR1","Lvl","AllPub","Inside","Gtl","StoneBr","Norm","Norm","1Fam","2Story","9","5",2005,2007,"Hip","CompShg","VinylSd","VinylSd","BrkFace",245,"Gd","TA","PConc","Gd","Gd","No","Unf",0,"Unf",0,1122,1122,"GasA","Ex","Y","SBrkr",1134,1370,0,2504,0,0,2,1,4,1,"Ex",11,"Typ",1,"Gd","BuiltIn",2005,"Fin",3,656,"TA","TA","Y",144,39,0,0,0,0,NA,NA,NA,0,6,2008,"WD","Normal",325000,"Train"
"568",568,20,"RL",70,10171,"Pave",NA,"IR1","Lvl","AllPub","Inside","Gtl","NridgHt","Norm","Norm","1Fam","1Story","7","5",2004,2004,"Gable","CompShg","VinylSd","VinylSd","BrkFace",168,"Gd","TA","PConc","Gd","TA","No","GLQ",2,"Unf",0,1515,1517,"GasA","Ex","Y","SBrkr",1535,0,0,1535,0,0,2,0,3,1,"Gd",7,"Typ",0,NA,"Attchd",2004,"RFn",2,532,"TA","TA","Y",0,0,0,0,0,0,NA,NA,NA,0,3,2010,"WD","Normal",214000,"Train"
"569",569,50,"RL",79,12327,"Pave",NA,"IR1","Low","AllPub","Inside","Mod","SawyerW","Norm","Norm","1Fam","1.5Fin","8","8",1983,2009,"Gable","CompShg","Wd Sdng","Wd Sdng","None",0,"Gd","TA","CBlock","Gd","TA","Gd","GLQ",1441,"Unf",0,55,1496,"GasA","Ex","Y","SBrkr",1496,636,0,2132,1,0,1,1,1,1,"Gd",5,"Min2",1,"Gd","BuiltIn",1983,"Fin",2,612,"Gd","TA","Y",349,40,0,0,0,0,NA,NA,NA,0,9,2009,"WD","Normal",316600,"Train"
"570",570,90,"RL",NA,7032,"Pave",NA,"IR1","Lvl","AllPub","Corner","Gtl","NAmes","Norm","Norm","Duplex","SFoyer","5","5",1979,1979,"Gable","CompShg","MetalSd","MetalSd","None",0,"TA","TA","CBlock","Gd","TA","Gd","GLQ",943,"Unf",0,0,943,"GasA","TA","Y","SBrkr",943,0,0,943,1,0,1,0,2,1,"TA",4,"Typ",2,"TA","Detchd",1979,"Unf",2,600,"TA","TA","Y",42,0,0,0,0,0,NA,NA,NA,0,12,2006,"WD","Normal",135960,"Train"
"571",571,90,"RL",74,13101,"Pave",NA,"IR1","Lvl","AllPub","Inside","Gtl","NAmes","Norm","Norm","Duplex","1Story","5","5",1965,1965,"Gable","CompShg","HdBoard","HdBoard","BrkFace",108,"TA","TA","CBlock","TA","TA","No","LwQ",231,"Unf",0,1497,1728,"GasA","TA","Y","SBrkr",1728,0,0,1728,0,0,2,0,6,2,"TA",10,"Typ",0,NA,"Detchd",1987,"Unf",2,576,"TA","TA","Y",0,0,0,0,0,0,NA,NA,NA,0,11,2008,"WD","Normal",142600,"Train"
"572",572,20,"RL",60,7332,"Pave",NA,"Reg","Lvl","AllPub","Inside","Gtl","NAmes","Norm","Norm","1Fam","1Story","6","6",1959,1959,"Gable","CompShg","WdShing","Wd Shng","BrkFace",207,"TA","TA","CBlock","TA","TA","No","BLQ",414,"Unf",0,450,864,"GasA","Ex","Y","SBrkr",864,0,0,864,1,0,1,0,2,1,"Gd",4,"Typ",0,NA,"Attchd",1959,"Unf",1,288,"TA","TA","Y",168,0,0,0,0,0,NA,NA,NA,0,10,2006,"WD","Abnorml",120000,"Train"
"573",573,60,"RL",83,13159,"Pave",NA,"IR1","HLS","AllPub","Corner","Gtl","Timber","Norm","Norm","1Fam","2Story","7","5",2009,2009,"Gable","CompShg","VinylSd","VinylSd","None",0,"TA","TA","PConc","Ex","TA","Av","Unf",0,"Unf",0,846,846,"GasA","Gd","Y","SBrkr",846,846,0,1692,0,0,2,1,3,1,"Gd",6,"Typ",0,NA,"Attchd",2009,"RFn",2,650,"TA","TA","Y",208,114,0,0,0,0,NA,NA,NA,0,7,2009,"New","Partial",224500,"Train"
"574",574,80,"RL",76,9967,"Pave",NA,"IR1","Lvl","AllPub","Inside","Gtl","Gilbert","Norm","Norm","1Fam","SLvl","7","5",2000,2000,"Gable","CompShg","VinylSd","VinylSd","None",0,"TA","TA","PConc","Gd","TA","No","Unf",0,"Unf",0,384,384,"GasA","Ex","Y","SBrkr",774,656,0,1430,0,0,2,1,3,1,"TA",8,"Typ",1,"TA","BuiltIn",2000,"RFn",2,400,"TA","TA","Y",100,0,0,0,0,0,NA,NA,NA,0,12,2007,"WD","Normal",170000,"Train"
"575",575,80,"RL",70,10500,"Pave",NA,"Reg","Lvl","AllPub","FR2","Gtl","NAmes","Norm","Norm","1Fam","SLvl","5","7",1971,2005,"Gambrel","CompShg","MetalSd","AsphShn","BrkFace",82,"TA","TA","CBlock","TA","TA","Av","ALQ",349,"Unf",0,23,372,"GasA","TA","Y","SBrkr",576,533,0,1109,0,1,1,0,3,1,"TA",5,"Typ",0,NA,"BuiltIn",1971,"Unf",1,288,"TA","TA","Y",35,0,0,0,0,0,NA,"GdWo",NA,0,12,2007,"WD","Normal",139000,"Train"
"576",576,50,"RL",80,8480,"Pave",NA,"Reg","Lvl","AllPub","Inside","Gtl","NAmes","Norm","Norm","1Fam","1.5Fin","5","5",1947,1950,"Gable","CompShg","MetalSd","MetalSd","None",0,"TA","TA","CBlock","TA","TA","No","Rec",442,"Unf",0,390,832,"GasA","TA","Y","SBrkr",832,384,0,1216,0,0,1,0,2,1,"TA",6,"Typ",0,NA,"Detchd",1947,"Unf",1,336,"TA","TA","Y",158,0,102,0,0,0,NA,NA,NA,0,10,2008,"COD","Abnorml",118500,"Train"
"577",577,50,"RL",52,6292,"Pave",NA,"Reg","Lvl","AllPub","Inside","Gtl","SWISU","Norm","Norm","1Fam","1.5Fin","7","7",1928,1950,"Gable","CompShg","Wd Sdng","Wd Sdng","None",0,"TA","TA","BrkTil","TA","TA","No","Unf",0,"Unf",0,861,861,"GasA","Gd","Y","SBrkr",877,600,0,1477,0,1,2,0,3,1,"TA",6,"Typ",1,"Gd","Detchd",1928,"Unf",1,216,"TA","TA","Y",0,50,0,0,0,0,NA,NA,NA,0,8,2009,"WD","Normal",145000,"Train"
"578",578,80,"RL",96,11777,"Pave",NA,"IR1","Lvl","AllPub","Inside","Gtl","Sawyer","Norm","Norm","1Fam","SLvl","5","6",1966,1966,"Gable","CompShg","VinylSd","VinylSd","BrkFace",97,"TA","TA","CBlock","TA","TA","Av","LwQ",328,"ALQ",551,285,1164,"GasA","Ex","Y","SBrkr",1320,0,0,1320,1,0,1,0,3,1,"TA",6,"Typ",2,"Fa","Attchd",1966,"RFn",2,564,"TA","TA","Y",160,68,240,0,0,0,NA,NA,NA,0,5,2006,"WD","Abnorml",164500,"Train"
"579",579,160,"FV",34,3604,"Pave","Pave","Reg","Lvl","AllPub","Corner","Gtl","Somerst","Norm","Norm","TwnhsE","2Story","7","5",2007,2007,"Gable","CompShg","VinylSd","VinylSd","None",0,"Gd","TA","PConc","Gd","TA","No","Unf",0,"Unf",0,689,689,"GasA","Ex","Y","SBrkr",703,689,0,1392,0,0,2,0,2,1,"Gd",5,"Typ",0,NA,"Detchd",2007,"Unf",2,540,"TA","TA","Y",0,102,0,0,0,0,NA,NA,NA,0,2,2008,"WD","Abnorml",146000,"Train"
"580",580,50,"RM",81,12150,"Pave","Grvl","Reg","Lvl","AllPub","Inside","Gtl","OldTown","Norm","Norm","1Fam","1.5Fin","5","5",1954,1954,"Gable","CompShg","MetalSd","MetalSd","BrkFace",335,"TA","TA","BrkTil","TA","TA","No","Unf",0,"Unf",0,1050,1050,"GasA","Ex","N","FuseF",1050,745,0,1795,0,0,2,0,4,1,"TA",7,"Typ",0,NA,"Attchd",1954,"Unf",1,352,"Fa","TA","Y",0,0,0,0,0,0,NA,NA,NA,0,11,2008,"WD","Normal",131500,"Train"
"581",581,20,"RL",NA,14585,"Pave",NA,"IR1","Lvl","AllPub","CulDSac","Gtl","NAmes","Norm","Norm","1Fam","1Story","6","6",1960,1987,"Gable","CompShg","Wd Sdng","Wd Sdng","BrkFace",85,"TA","TA","CBlock","TA","TA","No","BLQ",594,"Rec",219,331,1144,"GasA","Ex","Y","SBrkr",1429,0,0,1429,0,1,1,0,3,1,"Gd",7,"Typ",2,"Gd","Attchd",1960,"Unf",2,572,"TA","TA","Y",216,110,0,0,0,0,NA,NA,NA,0,6,2007,"WD","Normal",181900,"Train"
"582",582,20,"RL",98,12704,"Pave",NA,"Reg","Lvl","AllPub","Inside","Gtl","NridgHt","Norm","Norm","1Fam","1Story","8","5",2008,2009,"Hip","CompShg","VinylSd","VinylSd","BrkFace",306,"Ex","TA","PConc","Ex","TA","No","Unf",0,"Unf",0,2042,2042,"GasA","Ex","Y","SBrkr",2042,0,0,2042,0,0,2,1,3,1,"Ex",8,"Typ",1,"Gd","Attchd",2009,"RFn",3,1390,"TA","TA","Y",0,90,0,0,0,0,NA,NA,NA,0,8,2009,"New","Partial",253293,"Train"
"583",583,90,"RL",81,11841,"Grvl",NA,"Reg","Lvl","AllPub","Inside","Gtl","Edwards","Norm","Norm","Duplex","SFoyer","6","5",1990,1990,"Gable","CompShg","HdBoard","HdBoard","BrkFace",104,"TA","Gd","CBlock","Gd","TA","Av","GLQ",816,"Unf",0,0,816,"GasA","TA","Y","SBrkr",816,0,0,816,1,0,1,0,3,1,"TA",5,"Typ",0,NA,NA,NA,NA,0,0,NA,NA,"Y",0,32,0,0,0,0,NA,NA,NA,0,5,2007,"WD","Normal",118500,"Train"
"584",584,75,"RM",75,13500,"Pave",NA,"Reg","Lvl","AllPub","Inside","Gtl","OldTown","Artery","PosA","1Fam","2.5Unf","10","9",1893,2000,"Gable","CompShg","Wd Sdng","Wd Sdng","None",0,"Ex","Ex","BrkTil","TA","TA","No","Unf",0,"Unf",0,1237,1237,"GasA","Gd","Y","SBrkr",1521,1254,0,2775,0,0,3,1,3,1,"Gd",9,"Typ",1,"Gd","Detchd",1988,"Unf",2,880,"Gd","TA","Y",105,502,0,0,0,0,NA,NA,NA,0,7,2008,"WD","Normal",325000,"Train"
"585",585,50,"RM",51,6120,"Pave",NA,"Reg","Lvl","AllPub","Inside","Gtl","BrkSide","Norm","Norm","1Fam","1.5Fin","4","7",1935,1995,"Gable","CompShg","AsbShng","AsbShng","None",0,"TA","TA","BrkTil","TA","TA","No","Unf",0,"Unf",0,884,884,"GasA","Ex","Y","SBrkr",989,584,0,1573,0,0,1,0,3,1,"Gd",6,"Typ",0,NA,"Detchd",1935,"Unf",1,240,"TA","TA","Y",0,0,54,0,120,0,NA,NA,NA,0,7,2009,"WD","Normal",133000,"Train"
"586",586,20,"RL",88,11443,"Pave",NA,"Reg","Lvl","AllPub","Inside","Gtl","Timber","Norm","Norm","1Fam","1Story","8","5",2005,2006,"Hip","CompShg","VinylSd","VinylSd","BrkFace",208,"Gd","TA","PConc","Ex","TA","Gd","GLQ",1460,"Unf",0,408,1868,"GasA","Ex","Y","SBrkr",2028,0,0,2028,1,0,2,0,2,1,"Gd",7,"Typ",2,"Gd","Attchd",2005,"RFn",3,880,"TA","TA","Y",326,66,0,0,0,0,NA,NA,NA,0,3,2006,"New","Partial",369900,"Train"
"587",587,30,"RL",55,10267,"Pave",NA,"Reg","Lvl","AllPub","Inside","Gtl","BrkSide","RRAn","Norm","1Fam","1Story","6","7",1918,2000,"Gable","CompShg","Stucco","Wd Shng","None",0,"TA","Gd","BrkTil","TA","Gd","Mn","Rec",210,"ALQ",606,0,816,"GasA","Ex","Y","SBrkr",838,0,0,838,1,0,1,0,2,1,"Fa",5,"Typ",0,NA,"Detchd",1961,"Fin",1,275,"TA","TA","N",0,0,112,0,0,0,NA,"MnWw",NA,0,5,2008,"WD","Normal",130000,"Train"
"588",588,85,"RL",74,8740,"Pave",NA,"IR1","Lvl","AllPub","Inside","Gtl","Sawyer","Norm","Norm","1Fam","SFoyer","5","6",1982,1982,"Hip","CompShg","HdBoard","HdBoard","None",0,"TA","TA","CBlock","TA","TA","Av","ALQ",672,"Unf",0,168,840,"GasA","TA","Y","SBrkr",860,0,0,860,1,0,1,0,2,1,"TA",4,"Typ",0,NA,"Detchd",1996,"Unf",2,528,"TA","TA","Y",0,0,0,0,0,0,NA,NA,NA,0,7,2009,"WD","Normal",137000,"Train"
"589",589,20,"RL",65,25095,"Pave",NA,"IR1","Low","AllPub","Inside","Sev","ClearCr","Norm","Norm","1Fam","1Story","5","8",1968,2003,"Flat","Tar&Grv","Wd Sdng","Wd Sdng","None",0,"TA","TA","CBlock","TA","TA","Gd","GLQ",1324,"Unf",0,113,1437,"GasA","Ex","Y","SBrkr",1473,0,0,1473,2,0,1,0,1,1,"Ex",5,"Typ",2,"Gd","Attchd",1968,"Unf",1,452,"TA","TA","Y",0,48,0,0,60,0,NA,NA,NA,0,6,2009,"WD","Partial",143000,"Train"
"590",590,40,"RM",50,9100,"Pave",NA,"Reg","Lvl","AllPub","Inside","Gtl","BrkSide","RRAn","Feedr","1Fam","1Story","5","6",1930,1960,"Gable","CompShg","VinylSd","VinylSd","None",0,"TA","TA","BrkTil","TA","TA","No","Unf",0,"Unf",0,742,742,"GasA","TA","Y","FuseA",779,0,156,935,0,0,1,0,2,1,"TA",4,"Typ",0,NA,"Detchd",1988,"Unf",1,308,"TA","TA","P",0,0,0,0,0,0,NA,NA,"Shed",600,8,2008,"WD","Normal",79500,"Train"
"591",591,60,"RL",64,8320,"Pave",NA,"Reg","Lvl","AllPub","Inside","Gtl","CollgCr","Norm","Norm","1Fam","2Story","7","5",2004,2004,"Gable","CompShg","VinylSd","VinylSd","None",0,"Gd","TA","PConc","Gd","TA","No","GLQ",490,"Unf",0,280,770,"GasA","Ex","Y","SBrkr",770,812,0,1582,0,0,2,1,3,1,"Gd",6,"Typ",0,NA,"Attchd",2004,"RFn",2,520,"TA","TA","Y",0,45,0,0,0,0,NA,NA,NA,0,9,2008,"WD","Normal",185900,"Train"
"592",592,60,"RL",97,13478,"Pave",NA,"IR1","Lvl","AllPub","Corner","Gtl","NridgHt","Norm","Norm","1Fam","2Story","10","5",2008,2008,"Gable","CompShg","CemntBd","CmentBd","Stone",420,"Ex","TA","PConc","Ex","TA","Gd","GLQ",1338,"Unf",0,384,1722,"GasA","Ex","Y","SBrkr",1728,568,0,2296,1,0,2,1,3,1,"Ex",10,"Typ",1,"Gd","BuiltIn",2008,"RFn",3,842,"TA","TA","Y",382,274,0,0,0,0,NA,NA,NA,0,6,2009,"ConLI","Normal",451950,"Train"
"593",593,20,"RL",60,6600,"Pave",NA,"Reg","Lvl","AllPub","Inside","Gtl","Mitchel","Norm","Norm","1Fam","1Story","5","8",1982,2003,"Gable","CompShg","HdBoard","HdBoard","None",0,"TA","Gd","PConc","TA","Gd","No","GLQ",816,"Unf",0,0,816,"GasA","Ex","Y","SBrkr",816,0,0,816,1,0,1,0,2,1,"TA",4,"Typ",0,NA,"Detchd",1985,"Fin",2,816,"TA","TA","Y",0,0,0,0,0,0,NA,NA,NA,0,6,2008,"WD","Normal",138000,"Train"
"594",594,120,"RM",NA,4435,"Pave",NA,"Reg","Lvl","AllPub","Inside","Gtl","CollgCr","Norm","Norm","TwnhsE","1Story","6","5",2003,2003,"Gable","CompShg","VinylSd","VinylSd","BrkFace",170,"Gd","TA","PConc","Gd","TA","Av","GLQ",685,"Unf",0,163,848,"GasA","Ex","Y","SBrkr",848,0,0,848,1,0,1,0,1,1,"Gd",4,"Typ",0,NA,"Attchd",2003,"Fin",2,420,"TA","TA","Y",140,0,0,0,0,0,NA,NA,NA,0,5,2009,"WD","Normal",140000,"Train"
"595",595,20,"RL",88,7990,"Pave",NA,"IR1","Lvl","AllPub","Inside","Gtl","CollgCr","Norm","Norm","1Fam","1Story","5","6",1975,1975,"Hip","CompShg","HdBoard","HdBoard","None",0,"TA","TA","CBlock","Gd","TA","No","Unf",0,"Unf",0,924,924,"GasA","TA","Y","SBrkr",924,0,0,924,0,0,1,0,3,1,"TA",5,"Typ",0,NA,"Detchd",1981,"Unf",1,280,"TA","TA","Y",0,0,0,0,0,0,NA,"MnPrv",NA,0,4,2008,"WD","Normal",110000,"Train"
"596",596,20,"RL",69,11302,"Pave",NA,"IR1","Lvl","AllPub","Inside","Gtl","StoneBr","Norm","Norm","1Fam","1Story","8","5",2005,2006,"Gable","CompShg","VinylSd","Other","BrkFace",238,"Gd","TA","PConc","Gd","TA","Gd","GLQ",1422,"Unf",0,392,1814,"GasA","Ex","Y","SBrkr",1826,0,0,1826,1,0,2,0,3,1,"Gd",7,"Typ",1,"TA","Attchd",2005,"Fin",3,758,"TA","TA","Y",180,75,0,0,120,0,NA,NA,NA,0,8,2006,"New","Partial",319000,"Train"
"597",597,70,"RM",60,3600,"Pave","Grvl","Reg","Lvl","AllPub","Inside","Gtl","OldTown","Norm","Norm","1Fam","2Story","6","7",1910,1993,"Gable","CompShg","VinylSd","VinylSd","None",0,"TA","TA","CBlock","TA","TA","No","Unf",0,"Unf",0,684,684,"GasA","Ex","N","FuseA",684,684,0,1368,0,0,1,0,3,1,"TA",7,"Typ",0,NA,"Detchd",1930,"Unf",1,216,"TA","Fa","N",0,158,0,0,0,0,NA,NA,NA,0,10,2006,"WD","Normal",114504,"Train"
"598",598,120,"RL",53,3922,"Pave",NA,"Reg","Lvl","AllPub","Inside","Gtl","Blmngtn","Norm","Norm","TwnhsE","1Story","7","5",2006,2007,"Gable","CompShg","VinylSd","VinylSd","BrkFace",72,"Gd","TA","PConc","Ex","TA","Av","Unf",0,"Unf",0,1258,1258,"GasA","Ex","Y","SBrkr",1402,0,0,1402,0,2,0,2,2,1,"Gd",7,"Typ",1,"Gd","Attchd",2006,"Fin",3,648,"TA","TA","Y",120,16,0,0,0,0,NA,NA,NA,0,2,2007,"New","Partial",194201,"Train"
"599",599,20,"RL",80,12984,"Pave",NA,"Reg","Bnk","AllPub","Inside","Gtl","Crawfor","Norm","Norm","1Fam","1Story","5","6",1977,1977,"Gable","CompShg","Plywood","Plywood","BrkFace",459,"TA","TA","CBlock","Gd","TA","Mn","ALQ",1283,"LwQ",147,0,1430,"GasA","Ex","Y","SBrkr",1647,0,0,1647,1,0,2,0,3,1,"Gd",7,"Typ",1,"TA","Attchd",1977,"Fin",2,621,"TA","TA","Y",0,0,0,0,0,0,NA,NA,NA,0,3,2006,"WD","Normal",217500,"Train"
"600",600,160,"RM",24,1950,"Pave",NA,"Reg","Lvl","AllPub","Inside","Gtl","Blueste","Norm","Norm","Twnhs","2Story","6","6",1980,1980,"Gable","CompShg","MetalSd","MetalSd","None",0,"TA","Gd","CBlock","Gd","TA","No","LwQ",81,"GLQ",612,23,716,"GasA","TA","Y","SBrkr",716,840,0,1556,1,0,2,1,3,1,"TA",6,"Typ",1,"TA","Attchd",1980,"Fin",2,452,"TA","TA","Y",161,0,0,0,0,0,NA,"GdPrv",NA,0,7,2008,"COD","Normal",151000,"Train"
"601",601,60,"RL",74,10927,"Pave",NA,"Reg","Lvl","AllPub","Inside","Gtl","NridgHt","Norm","Norm","1Fam","2Story","8","5",2005,2005,"Gable","CompShg","VinylSd","VinylSd","BrkFace",280,"Gd","TA","PConc","Gd","TA","Av","GLQ",546,"Unf",0,512,1058,"GasA","Ex","Y","SBrkr",1058,846,0,1904,1,0,2,1,3,1,"Ex",8,"Typ",1,"Gd","BuiltIn",2003,"Fin",2,736,"TA","TA","Y",179,60,0,0,0,0,NA,NA,NA,0,6,2006,"WD","Normal",275000,"Train"
"602",602,50,"RM",50,9000,"Pave",NA,"Reg","Bnk","AllPub","Inside","Gtl","IDOTRR","Norm","Norm","1Fam","1.5Fin","6","6",1937,1950,"Gable","CompShg","Wd Sdng","Wd Sdng","None",0,"TA","Gd","PConc","TA","TA","No","Unf",0,"Unf",0,780,780,"GasA","TA","Y","SBrkr",780,595,0,1375,0,0,1,1,3,1,"Gd",6,"Typ",1,"Gd","Detchd",1979,"Unf",1,544,"TA","TA","P",0,162,0,0,126,0,NA,NA,NA,0,12,2007,"WD","Normal",141000,"Train"
"603",603,60,"RL",80,10041,"Pave",NA,"IR1","Lvl","AllPub","Inside","Gtl","SawyerW","Norm","Norm","1Fam","2Story","8","5",1992,1992,"Gable","CompShg","HdBoard","HdBoard","None",0,"Gd","TA","PConc","Gd","TA","Mn","GLQ",789,"Unf",0,119,908,"GasA","Ex","Y","SBrkr",927,988,0,1915,1,0,2,1,3,1,"Gd",8,"Typ",1,"TA","Attchd",1992,"Fin",2,506,"TA","TA","Y",120,150,0,0,0,0,NA,NA,NA,0,2,2006,"WD","Abnorml",220000,"Train"
"604",604,160,"FV",30,3182,"Pave","Pave","Reg","Lvl","AllPub","Inside","Gtl","Somerst","Norm","Norm","TwnhsE","2Story","7","5",2004,2005,"Gable","CompShg","MetalSd","MetalSd","None",0,"Gd","TA","PConc","Gd","TA","No","Unf",0,"Unf",0,600,600,"GasA","Ex","Y","SBrkr",600,600,0,1200,0,0,2,1,2,1,"Gd",4,"Typ",0,NA,"Detchd",2004,"RFn",2,480,"TA","TA","Y",0,172,0,0,0,0,NA,NA,NA,0,6,2010,"WD","Normal",151000,"Train"
"605",605,20,"RL",88,12803,"Pave",NA,"IR1","Lvl","AllPub","Inside","Gtl","CollgCr","Norm","Norm","1Fam","1Story","7","5",2002,2002,"Gable","CompShg","VinylSd","VinylSd","BrkFace",99,"Gd","TA","PConc","Gd","TA","Mn","GLQ",922,"Unf",0,572,1494,"GasA","Ex","Y","SBrkr",1494,0,0,1494,1,0,2,0,3,1,"Gd",6,"Typ",1,"TA","Attchd",2002,"RFn",2,530,"TA","TA","Y",192,36,0,0,0,0,NA,NA,NA,0,9,2008,"WD","Normal",221000,"Train"
"606",606,60,"RL",85,13600,"Pave",NA,"Reg","Lvl","AllPub","Inside","Gtl","NAmes","Norm","Norm","1Fam","2Story","7","6",1965,1990,"Gable","CompShg","HdBoard","HdBoard","BrkFace",176,"TA","TA","CBlock","TA","TA","No","BLQ",454,"Unf",0,314,768,"GasA","TA","Y","SBrkr",1186,800,0,1986,0,0,2,1,3,1,"TA",7,"Typ",3,"Fa","Attchd",1965,"Unf",2,486,"TA","TA","Y",0,42,0,0,189,0,NA,NA,NA,0,10,2009,"WD","Normal",205000,"Train"
"607",607,20,"RL",82,12464,"Pave",NA,"IR2","Low","AllPub","Corner","Mod","CollgCr","Norm","Norm","1Fam","1Story","5","5",1996,1996,"Gable","CompShg","VinylSd","VinylSd","None",0,"TA","Gd","PConc","Gd","TA","No","GLQ",732,"Unf",0,308,1040,"GasA","Gd","Y","SBrkr",1040,0,0,1040,1,0,1,0,3,1,"Gd",6,"Typ",0,NA,"Detchd",2000,"Unf",2,576,"TA","TA","Y",168,0,0,0,0,0,NA,"GdPrv",NA,0,11,2009,"WD","Normal",152000,"Train"
"608",608,20,"RL",78,7800,"Pave",NA,"Reg","Bnk","AllPub","Inside","Mod","Edwards","Norm","Norm","1Fam","2Story","5","8",1948,2002,"Gable","CompShg","MetalSd","MetalSd","None",0,"TA","Gd","CBlock","TA","Gd","No","GLQ",603,"Unf",0,293,896,"GasA","Ex","Y","SBrkr",1112,896,0,2008,1,0,3,0,3,1,"Ex",8,"Typ",0,NA,"Attchd",1948,"Unf",1,230,"TA","TA","Y",103,0,0,0,0,0,NA,NA,NA,0,8,2006,"WD","Normal",225000,"Train"
"609",609,70,"RL",78,12168,"Pave",NA,"Reg","HLS","AllPub","Inside","Mod","Crawfor","Norm","Norm","1Fam","2Story","8","6",1934,1998,"Gable","CompShg","BrkFace","Wd Sdng","None",0,"TA","TA","PConc","Gd","TA","Mn","BLQ",428,"Unf",0,537,965,"GasA","TA","Y","SBrkr",1940,1254,0,3194,0,0,2,1,4,1,"TA",10,"Typ",2,"Gd","Basment",1934,"Unf",2,380,"TA","TA","Y",0,0,0,0,0,0,NA,NA,NA,0,9,2007,"WD","Alloca",359100,"Train"
"610",610,20,"RL",61,7943,"Pave",NA,"Reg","Lvl","AllPub","Inside","Gtl","Sawyer","Feedr","Norm","1Fam","1Story","4","5",1961,1961,"Gable","CompShg","VinylSd","VinylSd","BrkCmn",192,"TA","Fa","CBlock","TA","TA","Mn","Rec",903,"Unf",0,126,1029,"GasA","Gd","Y","SBrkr",1029,0,0,1029,1,0,1,0,3,1,"TA",5,"Typ",0,NA,"Attchd",1961,"Unf",1,261,"TA","TA","Y",64,0,39,0,0,0,NA,NA,NA,0,4,2007,"WD","Normal",118500,"Train"
"611",611,60,"RL",NA,11050,"Pave",NA,"Reg","Lvl","AllPub","Inside","Gtl","CollgCr","PosN","Norm","1Fam","2Story","9","5",2000,2000,"Hip","CompShg","VinylSd","VinylSd","BrkFace",204,"Gd","TA","PConc","Ex","TA","Mn","GLQ",904,"Unf",0,536,1440,"GasA","Ex","Y","SBrkr",1476,677,0,2153,1,0,2,1,3,1,"Ex",8,"Typ",2,"Ex","Attchd",2000,"Fin",3,736,"TA","TA","Y",253,142,0,0,0,0,NA,NA,NA,0,5,2009,"WD","Normal",313000,"Train"
"612",612,80,"RL",NA,10395,"Pave",NA,"IR1","Lvl","AllPub","FR2","Gtl","NWAmes","Norm","Norm","1Fam","SLvl","6","6",1978,1978,"Gable","CompShg","HdBoard","HdBoard","BrkFace",233,"TA","TA","CBlock","Gd","TA","Av","ALQ",605,"Unf",0,427,1032,"GasA","TA","Y","SBrkr",1032,0,0,1032,0,1,2,0,3,1,"TA",6,"Typ",1,"TA","Attchd",1978,"Unf",2,564,"TA","TA","Y",0,0,0,0,0,0,NA,"MnPrv","Shed",500,7,2007,"WD","Normal",148000,"Train"
"613",613,60,"RL",NA,11885,"Pave",NA,"Reg","Lvl","AllPub","Inside","Gtl","CollgCr","Norm","Norm","1Fam","2Story","8","5",2001,2001,"Gable","CompShg","VinylSd","VinylSd","BrkFace",108,"Gd","TA","PConc","Gd","TA","Av","GLQ",990,"Unf",0,309,1299,"GasA","Ex","Y","SBrkr",1299,573,0,1872,1,0,2,1,3,1,"Ex",7,"Typ",1,"TA","BuiltIn",2001,"RFn",2,531,"TA","TA","Y",160,122,0,0,0,0,NA,NA,NA,0,11,2009,"WD","Normal",261500,"Train"
"614",614,20,"RL",70,8402,"Pave",NA,"Reg","Lvl","AllPub","Inside","Gtl","Mitchel","Feedr","Norm","1Fam","1Story","5","5",2007,2007,"Gable","CompShg","VinylSd","VinylSd","None",0,"TA","TA","PConc","Gd","TA","No","ALQ",206,"Unf",0,914,1120,"GasA","Ex","Y","SBrkr",1120,0,0,1120,0,0,1,0,3,1,"TA",6,"Typ",0,NA,NA,NA,NA,0,0,NA,NA,"Y",0,30,0,0,0,0,NA,NA,NA,0,12,2007,"New","Partial",147000,"Train"
"615",615,180,"RM",21,1491,"Pave",NA,"Reg","Lvl","AllPub","Inside","Gtl","MeadowV","Norm","Norm","TwnhsE","SFoyer","4","6",1972,1972,"Gable","CompShg","CemntBd","CmentBd","None",0,"TA","TA","CBlock","Gd","TA","Av","LwQ",150,"GLQ",480,0,630,"GasA","Ex","Y","SBrkr",630,0,0,630,1,0,1,0,1,1,"TA",3,"Typ",0,NA,NA,NA,NA,0,0,NA,NA,"Y",96,24,0,0,0,0,NA,NA,NA,0,5,2010,"WD","Normal",75500,"Train"
"616",616,85,"RL",80,8800,"Pave",NA,"Reg","Lvl","AllPub","Inside","Gtl","NAmes","Feedr","Norm","1Fam","SFoyer","6","7",1963,1963,"Gable","CompShg","MetalSd","MetalSd","BrkFace",156,"TA","Gd","PConc","TA","TA","Gd","GLQ",763,"Unf",0,173,936,"GasA","Ex","Y","SBrkr",1054,0,0,1054,1,0,1,0,3,1,"Gd",6,"Typ",0,NA,"Attchd",1963,"RFn",2,480,"TA","TA","Y",120,0,0,0,0,0,NA,"MnPrv",NA,0,5,2010,"WD","Abnorml",137500,"Train"
"617",617,60,"RL",NA,7861,"Pave",NA,"IR1","Lvl","AllPub","Inside","Gtl","Gilbert","Norm","Norm","1Fam","2Story","6","5",2002,2003,"Gable","CompShg","VinylSd","VinylSd","None",0,"Gd","TA","PConc","Gd","TA","No","GLQ",457,"Unf",0,326,783,"GasA","Ex","Y","SBrkr",807,702,0,1509,1,0,2,1,3,1,"Gd",7,"Typ",1,"Gd","Attchd",2002,"Fin",2,393,"TA","TA","Y",100,75,0,0,0,0,NA,NA,NA,0,6,2006,"WD","Normal",183200,"Train"
"618",618,45,"RL",59,7227,"Pave",NA,"Reg","HLS","AllPub","Corner","Mod","NAmes","Artery","Norm","1Fam","1.5Unf","6","6",1954,1954,"Gable","CompShg","MetalSd","MetalSd","None",0,"TA","TA","CBlock","TA","TA","No","Unf",0,"Unf",0,832,832,"GasA","Gd","Y","SBrkr",832,0,0,832,0,0,1,0,2,1,"Gd",4,"Typ",0,NA,"Detchd",1962,"Unf",2,528,"TA","TA","Y",0,0,0,0,0,0,NA,NA,NA,0,6,2008,"WD","Normal",105500,"Train"
"619",619,20,"RL",90,11694,"Pave",NA,"Reg","Lvl","AllPub","Inside","Gtl","NridgHt","Norm","Norm","1Fam","1Story","9","5",2007,2007,"Hip","CompShg","CemntBd","CmentBd","BrkFace",452,"Ex","TA","PConc","Ex","TA","Av","GLQ",48,"Unf",0,1774,1822,"GasA","Ex","Y","SBrkr",1828,0,0,1828,0,0,2,0,3,1,"Gd",9,"Typ",1,"Gd","Attchd",2007,"Unf",3,774,"TA","TA","Y",0,108,0,0,260,0,NA,NA,NA,0,7,2007,"New","Partial",314813,"Train"
"620",620,60,"RL",85,12244,"Pave",NA,"Reg","Lvl","AllPub","Inside","Gtl","Timber","Norm","Norm","1Fam","2Story","8","5",2003,2003,"Hip","CompShg","VinylSd","VinylSd","Stone",226,"Gd","TA","PConc","Gd","TA","Gd","GLQ",871,"Unf",0,611,1482,"GasA","Ex","Y","SBrkr",1482,780,0,2262,1,0,2,1,4,1,"Gd",10,"Typ",2,"Gd","Attchd",2003,"Fin",3,749,"TA","TA","Y",168,0,0,0,0,0,NA,NA,NA,0,8,2008,"WD","Normal",305000,"Train"
"621",621,30,"RL",45,8248,"Pave","Grvl","Reg","Lvl","AllPub","Inside","Gtl","Edwards","Norm","Norm","1Fam","1Story","3","3",1914,1950,"Gable","CompShg","Stucco","Stucco","None",0,"TA","TA","BrkTil","TA","TA","No","BLQ",41,"Unf",0,823,864,"GasA","TA","N","FuseF",864,0,0,864,1,0,1,0,2,1,"TA",5,"Typ",0,NA,NA,NA,NA,0,0,NA,NA,"N",0,0,100,0,0,0,NA,NA,NA,0,9,2008,"WD","Normal",67000,"Train"
"622",622,60,"RL",90,10800,"Pave",NA,"Reg","Lvl","AllPub","Inside","Gtl","NWAmes","Norm","Norm","1Fam","2Story","6","7",1974,1997,"Gable","CompShg","HdBoard","HdBoard","None",0,"TA","TA","CBlock","TA","TA","No","ALQ",956,"Rec",182,384,1522,"GasA","TA","Y","SBrkr",1548,1066,0,2614,0,0,2,1,4,1,"TA",9,"Typ",1,"TA","Attchd",1974,"RFn",2,624,"TA","TA","Y",38,243,0,0,0,0,NA,NA,NA,0,6,2008,"WD","Normal",240000,"Train"
"623",623,20,"RL",71,7064,"Pave",NA,"Reg","Lvl","AllPub","Inside","Gtl","Sawyer","Norm","Norm","1Fam","1Story","5","6",1977,1977,"Gable","CompShg","Plywood","Plywood","BrkFace",153,"TA","TA","CBlock","TA","TA","No","BLQ",560,"Unf",0,420,980,"GasA","TA","Y","SBrkr",980,0,0,980,0,0,1,0,3,1,"TA",6,"Typ",0,NA,"Detchd",1986,"Unf",2,484,"TA","TA","Y",192,0,0,0,0,0,NA,NA,NA,0,7,2009,"WD","Normal",135000,"Train"
"624",624,160,"FV",NA,2117,"Pave",NA,"Reg","Lvl","AllPub","Inside","Gtl","Somerst","Norm","Norm","TwnhsE","2Story","6","5",2000,2000,"Gable","CompShg","MetalSd","MetalSd","BrkFace",513,"Gd","TA","PConc","Gd","TA","No","GLQ",420,"Unf",0,336,756,"GasA","Ex","Y","SBrkr",756,756,0,1512,0,0,2,1,2,1,"Gd",4,"Typ",1,"TA","Detchd",2000,"Unf",2,440,"TA","TA","Y",0,32,0,0,0,0,NA,NA,NA,0,6,2007,"WD","Normal",168500,"Train"
"625",625,60,"RL",80,10400,"Pave",NA,"Reg","Lvl","AllPub","Inside","Gtl","NWAmes","Norm","Norm","1Fam","2Story","6","5",1972,1972,"Gable","CompShg","VinylSd","VinylSd","None",288,"TA","TA","CBlock","TA","TA","No","Rec",247,"Unf",0,485,732,"GasA","Gd","Y","SBrkr",1012,778,0,1790,1,0,1,2,4,1,"TA",8,"Min2",1,"TA","Attchd",1972,"RFn",2,484,"TA","TA","Y",148,0,0,0,147,0,NA,NA,NA,0,11,2006,"WD","Normal",165150,"Train"
"626",626,20,"RL",87,10000,"Pave",NA,"IR1","Lvl","AllPub","Corner","Gtl","NAmes","Norm","Norm","1Fam","1Story","6","6",1962,1962,"Hip","CompShg","Wd Sdng","Wd Sdng","BrkFace",261,"TA","TA","CBlock","TA","TA","No","Unf",0,"Unf",0,1116,1116,"GasA","TA","Y","SBrkr",1116,0,0,1116,0,0,1,1,3,1,"TA",5,"Typ",0,NA,"Attchd",1962,"Unf",2,440,"TA","TA","Y",0,0,0,0,385,0,NA,NA,NA,0,2,2010,"WD","Normal",160000,"Train"
"627",627,20,"RL",NA,12342,"Pave",NA,"IR1","Lvl","AllPub","Inside","Gtl","NAmes","Norm","Norm","1Fam","1Story","5","5",1960,1978,"Hip","CompShg","Wd Sdng","Wd Sdng","None",0,"TA","TA","CBlock","TA","TA","No","Unf",0,"Unf",0,978,978,"GasA","TA","Y","SBrkr",1422,0,0,1422,0,0,1,0,3,1,"TA",6,"Min1",1,"TA","Attchd",1960,"RFn",1,286,"TA","TA","Y",0,0,36,0,0,0,NA,"GdWo","Shed",600,8,2007,"WD","Normal",139900,"Train"
"628",628,80,"RL",80,9600,"Pave",NA,"Reg","Lvl","AllPub","Inside","Gtl","NAmes","Norm","Norm","1Fam","SLvl","6","6",1955,1972,"Gable","CompShg","AsbShng","AsbShng","BrkFace",164,"TA","TA","CBlock","TA","TA","Av","BLQ",674,"LwQ",132,350,1156,"GasA","Ex","Y","SBrkr",1520,0,0,1520,1,0,1,0,3,1,"TA",7,"Typ",2,"Gd","Basment",1955,"RFn",1,364,"TA","TA","Y",0,0,189,0,0,0,NA,NA,NA,0,3,2010,"WD","Normal",153000,"Train"
"629",629,60,"RL",70,11606,"Pave",NA,"IR1","HLS","AllPub","Inside","Sev","NAmes","Norm","Norm","1Fam","2Story","5","5",1969,1969,"Gable","CompShg","Plywood","Plywood","BrkFace",192,"TA","TA","PConc","Gd","TA","Av","Rec",650,"Unf",0,390,1040,"GasA","TA","Y","SBrkr",1040,1040,0,2080,0,1,1,2,5,1,"Fa",9,"Typ",2,"TA","Attchd",1969,"Unf",2,504,"TA","TA","Y",335,0,0,0,0,0,NA,NA,NA,0,9,2007,"WD","Family",135000,"Train"
"630",630,80,"RL",82,9020,"Pave",NA,"Reg","Lvl","AllPub","Corner","Gtl","NAmes","Feedr","Norm","1Fam","SLvl","6","5",1964,1964,"Gable","WdShngl","Plywood","Wd Sdng","BrkFace",259,"TA","TA","CBlock","TA","TA","Gd","GLQ",624,"Rec",336,288,1248,"GasA","TA","Y","SBrkr",1350,0,0,1350,1,0,1,1,3,1,"TA",6,"Typ",0,NA,"Attchd",1964,"RFn",2,520,"TA","TA","Y",176,0,0,0,0,0,NA,"GdPrv",NA,0,6,2008,"WD","Normal",168500,"Train"
"631",631,70,"RM",50,9000,"Pave","Grvl","Reg","Lvl","AllPub","Corner","Gtl","OldTown","Artery","Norm","1Fam","2Story","5","6",1880,1991,"Gable","CompShg","VinylSd","VinylSd","None",0,"TA","TA","BrkTil","Fa","Fa","No","Unf",0,"Unf",0,636,636,"GasA","TA","Y","FuseA",1089,661,0,1750,0,0,1,0,3,1,"Ex",8,"Typ",0,NA,"Detchd",1937,"Unf",1,240,"Fa","Po","N",0,0,293,0,0,0,NA,"MnPrv",NA,0,6,2006,"WD","Abnorml",124000,"Train"
"632",632,120,"RL",34,4590,"Pave",NA,"Reg","Lvl","AllPub","Inside","Gtl","NridgHt","Norm","Norm","Twnhs","1Story","8","5",2006,2006,"Gable","CompShg","VinylSd","VinylSd","Stone",108,"Gd","TA","PConc","Gd","Gd","Mn","GLQ",24,"Unf",0,1530,1554,"GasA","Ex","Y","SBrkr",1554,0,0,1554,0,0,2,0,2,1,"Gd",6,"Typ",1,"Gd","Attchd",2006,"RFn",2,627,"TA","TA","Y",156,73,0,0,0,0,NA,NA,NA,0,8,2007,"WD","Normal",209500,"Train"
"633",633,20,"RL",85,11900,"Pave",NA,"Reg","Lvl","AllPub","Inside","Gtl","NWAmes","Norm","Norm","1Fam","1Story","7","5",1977,1977,"Hip","CompShg","Plywood","Plywood","BrkFace",209,"TA","Gd","CBlock","TA","TA","No","ALQ",822,"Unf",0,564,1386,"GasA","TA","Y","SBrkr",1411,0,0,1411,0,0,2,0,3,1,"TA",6,"Typ",1,"TA","Attchd",1977,"Fin",2,544,"TA","TA","Y",192,0,0,0,0,0,NA,NA,NA,0,4,2009,"WD","Family",82500,"Train"
"634",634,20,"RL",80,9250,"Pave",NA,"Reg","Lvl","AllPub","Corner","Gtl","NAmes","Norm","Norm","1Fam","1Story","5","7",1954,2005,"Gable","CompShg","Wd Sdng","Wd Sdng","None",0,"TA","TA","CBlock","TA","TA","No","BLQ",480,"LwQ",468,108,1056,"GasA","TA","Y","SBrkr",1056,0,0,1056,0,1,1,0,3,1,"TA",6,"Typ",0,NA,"Attchd",1954,"Unf",1,260,"TA","TA","Y",390,0,0,0,0,0,NA,NA,NA,0,7,2007,"WD","Normal",139400,"Train"
"635",635,90,"RL",64,6979,"Pave",NA,"Reg","Lvl","AllPub","Inside","Gtl","OldTown","Norm","Norm","Duplex","SFoyer","6","5",1980,1980,"Gable","CompShg","Plywood","Plywood","None",0,"TA","TA","CBlock","TA","TA","No","GLQ",1056,"Unf",0,0,1056,"GasA","Gd","Y","SBrkr",1056,0,0,1056,2,0,0,0,0,2,"TA",4,"Typ",0,NA,"Detchd",1980,"Unf",2,576,"TA","TA","Y",264,56,0,0,0,0,NA,"GdPrv","Shed",600,6,2010,"WD","Normal",144000,"Train"
"636",636,190,"RH",60,10896,"Pave","Pave","Reg","Bnk","AllPub","Inside","Gtl","SWISU","Feedr","Norm","2fmCon","2.5Fin","6","7",1914,1995,"Hip","CompShg","VinylSd","VinylSd","None",0,"Fa","TA","CBlock","TA","Fa","No","LwQ",256,"Unf",0,1184,1440,"GasA","Ex","Y","FuseA",1440,1440,515,3395,0,0,2,0,8,2,"Fa",14,"Typ",0,NA,NA,NA,NA,0,0,NA,NA,"N",0,110,0,0,0,0,NA,NA,NA,0,3,2007,"WD","Abnorml",2e+05,"Train"
"637",637,30,"RM",51,6120,"Pave",NA,"Reg","Lvl","AllPub","Inside","Gtl","BrkSide","Norm","Norm","1Fam","1Story","2","3",1936,1950,"Gable","CompShg","AsbShng","AsbShng","None",0,"Fa","Fa","BrkTil","TA","Fa","No","Unf",0,"Unf",0,264,264,"Grav","Fa","N","FuseA",800,0,0,800,0,0,1,0,1,1,"Fa",4,"Maj1",1,"Po",NA,NA,NA,0,0,NA,NA,"N",0,0,0,0,0,0,NA,NA,NA,0,1,2009,"ConLw","Normal",60000,"Train"
"638",638,190,"RM",50,6000,"Pave",NA,"Reg","Lvl","AllPub","Inside","Gtl","OldTown","Norm","Norm","2fmCon","1.5Fin","5","4",1954,1954,"Gable","CompShg","Wd Sdng","Wd Sdng","None",0,"TA","TA","CBlock","TA","TA","No","Unf",0,"Unf",0,811,811,"GasA","TA","Y","FuseA",811,576,0,1387,0,0,2,0,3,2,"Gd",7,"Typ",0,NA,"BuiltIn",1954,"Unf",1,256,"TA","TA","Y",0,0,0,0,0,0,NA,NA,NA,0,11,2009,"WD","Normal",93000,"Train"
"639",639,30,"RL",67,8777,"Pave",NA,"Reg","Lvl","AllPub","Inside","Gtl","Edwards","Feedr","Norm","1Fam","1Story","5","7",1910,1950,"Gable","CompShg","MetalSd","Wd Sdng","None",0,"TA","TA","CBlock","Fa","TA","No","Unf",0,"Unf",0,796,796,"GasA","Gd","Y","FuseA",796,0,0,796,0,0,1,0,2,1,"TA",4,"Typ",0,NA,NA,NA,NA,0,0,NA,NA,"P",328,0,164,0,0,0,NA,"MnPrv",NA,0,5,2008,"WD","Normal",85000,"Train"
"640",640,120,"RL",53,3982,"Pave",NA,"Reg","Lvl","AllPub","Inside","Gtl","Blmngtn","Norm","Norm","TwnhsE","1Story","8","5",2006,2006,"Hip","CompShg","VinylSd","VinylSd","None",0,"Gd","TA","PConc","Gd","Gd","Av","GLQ",1154,"Unf",0,366,1520,"GasA","Ex","Y","SBrkr",1567,0,0,1567,1,0,2,0,1,1,"Ex",7,"Typ",1,"Gd","Attchd",2006,"Fin",3,648,"TA","TA","Y",312,0,0,0,0,0,NA,NA,NA,0,10,2006,"New","Partial",264561,"Train"
"641",641,120,"RL",62,12677,"Pave",NA,"IR1","Lvl","AllPub","Inside","Gtl","NridgHt","Norm","Norm","TwnhsE","1Story","8","5",2003,2004,"Hip","CompShg","MetalSd","MetalSd","BrkFace",472,"Ex","TA","PConc","Ex","TA","Gd","GLQ",1218,"Unf",0,300,1518,"GasA","Ex","Y","SBrkr",1518,0,0,1518,0,0,1,1,1,1,"Ex",6,"Typ",1,"Gd","Attchd",2003,"RFn",2,588,"TA","TA","Y",185,140,0,0,0,0,NA,NA,NA,0,4,2008,"WD","Normal",274000,"Train"
"642",642,60,"FV",NA,7050,"Pave",NA,"Reg","Lvl","AllPub","Inside","Gtl","Somerst","Norm","Norm","1Fam","2Story","7","5",2001,2001,"Gable","CompShg","VinylSd","VinylSd","None",0,"Gd","TA","PConc","Gd","TA","No","GLQ",738,"Unf",0,319,1057,"GasA","Ex","Y","SBrkr",1057,872,0,1929,1,0,2,1,3,1,"Gd",7,"Typ",1,"TA","Attchd",2001,"Fin",2,650,"TA","TA","Y",0,235,0,0,0,0,NA,NA,NA,0,5,2007,"WD","Normal",226000,"Train"
"643",643,80,"RL",75,13860,"Pave",NA,"Reg","Lvl","AllPub","Inside","Gtl","NAmes","Norm","Norm","1Fam","SLvl","8","7",1972,1995,"Gable","CompShg","Plywood","Wd Sdng","None",0,"Gd","TA","CBlock","Gd","TA","Gd","GLQ",1410,"Unf",0,542,1952,"GasA","Gd","Y","SBrkr",2000,704,0,2704,1,0,2,1,4,1,"Ex",9,"Typ",3,"TA","Attchd",1972,"Fin",2,538,"TA","TA","Y",269,111,0,0,0,0,NA,"MnPrv",NA,0,7,2009,"WD","Normal",345000,"Train"
"644",644,60,"RL",80,10793,"Pave",NA,"Reg","Lvl","AllPub","Inside","Gtl","NWAmes","RRAn","Norm","1Fam","2Story","5","5",1969,1969,"Mansard","CompShg","WdShing","HdBoard","BrkFace",263,"TA","TA","CBlock","TA","TA","No","Rec",493,"BLQ",287,0,780,"GasA","Ex","Y","SBrkr",780,840,0,1620,0,0,2,1,4,1,"TA",7,"Min1",0,NA,"Attchd",1969,"Fin",2,462,"TA","TA","Y",208,0,0,0,0,0,NA,"GdWo",NA,0,4,2007,"WD","Normal",152000,"Train"
"645",645,20,"FV",85,9187,"Pave",NA,"Reg","Lvl","AllPub","Inside","Gtl","Somerst","Norm","Norm","1Fam","1Story","9","5",2009,2009,"Gable","CompShg","CemntBd","CmentBd","Stone",162,"Ex","TA","PConc","Ex","TA","Mn","GLQ",1121,"Unf",0,645,1766,"GasA","Ex","Y","SBrkr",1766,0,0,1766,1,0,2,1,2,1,"Ex",7,"Typ",1,"Gd","Attchd",2009,"Fin",3,478,"TA","TA","Y",195,130,0,0,0,0,NA,NA,NA,0,10,2009,"New","Partial",370878,"Train"
"646",646,20,"RL",NA,10530,"Pave",NA,"IR1","Lvl","AllPub","Corner","Gtl","NAmes","Norm","Norm","1Fam","1Story","6","5",1971,1971,"Hip","CompShg","Plywood","Plywood","None",0,"TA","TA","CBlock","TA","TA","No","ALQ",282,"LwQ",35,664,981,"GasA","TA","Y","SBrkr",981,0,0,981,1,0,1,1,3,1,"TA",5,"Typ",0,NA,"Detchd",1979,"Unf",2,576,"TA","TA","Y",0,312,40,0,0,0,NA,NA,NA,0,3,2007,"WD","Normal",143250,"Train"
"647",647,20,"RL",60,7200,"Pave",NA,"Reg","Lvl","AllPub","Inside","Gtl","NAmes","Norm","Norm","1Fam","1Story","5","5",1950,1950,"Hip","CompShg","MetalSd","MetalSd","None",0,"TA","TA","CBlock",NA,NA,NA,NA,0,NA,0,0,0,"GasA","Gd","Y","SBrkr",1048,0,0,1048,0,0,1,0,3,1,"TA",7,"Min1",0,NA,"Detchd",1950,"Unf",2,420,"TA","TA","Y",0,27,0,0,0,0,NA,NA,NA,0,7,2008,"WD","Normal",98300,"Train"
"648",648,20,"RL",85,10452,"Pave",NA,"IR1","Lvl","AllPub","Inside","Gtl","Edwards","Norm","Norm","1Fam","1Story","6","5",1953,1953,"Hip","CompShg","Wd Sdng","Wd Sdng","Stone",216,"TA","TA","CBlock","TA","TA","Mn","Rec",500,"Unf",0,594,1094,"GasA","Ex","Y","SBrkr",1094,0,0,1094,0,0,1,0,3,1,"TA",5,"Typ",2,"Gd","Attchd",1953,"RFn",2,495,"TA","TA","Y",0,0,0,0,287,0,NA,NA,NA,0,6,2008,"WD","Normal",155000,"Train"
"649",649,60,"RL",70,7700,"Pave",NA,"Reg","Lvl","AllPub","Inside","Gtl","NAmes","PosN","Norm","1Fam","2Story","6","5",1966,1966,"Gable","CompShg","MetalSd","MetalSd","BrkFace",351,"TA","TA","CBlock","TA","TA","No","Unf",0,"Unf",0,756,756,"GasA","TA","Y","SBrkr",1051,788,0,1839,0,0,1,1,4,1,"TA",7,"Typ",1,"TA","Attchd",1966,"Unf",2,442,"TA","TA","Y",0,124,216,0,0,0,NA,NA,NA,0,6,2010,"WD","Normal",155000,"Train"
"650",650,180,"RM",21,1936,"Pave",NA,"Reg","Lvl","AllPub","Inside","Gtl","MeadowV","Norm","Norm","Twnhs","SFoyer","4","6",1970,1970,"Gable","CompShg","CemntBd","CmentBd","None",0,"TA","TA","CBlock","Gd","TA","Av","BLQ",131,"GLQ",499,0,630,"GasA","Gd","Y","SBrkr",630,0,0,630,1,0,1,0,1,1,"TA",3,"Typ",0,NA,NA,NA,NA,0,0,NA,NA,"Y",0,0,0,0,0,0,NA,"MnPrv",NA,0,12,2007,"WD","Normal",84500,"Train"
"651",651,60,"FV",65,8125,"Pave",NA,"Reg","Lvl","AllPub","Inside","Gtl","Somerst","Norm","Norm","1Fam","2Story","7","6",2007,2007,"Gable","CompShg","CemntBd","CmentBd",NA,NA,"Gd","TA","PConc","Gd","TA","No","Unf",0,"Unf",0,813,813,"GasA","Ex","Y","SBrkr",822,843,0,1665,0,0,2,1,3,1,"Gd",7,"Typ",0,NA,"Attchd",2007,"RFn",2,562,"TA","TA","Y",0,0,0,0,0,0,NA,NA,NA,0,5,2008,"WD","Normal",205950,"Train"
"652",652,70,"RL",60,9084,"Pave",NA,"Reg","Lvl","AllPub","Inside","Gtl","Edwards","Artery","Norm","1Fam","2Story","4","5",1940,1950,"Gable","CompShg","MetalSd","MetalSd","None",0,"TA","TA","CBlock","TA","TA","Mn","Unf",0,"Unf",0,755,755,"GasA","TA","Y","SBrkr",755,755,0,1510,1,0,1,0,4,1,"TA",7,"Typ",1,"Gd","Detchd",1940,"Unf",1,296,"Fa","Po","P",120,0,0,0,0,0,NA,"MnPrv",NA,0,10,2009,"WD","Normal",108000,"Train"
"653",653,60,"RL",70,8750,"Pave",NA,"Reg","Lvl","AllPub","Inside","Gtl","CollgCr","Norm","Norm","1Fam","2Story","7","5",1996,1996,"Gable","CompShg","VinylSd","VinylSd","None",0,"Gd","TA","PConc","Gd","TA","No","Unf",0,"Unf",0,880,880,"GasA","Ex","Y","SBrkr",909,807,0,1716,0,0,2,1,2,1,"Gd",7,"Typ",1,"TA","Attchd",1996,"RFn",2,512,"TA","TA","Y",0,120,0,0,0,0,NA,NA,NA,0,7,2009,"WD","Normal",191000,"Train"
"654",654,50,"RM",60,10320,"Pave","Grvl","Reg","Lvl","AllPub","Inside","Gtl","IDOTRR","Norm","Norm","1Fam","1.5Fin","6","7",1906,1995,"Gable","CompShg","MetalSd","MetalSd","None",0,"TA","TA","CBlock","TA","TA","No","Unf",0,"Unf",0,756,756,"GasA","Ex","Y","SBrkr",756,713,0,1469,0,0,1,0,3,1,"TA",7,"Typ",0,NA,"Detchd",1906,"Unf",1,216,"TA","TA","Y",57,0,239,0,0,0,NA,"MnPrv",NA,0,6,2008,"WD","Normal",135000,"Train"
"655",655,20,"RL",91,10437,"Pave",NA,"IR1","Lvl","AllPub","Inside","Gtl","NoRidge","Norm","Norm","1Fam","1Story","8","6",1995,1995,"Hip","CompShg","MetalSd","MetalSd","BrkFace",660,"Gd","Gd","PConc","Gd","TA","Gd","GLQ",1696,"Unf",0,413,2109,"GasA","Ex","Y","SBrkr",2113,0,0,2113,1,0,2,1,2,1,"Gd",7,"Typ",1,"TA","Attchd",1995,"Fin",3,839,"TA","TA","Y",236,46,0,0,0,0,NA,NA,NA,0,8,2008,"WD","Normal",350000,"Train"
"656",656,160,"RM",21,1680,"Pave",NA,"Reg","Lvl","AllPub","Inside","Gtl","BrDale","Norm","Norm","Twnhs","2Story","6","5",1971,1971,"Gable","CompShg","HdBoard","ImStucc","BrkFace",381,"TA","TA","CBlock","TA","TA","No","Unf",0,"Unf",0,525,525,"GasA","TA","Y","SBrkr",525,567,0,1092,0,0,1,1,3,1,"TA",6,"Typ",0,NA,"Detchd",1971,"Unf",1,264,"TA","TA","Y",0,0,0,0,0,0,NA,NA,NA,0,3,2010,"WD","Family",88000,"Train"
"657",657,20,"RL",72,10007,"Pave",NA,"IR1","Lvl","AllPub","Inside","Gtl","NAmes","Norm","Norm","1Fam","1Story","5","7",1959,2006,"Gable","CompShg","HdBoard","HdBoard","BrkFace",54,"Gd","TA","CBlock","TA","TA","No","ALQ",806,"Unf",0,247,1053,"GasA","Ex","Y","SBrkr",1053,0,0,1053,1,0,1,1,3,1,"Gd",5,"Typ",0,NA,"Attchd",1959,"RFn",1,312,"TA","TA","Y",0,0,0,0,0,0,NA,"MnPrv",NA,0,8,2008,"WD","Normal",145500,"Train"
"658",658,70,"RL",60,7200,"Pave",NA,"Reg","HLS","AllPub","Inside","Mod","Crawfor","Norm","Norm","1Fam","2Story","7","6",1931,2000,"Gable","CompShg","Stucco","Wd Shng","None",0,"TA","Fa","BrkTil","Gd","TA","No","Unf",0,"Unf",0,776,776,"GasA","TA","Y","SBrkr",851,651,0,1502,0,0,1,1,3,1,"TA",6,"Typ",1,"Gd","Attchd",1931,"RFn",1,270,"TA","TA","P",0,0,112,0,0,0,NA,"MnPrv",NA,0,2,2008,"WD","Normal",149000,"Train"
"659",659,50,"RL",78,17503,"Pave",NA,"Reg","Lvl","AllPub","Inside","Gtl","NAmes","Artery","Norm","1Fam","1.5Fin","6","5",1948,1950,"Gable","CompShg","VinylSd","VinylSd","None",0,"TA","TA","CBlock","TA","TA","No","Unf",0,"Unf",0,912,912,"GasA","TA","Y","SBrkr",912,546,0,1458,0,1,1,0,3,1,"TA",6,"Typ",1,"Gd","Attchd",1948,"Unf",1,330,"TA","TA","Y",192,0,0,0,0,0,NA,NA,NA,0,1,2010,"WD","Abnorml",97500,"Train"
"660",660,20,"RL",75,9937,"Pave",NA,"Reg","Lvl","AllPub","Corner","Gtl","Edwards","Norm","Norm","1Fam","1Story","5","7",1964,1999,"Hip","CompShg","MetalSd","MetalSd","None",0,"TA","Gd","PConc","TA","TA","No","BLQ",637,"Unf",0,849,1486,"GasA","Ex","Y","SBrkr",1486,0,0,1486,1,0,1,0,3,1,"TA",7,"Typ",0,NA,"Detchd",1968,"Fin",2,480,"TA","TA","Y",0,0,0,0,0,0,NA,"MnPrv",NA,0,3,2009,"WD","Normal",167000,"Train"
"661",661,60,"RL",NA,12384,"Pave",NA,"Reg","Lvl","AllPub","CulDSac","Gtl","NWAmes","Norm","Norm","1Fam","2Story","7","7",1976,1976,"Gable","CompShg","Plywood","Plywood","BrkFace",233,"TA","TA","CBlock","Gd","TA","No","Unf",0,"Unf",0,793,793,"GasA","TA","Y","SBrkr",1142,793,0,1935,0,0,2,1,3,1,"TA",7,"Typ",1,"TA","Attchd",1976,"RFn",2,550,"TA","TA","Y",0,113,252,0,0,0,NA,NA,NA,0,11,2007,"WD","Normal",197900,"Train"
"662",662,60,"RL",52,46589,"Pave",NA,"IR2","Lvl","AllPub","CulDSac","Gtl","NoRidge","Norm","Norm","1Fam","2Story","8","7",1994,2005,"Hip","CompShg","VinylSd","VinylSd","BrkFace",528,"Gd","TA","PConc","Gd","Gd","No","GLQ",1361,"Rec",180,88,1629,"GasA","Ex","Y","SBrkr",1686,762,0,2448,1,0,2,1,4,1,"Gd",8,"Typ",1,"TA","Attchd",1994,"RFn",3,711,"TA","TA","Y",517,76,0,0,0,0,NA,NA,NA,0,7,2009,"WD","Normal",402000,"Train"
"663",663,20,"RL",120,13560,"Pave",NA,"Reg","Lvl","AllPub","Corner","Gtl","NAmes","Norm","Norm","1Fam","1Story","6","3",1968,1968,"Hip","CompShg","Wd Sdng","Wd Sdng","BrkFace",216,"TA","TA","CBlock","Fa","Fa","No","Unf",0,"Unf",0,1392,1392,"GasA","Gd","Y","SBrkr",1392,0,0,1392,1,0,1,0,2,1,"TA",5,"Maj2",2,"TA","Attchd",1968,"RFn",2,576,"TA","TA","Y",0,0,240,0,0,0,NA,NA,NA,0,7,2009,"WD","Normal",110000,"Train"
"664",664,85,"RL",90,10012,"Pave",NA,"Reg","Lvl","AllPub","Inside","Gtl","Edwards","Norm","Norm","1Fam","SFoyer","4","5",1972,1972,"Gable","CompShg","Plywood","Plywood","None",0,"TA","TA","CBlock","Gd","TA","Av","BLQ",920,"Rec",180,38,1138,"GasA","TA","Y","SBrkr",1181,0,0,1181,1,0,2,0,3,1,"TA",6,"Typ",0,NA,"Detchd",1974,"RFn",2,588,"TA","TA","Y",0,0,180,0,0,0,NA,"MnPrv",NA,0,4,2008,"WD","Normal",137500,"Train"
"665",665,20,"RL",49,20896,"Pave",NA,"IR2","Lvl","AllPub","CulDSac","Gtl","Somerst","RRAn","Norm","1Fam","1Story","8","5",2005,2006,"Gable","CompShg","VinylSd","VinylSd","None",0,"Gd","TA","PConc","Ex","TA","Mn","GLQ",1721,"Unf",0,356,2077,"GasA","Ex","Y","SBrkr",2097,0,0,2097,1,0,1,1,1,1,"Ex",8,"Typ",1,"Ex","Attchd",2005,"Fin",3,1134,"TA","TA","Y",192,267,0,0,0,0,NA,NA,NA,0,1,2006,"New","Partial",423000,"Train"
"666",666,60,"RL",106,11194,"Pave",NA,"IR1","Lvl","AllPub","Corner","Gtl","Gilbert","Norm","Norm","1Fam","2Story","8","5",2000,2000,"Gable","CompShg","VinylSd","VinylSd","BrkFace",40,"Gd","TA","PConc","Gd","TA","No","Unf",0,"Unf",0,1406,1406,"GasA","Ex","Y","SBrkr",1454,482,0,1936,0,0,2,1,3,1,"Gd",7,"Typ",1,"TA","Attchd",2000,"RFn",2,504,"TA","TA","Y",188,124,0,0,0,0,NA,NA,NA,0,11,2006,"WD","Normal",230500,"Train"
"667",667,60,"RL",NA,18450,"Pave",NA,"IR1","Lvl","AllPub","Inside","Gtl","NAmes","Norm","Norm","1Fam","2Story","6","5",1965,1979,"Flat","Tar&Grv","Plywood","Plywood","BrkCmn",113,"TA","Gd","CBlock","Gd","TA","No","LwQ",187,"Rec",723,111,1021,"GasA","TA","Y","SBrkr",1465,915,0,2380,0,0,2,1,3,1,"TA",7,"Sev",1,"Po","CarPort",1965,"Unf",2,596,"TA","TA","Y",0,265,0,0,0,0,NA,NA,NA,0,8,2007,"WD","Abnorml",129000,"Train"
"668",668,20,"RL",65,8125,"Pave",NA,"Reg","Lvl","AllPub","Inside","Gtl","SawyerW","Norm","Norm","1Fam","1Story","6","5",1994,1998,"Gable","CompShg","HdBoard","HdBoard","BrkFace",258,"TA","TA","PConc","Gd","TA","No","GLQ",1138,"Unf",0,270,1408,"GasA","Ex","Y","SBrkr",1679,0,0,1679,1,0,2,0,3,1,"Gd",7,"Typ",1,"Fa","Attchd",1994,"RFn",2,575,"TA","TA","Y",224,42,0,0,0,0,NA,NA,NA,0,10,2008,"WD","Normal",193500,"Train"
"669",669,20,"RL",NA,14175,"Pave",NA,"Reg","Bnk","AllPub","Corner","Mod","Sawyer","Norm","Norm","1Fam","1Story","5","6",1956,1987,"Gable","CompShg","CemntBd","Wd Sdng","None",0,"TA","TA","CBlock","TA","TA","No","Rec",988,"Unf",0,200,1188,"GasA","Gd","Y","SBrkr",1437,0,0,1437,1,0,1,1,3,1,"TA",6,"Min2",1,"TA","Detchd",1999,"Unf",2,576,"TA","TA","Y",304,0,0,0,0,0,NA,NA,NA,0,11,2006,"WD","Normal",168000,"Train"
"670",670,30,"RL",80,11600,"Pave",NA,"Reg","Lvl","AllPub","Inside","Gtl","Crawfor","Norm","Norm","1Fam","1Story","4","5",1922,1950,"Gable","CompShg","MetalSd","MetalSd","None",0,"TA","TA","BrkTil","Fa","TA","No","Unf",0,"Unf",0,700,700,"GasA","Ex","Y","SBrkr",1180,0,0,1180,0,0,1,0,2,1,"Fa",5,"Typ",1,"Gd","Detchd",1922,"Unf",1,252,"TA","Fa","Y",0,0,67,0,0,0,NA,NA,NA,0,7,2006,"WD","Normal",137500,"Train"
"671",671,60,"RL",64,8633,"Pave",NA,"Reg","Lvl","AllPub","FR2","Gtl","CollgCr","Norm","Norm","1Fam","2Story","6","5",2005,2005,"Gable","CompShg","VinylSd","VinylSd","None",0,"Gd","TA","PConc","Gd","TA","No","GLQ",193,"Unf",0,545,738,"GasA","Ex","Y","SBrkr",738,738,0,1476,1,0,2,1,3,1,"Gd",7,"Typ",0,NA,"Attchd",2005,"Fin",2,540,"TA","TA","Y",100,35,0,0,0,0,NA,NA,NA,0,2,2009,"WD","Normal",173500,"Train"
"672",672,70,"RH",54,6629,"Pave",NA,"Reg","Lvl","AllPub","Inside","Gtl","Edwards","Artery","Norm","1Fam","2Story","6","6",1925,1950,"Gambrel","CompShg","Wd Sdng","Wd Sdng","None",0,"TA","Gd","BrkTil","TA","TA","No","BLQ",551,"Unf",0,121,672,"GasA","TA","N","SBrkr",697,672,0,1369,1,0,2,0,3,1,"TA",6,"Typ",0,NA,"Detchd",1930,"Unf",1,300,"TA","TA","Y",147,0,0,0,0,0,NA,NA,NA,0,7,2009,"WD","Normal",103600,"Train"
"673",673,20,"RL",NA,11250,"Pave",NA,"IR1","Lvl","AllPub","Inside","Gtl","Veenker","Norm","Norm","1Fam","1Story","6","6",1977,1977,"Gable","CompShg","Plywood","Plywood","None",0,"Gd","TA","CBlock","Gd","TA","No","ALQ",767,"Unf",0,441,1208,"GasA","TA","Y","SBrkr",1208,0,0,1208,1,0,1,1,3,1,"TA",6,"Typ",1,"TA","Attchd",1977,"RFn",2,546,"TA","TA","Y",198,42,0,0,0,0,NA,NA,NA,0,6,2006,"WD","Normal",165000,"Train"
"674",674,20,"RL",110,14442,"Pave",NA,"Reg","Lvl","AllPub","Inside","Gtl","Crawfor","Norm","Norm","1Fam","1Story","6","7",1957,2004,"Hip","CompShg","CemntBd","CmentBd","BrkFace",106,"TA","TA","PConc","TA","TA","No","GLQ",1186,"Unf",0,291,1477,"GasA","Ex","Y","SBrkr",1839,0,0,1839,1,0,2,0,3,1,"Gd",7,"Typ",2,"TA","Attchd",1957,"Fin",2,416,"TA","TA","Y",0,87,0,0,200,0,NA,NA,NA,0,6,2007,"WD","Normal",257500,"Train"
"675",675,20,"RL",80,9200,"Pave",NA,"Reg","Lvl","AllPub","Inside","Gtl","NAmes","Norm","Norm","1Fam","1Story","6","6",1965,1965,"Gable","CompShg","HdBoard","HdBoard","None",0,"TA","TA","CBlock","TA","TA","No","Rec",892,"Unf",0,244,1136,"GasA","TA","Y","SBrkr",1136,0,0,1136,1,0,1,0,3,1,"TA",5,"Typ",1,"Gd","Attchd",1965,"RFn",1,384,"TA","TA","Y",426,0,0,0,0,0,NA,NA,NA,0,7,2008,"WD","Normal",140000,"Train"
"676",676,160,"RL",24,2289,"Pave",NA,"Reg","Lvl","AllPub","Inside","Gtl","NPkVill","Norm","Norm","Twnhs","2Story","6","6",1978,1978,"Gable","CompShg","Plywood","Brk Cmn","None",0,"TA","TA","CBlock","TA","TA","No","ALQ",311,"Unf",0,544,855,"GasA","TA","Y","SBrkr",855,586,0,1441,0,0,2,1,3,1,"TA",7,"Typ",1,"TA","Attchd",1978,"Unf",2,440,"TA","TA","Y",28,0,0,0,0,0,NA,NA,NA,0,4,2009,"WD","Normal",148500,"Train"
"677",677,70,"RM",60,9600,"Pave","Grvl","Reg","Lvl","AllPub","Inside","Gtl","OldTown","Norm","Norm","1Fam","2Story","4","2",1900,1950,"Gable","CompShg","AsbShng","Stucco","None",0,"TA","TA","BrkTil","TA","Fa","No","Unf",0,"Unf",0,1095,1095,"GasW","Fa","N","SBrkr",1095,679,0,1774,1,0,2,0,4,2,"TA",8,"Min2",0,NA,"2Types",1920,"Unf",3,779,"Fa","Fa","N",0,0,90,0,0,0,NA,NA,NA,0,5,2006,"WD","Normal",87000,"Train"
"678",678,30,"RL",52,9022,"Pave",NA,"Reg","Lvl","AllPub","Inside","Gtl","OldTown","Norm","Norm","1Fam","1Story","5","8",1924,2006,"Gable","CompShg","VinylSd","VinylSd","None",0,"Gd","TA","BrkTil","TA","TA","No","Unf",0,"Unf",0,768,768,"GasA","Ex","Y","SBrkr",792,0,0,792,0,0,1,0,2,1,"Gd",5,"Typ",0,NA,"Detchd",1924,"Unf",1,240,"Fa","Fa","N",316,0,120,0,0,0,NA,NA,NA,0,5,2009,"WD","Normal",109500,"Train"
"679",679,20,"RL",80,11844,"Pave",NA,"IR1","Lvl","AllPub","Inside","Gtl","StoneBr","Norm","Norm","1Fam","1Story","8","5",2008,2008,"Hip","CompShg","VinylSd","VinylSd","Stone",464,"Gd","TA","PConc","Ex","TA","Mn","Unf",0,"Unf",0,2046,2046,"GasA","Ex","Y","SBrkr",2046,0,0,2046,0,0,2,1,3,1,"Gd",7,"Typ",1,"Gd","Attchd",2008,"Fin",3,834,"TA","TA","Y",322,82,0,0,0,0,NA,NA,NA,0,7,2009,"New","Partial",372500,"Train"
"680",680,20,"RL",NA,9945,"Pave",NA,"IR1","Lvl","AllPub","Inside","Gtl","Sawyer","Norm","Norm","1Fam","1Story","5","5",1961,1961,"Hip","CompShg","Wd Sdng","Wd Sdng","BrkFace",57,"TA","TA","CBlock","TA","TA","No","Rec",827,"Unf",0,161,988,"GasA","TA","Y","SBrkr",988,0,0,988,1,0,1,0,3,1,"TA",5,"Typ",0,NA,"Detchd",1963,"Unf",2,572,"TA","TA","Y",0,0,0,0,0,0,NA,NA,NA,0,10,2007,"WD","Normal",128500,"Train"
"681",681,120,"RL",50,8012,"Pave",NA,"Reg","Lvl","AllPub","Inside","Gtl","SawyerW","Norm","Norm","TwnhsE","1Story","6","5",1980,1980,"Gable","CompShg","Plywood","Plywood","None",0,"TA","TA","CBlock","Gd","TA","No","BLQ",543,"BLQ",119,261,923,"GasA","TA","Y","SBrkr",923,0,0,923,0,0,2,0,2,1,"TA",5,"Typ",1,"TA","Attchd",1980,"RFn",1,264,"TA","TA","Y",80,0,0,0,0,0,NA,NA,NA,0,5,2010,"WD","Normal",143000,"Train"
"682",682,50,"RH",55,4500,"Pave","Pave","IR2","Bnk","AllPub","Inside","Gtl","SWISU","Norm","Norm","1Fam","1.5Fin","5","5",1932,2000,"Gable","CompShg","VinylSd","Stucco","None",0,"TA","TA","BrkTil","TA","TA","No","Rec",182,"Unf",0,611,793,"GasA","Ex","Y","SBrkr",848,672,0,1520,0,0,1,0,3,1,"TA",6,"Typ",0,NA,"Detchd",1968,"Unf",1,281,"TA","TA","Y",0,0,56,0,0,0,NA,NA,NA,0,7,2009,"WD","Abnorml",159434,"Train"
"683",683,120,"RL",NA,2887,"Pave",NA,"Reg","HLS","AllPub","Inside","Gtl","ClearCr","Norm","Norm","1Fam","1Story","6","5",1996,1997,"Gable","CompShg","Wd Sdng","Wd Sdng","None",0,"TA","TA","PConc","Gd","TA","Mn","GLQ",1003,"Unf",0,288,1291,"GasA","Ex","Y","SBrkr",1291,0,0,1291,1,0,1,0,2,1,"Gd",6,"Typ",1,"Gd","Attchd",1996,"Unf",2,431,"TA","TA","Y",307,0,0,0,0,0,NA,NA,NA,0,11,2008,"WD","Normal",173000,"Train"
"684",684,20,"RL",90,11248,"Pave",NA,"IR1","Lvl","AllPub","Corner","Gtl","CollgCr","Norm","Norm","1Fam","1Story","9","5",2002,2002,"Hip","CompShg","VinylSd","VinylSd","Stone",215,"Gd","TA","PConc","Gd","TA","Av","GLQ",1059,"Unf",0,567,1626,"GasA","Ex","Y","SBrkr",1668,0,0,1668,1,0,2,0,3,1,"Gd",7,"Typ",1,"TA","Attchd",2002,"Fin",3,702,"TA","TA","Y",257,45,0,0,0,0,NA,NA,NA,0,7,2007,"WD","Normal",285000,"Train"
"685",685,60,"RL",58,16770,"Pave",NA,"IR2","Lvl","AllPub","CulDSac","Gtl","NoRidge","Norm","Norm","1Fam","2Story","7","5",1998,1998,"Gable","CompShg","VinylSd","VinylSd","BrkFace",30,"Gd","TA","PConc","Gd","TA","No","Unf",0,"Unf",0,1195,1195,"GasA","Gd","Y","SBrkr",1195,644,0,1839,0,0,2,1,4,1,"TA",7,"Typ",0,NA,"Attchd",1998,"Fin",2,486,"TA","TA","Y",0,81,0,0,0,0,NA,NA,NA,0,6,2010,"WD","Normal",221000,"Train"
"686",686,160,"RL",NA,5062,"Pave",NA,"IR1","Lvl","AllPub","CulDSac","Gtl","StoneBr","Norm","Norm","TwnhsE","2Story","7","5",1984,1984,"Gable","CompShg","HdBoard","HdBoard","None",0,"Gd","TA","CBlock","Gd","TA","Mn","GLQ",828,"LwQ",182,180,1190,"GasA","Gd","Y","SBrkr",1190,900,0,2090,1,0,2,0,3,1,"Gd",6,"Min1",1,"TA","Attchd",1984,"Fin",2,577,"TA","TA","Y",219,0,0,0,0,0,NA,NA,NA,0,9,2007,"WD","Normal",207500,"Train"
"687",687,60,"FV",84,10207,"Pave",NA,"Reg","Lvl","AllPub","Inside","Gtl","Somerst","Norm","Norm","1Fam","2Story","7","6",2007,2007,"Gable","CompShg","VinylSd","VinylSd","None",0,"Gd","TA","PConc","Gd","TA","No","Unf",0,"Unf",0,874,874,"GasA","Ex","Y","SBrkr",874,887,0,1761,0,0,3,0,3,1,"Gd",7,"Typ",0,NA,"Attchd",2007,"Fin",2,578,"TA","TA","Y",144,105,0,0,0,0,NA,NA,NA,0,8,2007,"New","Partial",227875,"Train"
"688",688,160,"FV",NA,5105,"Pave",NA,"IR2","Lvl","AllPub","FR2","Gtl","Somerst","Norm","Norm","TwnhsE","2Story","7","5",2004,2004,"Gable","CompShg","MetalSd","MetalSd","None",0,"Gd","TA","PConc","Gd","TA","No","GLQ",239,"Unf",0,312,551,"GasA","Ex","Y","SBrkr",551,551,0,1102,0,0,2,1,2,1,"Gd",4,"Typ",0,NA,"Detchd",2004,"Unf",2,480,"TA","TA","Y",0,60,0,0,0,0,NA,NA,NA,0,3,2007,"WD","Normal",148800,"Train"
"689",689,20,"RL",60,8089,"Pave",NA,"Reg","HLS","AllPub","Inside","Gtl","StoneBr","Norm","Norm","1Fam","1Story","8","6",2007,2007,"Gable","CompShg","MetalSd","MetalSd","BrkFace",0,"Gd","TA","PConc","Gd","TA","Av","GLQ",945,"Unf",0,474,1419,"GasA","Ex","Y","SBrkr",1419,0,0,1419,1,0,2,0,2,1,"Gd",7,"Typ",1,"Gd","Attchd",2007,"RFn",2,567,"TA","TA","Y",140,0,0,0,0,0,NA,NA,NA,0,10,2007,"New","Partial",392000,"Train"
"690",690,120,"RL",61,7577,"Pave",NA,"IR1","Lvl","AllPub","Corner","Gtl","NridgHt","Norm","Norm","TwnhsE","1Story","6","5",2005,2006,"Gable","CompShg","VinylSd","VinylSd","Stone",256,"Gd","TA","PConc","Gd","TA","Av","ALQ",20,"Unf",0,1342,1362,"GasA","Ex","Y","SBrkr",1362,0,0,1362,0,0,2,0,2,1,"Gd",6,"Typ",1,"Gd","Attchd",2005,"RFn",2,460,"TA","TA","Y",192,28,0,0,0,0,NA,NA,NA,0,6,2007,"WD","Normal",194700,"Train"
"691",691,120,"RM",NA,4426,"Pave",NA,"Reg","Lvl","AllPub","Inside","Gtl","CollgCr","Norm","Norm","TwnhsE","1Story","6","5",2004,2004,"Gable","CompShg","VinylSd","VinylSd","BrkFace",147,"Gd","TA","PConc","Gd","TA","Gd","GLQ",697,"Unf",0,151,848,"GasA","Ex","Y","SBrkr",848,0,0,848,1,0,1,0,1,1,"Gd",3,"Typ",1,"TA","Attchd",2004,"RFn",2,420,"TA","TA","Y",149,0,0,0,0,0,NA,NA,NA,0,5,2008,"WD","Normal",141000,"Train"
"692",692,60,"RL",104,21535,"Pave",NA,"IR1","Lvl","AllPub","Corner","Gtl","NoRidge","Norm","Norm","1Fam","2Story","10","6",1994,1995,"Gable","WdShngl","HdBoard","HdBoard","BrkFace",1170,"Ex","TA","PConc","Ex","TA","Gd","GLQ",1455,"Unf",0,989,2444,"GasA","Ex","Y","SBrkr",2444,1872,0,4316,0,1,3,1,4,1,"Ex",10,"Typ",2,"Ex","Attchd",1994,"Fin",3,832,"TA","TA","Y",382,50,0,0,0,0,NA,NA,NA,0,1,2007,"WD","Normal",755000,"Train"
"693",693,60,"RL",42,26178,"Pave",NA,"IR1","Lvl","AllPub","Inside","Mod","Timber","Norm","Norm","1Fam","2Story","7","5",1989,1990,"Hip","CompShg","MetalSd","MetalSd","BrkFace",293,"Gd","TA","PConc","Gd","TA","Gd","GLQ",965,"Unf",0,245,1210,"GasA","Ex","Y","SBrkr",1238,1281,0,2519,1,0,2,1,4,1,"Gd",9,"Typ",2,"Gd","Attchd",1989,"RFn",2,628,"TA","TA","Y",320,27,0,0,0,0,NA,NA,NA,0,4,2006,"WD","Normal",335000,"Train"
"694",694,30,"RL",60,5400,"Pave",NA,"Reg","Lvl","AllPub","Corner","Sev","OldTown","Norm","Norm","1Fam","1Story","5","6",1921,1968,"Gable","CompShg","MetalSd","MetalSd","None",0,"TA","TA","BrkTil","TA","TA","No","Unf",0,"Unf",0,1073,1073,"GasA","Ex","Y","SBrkr",1073,0,0,1073,0,0,1,0,2,1,"TA",4,"Typ",0,NA,"Detchd",1968,"Unf",1,326,"TA","TA","Y",0,0,112,0,0,0,NA,NA,NA,0,12,2006,"WD","Abnorml",108480,"Train"
"695",695,50,"RM",51,6120,"Pave",NA,"Reg","Lvl","AllPub","Corner","Gtl","BrkSide","Norm","Norm","1Fam","1.5Fin","5","6",1936,1950,"Gable","CompShg","Wd Sdng","Wd Sdng","None",0,"TA","Fa","BrkTil","TA","TA","No","Unf",0,"Unf",0,927,927,"GasA","TA","Y","SBrkr",1067,472,0,1539,0,0,1,1,3,1,"TA",5,"Typ",0,NA,"Detchd",1995,"Unf",2,576,"TA","TA","Y",112,0,0,0,0,0,NA,"MnPrv",NA,0,4,2009,"WD","Normal",141500,"Train"
"696",696,20,"RL",54,13811,"Pave",NA,"IR1","Lvl","AllPub","Inside","Gtl","Timber","Norm","Norm","1Fam","1Story","6","6",1987,1987,"Gable","CompShg","HdBoard","HdBoard","BrkFace",72,"TA","TA","CBlock","Gd","Gd","No","GLQ",980,"LwQ",40,92,1112,"GasA","Gd","Y","SBrkr",1137,0,0,1137,1,0,2,0,2,1,"Gd",5,"Typ",1,"TA","Attchd",1987,"Unf",2,551,"TA","TA","Y",125,0,0,0,0,0,NA,NA,NA,0,7,2006,"WD","Normal",176000,"Train"
"697",697,30,"RM",50,6000,"Pave",NA,"Reg","Lvl","AllPub","Inside","Gtl","BrkSide","Norm","Norm","1Fam","1Story","5","7",1921,1950,"Gable","CompShg","Wd Sdng","Wd Shng","None",0,"TA","TA","CBlock","TA","TA","No","LwQ",616,"Unf",0,0,616,"GasA","Gd","Y","SBrkr",616,0,0,616,0,0,1,0,2,1,"TA",4,"Typ",0,NA,"Detchd",1921,"Unf",1,205,"TA","TA","Y",0,0,129,0,0,0,NA,NA,NA,0,6,2006,"WD","Normal",89000,"Train"
"698",698,20,"RL",57,6420,"Pave",NA,"IR1","Lvl","AllPub","Inside","Gtl","Edwards","Norm","Norm","1Fam","1Story","5","7",1952,1952,"Gable","CompShg","Wd Sdng","Wd Sdng","None",0,"TA","TA","PConc","Ex","Gd","Mn","LwQ",210,"ALQ",551,219,980,"GasA","Fa","Y","FuseA",1148,0,0,1148,0,1,1,0,2,1,"TA",6,"Typ",0,NA,"Detchd",1952,"Unf",1,308,"TA","TA","Y",0,0,0,0,0,0,NA,NA,NA,0,9,2006,"WD","Normal",123500,"Train"
"699",699,20,"RL",65,8450,"Pave",NA,"Reg","Lvl","AllPub","Inside","Gtl","Sawyer","RRAe","Norm","1Fam","1Story","5","8",1965,2009,"Gable","CompShg","MetalSd","MetalSd","None",0,"TA","Gd","CBlock","TA","TA","No","GLQ",553,"BLQ",117,224,894,"GasA","Ex","Y","SBrkr",894,0,0,894,1,0,1,0,3,1,"TA",5,"Typ",1,"Gd","Detchd",1973,"Unf",1,336,"TA","TA","Y",416,144,0,0,0,0,NA,"MnPrv",NA,0,4,2010,"WD","Normal",138500,"Train"
"700",700,120,"FV",59,4282,"Pave","Pave","IR2","Lvl","AllPub","Inside","Gtl","Somerst","Norm","Norm","TwnhsE","1Story","7","5",2004,2004,"Gable","CompShg","MetalSd","MetalSd","None",0,"Gd","TA","PConc","Gd","TA","Mn","GLQ",16,"Unf",0,1375,1391,"GasA","Ex","Y","SBrkr",1391,0,0,1391,0,0,2,0,2,1,"Gd",5,"Typ",0,NA,"Attchd",2004,"RFn",2,530,"TA","TA","Y",156,158,0,0,0,0,NA,NA,NA,0,7,2008,"WD","Normal",196000,"Train"
"701",701,20,"RL",85,14331,"Pave",NA,"Reg","Lvl","AllPub","Inside","Gtl","Timber","Norm","Norm","1Fam","1Story","8","5",2002,2002,"Hip","CompShg","VinylSd","VinylSd","BrkFace",630,"Gd","TA","PConc","Ex","TA","Gd","GLQ",1274,"Unf",0,526,1800,"GasA","Ex","Y","SBrkr",1800,0,0,1800,1,0,2,0,3,1,"Gd",7,"Typ",1,"Gd","Attchd",2002,"Fin",3,765,"TA","TA","Y",270,78,0,0,0,0,NA,NA,NA,0,5,2006,"WD","Normal",312500,"Train"
"702",702,20,"RL",80,9600,"Pave",NA,"Reg","Lvl","AllPub","Inside","Gtl","NWAmes","Norm","Norm","1Fam","1Story","7","5",1969,1969,"Hip","CompShg","HdBoard","HdBoard","BrkFace",168,"TA","TA","CBlock","TA","TA","No","Unf",0,"Unf",0,1164,1164,"GasA","TA","Y","SBrkr",1164,0,0,1164,0,0,1,1,3,1,"TA",6,"Typ",0,NA,"Attchd",1969,"Unf",2,528,"TA","TA","Y",0,0,0,0,0,0,NA,NA,NA,0,7,2006,"COD","Normal",140000,"Train"
"703",703,60,"RL",82,12438,"Pave",NA,"IR1","Lvl","AllPub","Inside","Gtl","StoneBr","Norm","Norm","1Fam","2Story","8","5",2006,2006,"Hip","CompShg","VinylSd","VinylSd","BrkFace",466,"Ex","TA","PConc","Ex","Gd","No","Unf",0,"Unf",0,1234,1234,"GasA","Ex","Y","SBrkr",1264,1312,0,2576,0,0,2,1,4,1,"Ex",10,"Typ",1,"Gd","BuiltIn",2006,"Fin",3,666,"TA","TA","Y",324,100,0,0,0,0,NA,NA,NA,0,7,2006,"New","Partial",361919,"Train"
"704",704,190,"RM",76,7630,"Pave",NA,"Reg","Lvl","AllPub","Inside","Gtl","OldTown","Feedr","Norm","2fmCon","2Story","5","9",1900,1996,"Gable","CompShg","Wd Sdng","Wd Sdng","None",0,"TA","Gd","BrkTil","Gd","TA","No","Unf",0,"Unf",0,360,360,"GasA","Gd","Y","SBrkr",1032,780,0,1812,0,0,2,0,4,2,"Gd",8,"Typ",1,"Po","Detchd",1999,"Unf",2,672,"TA","TA","N",344,0,40,0,0,0,NA,"MnPrv",NA,0,5,2010,"WD","Normal",140000,"Train"
"705",705,20,"RL",70,8400,"Pave",NA,"Reg","Lvl","AllPub","Inside","Gtl","CollgCr","Norm","Norm","1Fam","1Story","7","5",2004,2005,"Gable","CompShg","VinylSd","VinylSd","BrkFace",109,"Gd","TA","PConc","Gd","TA","Av","GLQ",712,"Unf",0,761,1473,"GasA","Ex","Y","SBrkr",1484,0,0,1484,1,0,2,0,3,1,"Gd",7,"Typ",0,NA,"Attchd",2004,"RFn",2,606,"TA","TA","Y",0,35,0,144,0,0,NA,NA,NA,0,5,2010,"WD","Normal",213000,"Train"
"706",706,190,"RM",70,5600,"Pave",NA,"Reg","Lvl","AllPub","Inside","Gtl","IDOTRR","Norm","Norm","2fmCon","2Story","4","5",1930,1950,"Hip","CompShg","VinylSd","Wd Shng","None",0,"Fa","Fa","Slab",NA,NA,NA,NA,0,NA,0,0,0,"GasA","Fa","N","SBrkr",372,720,0,1092,0,0,2,0,3,2,"Fa",7,"Mod",0,NA,NA,NA,NA,0,0,NA,NA,"N",0,0,0,0,0,0,NA,NA,"Othr",3500,7,2010,"WD","Normal",55000,"Train"
"707",707,20,"RL",NA,115149,"Pave",NA,"IR2","Low","AllPub","CulDSac","Sev","ClearCr","Norm","Norm","1Fam","1Story","7","5",1971,2002,"Gable","CompShg","Plywood","Plywood","Stone",351,"TA","TA","CBlock","Gd","TA","Gd","GLQ",1219,"Unf",0,424,1643,"GasA","TA","Y","SBrkr",1824,0,0,1824,1,0,2,0,2,1,"Gd",5,"Typ",2,"TA","Attchd",1971,"Unf",2,739,"TA","TA","Y",380,48,0,0,0,0,NA,NA,NA,0,6,2007,"WD","Normal",302000,"Train"
"708",708,120,"RL",48,6240,"Pave",NA,"Reg","Lvl","AllPub","Inside","Gtl","NridgHt","Norm","Norm","TwnhsE","1Story","8","5",2006,2006,"Hip","CompShg","MetalSd","MetalSd","BrkFace",176,"Gd","TA","PConc","Gd","TA","No","GLQ",863,"Unf",0,461,1324,"GasA","Ex","Y","SBrkr",1324,0,0,1324,1,0,2,0,2,1,"Gd",6,"Typ",1,"Gd","Attchd",2006,"Fin",2,550,"TA","TA","Y",192,38,0,0,0,0,NA,NA,NA,0,12,2009,"WD","Normal",254000,"Train"
"709",709,60,"RL",65,9018,"Pave",NA,"IR1","Lvl","AllPub","Inside","Gtl","Gilbert","Norm","Norm","1Fam","2Story","7","5",2007,2007,"Hip","CompShg","VinylSd","VinylSd","None",0,"Gd","TA","PConc","Gd","TA","Av","Unf",0,"Unf",0,728,728,"GasA","Ex","Y","SBrkr",728,728,0,1456,0,0,2,1,3,1,"Gd",8,"Typ",1,"Gd","Attchd",2007,"Fin",2,400,"TA","TA","Y",100,24,0,0,0,0,NA,NA,NA,0,7,2007,"New","Partial",179540,"Train"
"710",710,20,"RL",NA,7162,"Pave",NA,"IR1","Lvl","AllPub","Inside","Gtl","Sawyer","Norm","Norm","1Fam","1Story","5","7",1966,1966,"Gable","CompShg","HdBoard","HdBoard","BrkCmn",41,"TA","TA","PConc","TA","TA","No","Unf",0,"Unf",0,876,876,"GasA","TA","Y","SBrkr",904,0,0,904,0,0,1,0,3,1,"TA",6,"Typ",0,NA,"Attchd",1966,"Unf",1,408,"TA","TA","Y",0,0,0,0,0,0,NA,"MnPrv",NA,0,12,2008,"WD","Abnorml",109900,"Train"
"711",711,30,"RL",56,4130,"Pave",NA,"IR1","Lvl","AllPub","Inside","Gtl","BrkSide","Norm","Norm","1Fam","1Story","3","6",1935,2003,"Gable","CompShg","VinylSd","VinylSd","None",0,"Gd","TA","CBlock","TA","TA","No","Unf",0,"Unf",0,270,270,"GasA","Gd","Y","SBrkr",729,0,0,729,0,0,1,0,2,1,"TA",5,"Maj2",0,NA,NA,NA,NA,0,0,NA,NA,"N",0,0,0,0,0,0,NA,NA,NA,0,7,2008,"WD","Normal",52000,"Train"
"712",712,50,"C (all)",66,8712,"Pave","Pave","Reg","HLS","AllPub","Inside","Mod","IDOTRR","Norm","Norm","1Fam","1.5Fin","4","7",1900,1950,"Gable","CompShg","MetalSd","MetalSd","None",0,"TA","TA","Stone","TA","TA","Mn","Unf",0,"Unf",0,859,859,"GasA","Gd","Y","SBrkr",859,319,0,1178,0,0,1,0,2,1,"TA",7,"Typ",0,NA,"Detchd",1964,"RFn",1,384,"TA","TA","N",68,0,98,0,0,0,NA,NA,NA,0,1,2010,"WD","Abnorml",102776,"Train"
"713",713,120,"RL",40,4671,"Pave",NA,"IR1","HLS","AllPub","Inside","Gtl","StoneBr","Norm","Norm","TwnhsE","1Story","8","5",1988,1989,"Gable","CompShg","HdBoard","HdBoard","None",0,"Gd","TA","PConc","Gd","TA","Mn","GLQ",767,"Unf",0,461,1228,"GasA","Gd","Y","SBrkr",1228,0,0,1228,1,0,2,0,2,1,"Gd",5,"Typ",1,"Gd","Attchd",1988,"Fin",2,472,"TA","TA","Y",168,120,0,0,0,0,NA,NA,NA,0,10,2008,"WD","Normal",189000,"Train"
"714",714,190,"RL",60,9873,"Pave",NA,"Reg","Lvl","AllPub","Inside","Gtl","BrkSide","RRAn","Norm","2fmCon","1Story","4","5",1970,1970,"Gable","CompShg","HdBoard","HdBoard","BrkFace",160,"TA","TA","CBlock","TA","TA","Av","ALQ",789,"Unf",0,171,960,"GasW","TA","N","SBrkr",960,0,0,960,1,0,1,0,3,1,"TA",6,"Typ",0,NA,"Detchd",1970,"Unf",2,576,"TA","TA","Y",0,288,0,0,0,0,NA,NA,NA,0,5,2006,"WD","Normal",129000,"Train"
"715",715,60,"RL",NA,13517,"Pave",NA,"IR1","Lvl","AllPub","CulDSac","Gtl","Sawyer","RRAe","Norm","1Fam","2Story","6","8",1976,2005,"Gable","CompShg","HdBoard","Plywood","BrkFace",289,"Gd","TA","CBlock","TA","TA","No","GLQ",533,"Unf",0,192,725,"GasA","Ex","Y","SBrkr",725,754,0,1479,0,0,2,1,3,1,"Gd",6,"Typ",0,NA,"Attchd",1976,"RFn",2,475,"TA","TA","Y",0,44,0,0,0,0,NA,NA,NA,0,3,2010,"WD","Normal",130500,"Train"
"716",716,20,"RL",78,10140,"Pave",NA,"Reg","Lvl","AllPub","Inside","Gtl","NWAmes","Norm","Norm","1Fam","1Story","6","5",1974,1974,"Hip","CompShg","HdBoard","HdBoard","BrkFace",174,"TA","TA","CBlock","Gd","TA","No","Unf",0,"Unf",0,1064,1064,"GasA","TA","Y","SBrkr",1350,0,0,1350,0,0,2,0,3,1,"TA",7,"Typ",1,"TA","Attchd",1974,"RFn",2,478,"TA","TA","Y",0,0,0,0,0,0,NA,"MnPrv",NA,0,8,2009,"WD","Normal",165000,"Train"
"717",717,70,"RM",60,10800,"Pave","Grvl","Reg","Bnk","AllPub","Inside","Gtl","OldTown","Norm","Norm","1Fam","2Story","7","8",1890,1998,"Gable","CompShg","Wd Sdng","VinylSd","None",0,"TA","Gd","BrkTil","TA","TA","No","Unf",0,"Unf",0,718,718,"GasA","Ex","Y","SBrkr",1576,978,0,2554,0,0,1,1,3,1,"TA",8,"Typ",0,NA,"Detchd",1996,"Unf",2,704,"TA","TA","P",0,48,143,0,0,0,NA,NA,NA,0,7,2007,"WD","Normal",159500,"Train"
"718",718,20,"RL",80,10000,"Pave",NA,"Reg","Lvl","AllPub","Inside","Gtl","NWAmes","Norm","Norm","1Fam","1Story","5","6",1973,2000,"Gable","CompShg","HdBoard","HdBoard","None",0,"TA","TA","CBlock","Gd","TA","No","BLQ",1084,"Unf",0,92,1176,"GasA","Gd","Y","SBrkr",1178,0,0,1178,0,1,1,1,3,1,"Gd",5,"Typ",1,"Fa","Attchd",1973,"Unf",2,439,"TA","TA","Y",224,0,0,0,0,0,NA,"MnPrv",NA,0,11,2008,"WD","Normal",157000,"Train"
"719",719,60,"RL",96,10542,"Pave",NA,"Reg","Lvl","AllPub","Inside","Gtl","NoRidge","Norm","Norm","1Fam","2Story","7","5",1993,1994,"Hip","CompShg","Wd Sdng","ImStucc","BrkFace",651,"Gd","TA","PConc","Gd","TA","Gd","GLQ",1173,"Unf",0,138,1311,"GasA","Ex","Y","SBrkr",1325,1093,0,2418,1,0,2,1,3,1,"Gd",9,"Typ",1,"TA","Attchd",1993,"RFn",3,983,"TA","TA","Y",250,154,216,0,0,0,NA,NA,NA,0,8,2008,"WD","Normal",341000,"Train"
"720",720,20,"RL",69,9920,"Pave",NA,"IR1","Lvl","AllPub","Inside","Gtl","CollgCr","Norm","Norm","1Fam","1Story","5","6",1969,1969,"Gable","CompShg","HdBoard","Plywood","None",0,"TA","TA","CBlock","Gd","TA","Gd","ALQ",523,"Unf",0,448,971,"GasA","TA","Y","SBrkr",971,0,0,971,0,0,1,1,3,1,"TA",5,"Typ",1,"Po","Attchd",1969,"Unf",1,300,"TA","TA","Y",0,0,0,0,0,0,NA,NA,NA,0,5,2006,"WD","Normal",128500,"Train"
"721",721,120,"RL",NA,6563,"Pave",NA,"IR1","Low","AllPub","CulDSac","Mod","StoneBr","Norm","Norm","1Fam","1Story","8","5",1985,1985,"Gable","CompShg","HdBoard","HdBoard","None",0,"Gd","TA","PConc","Gd","TA","Gd","GLQ",1148,"Unf",0,594,1742,"GasA","TA","Y","SBrkr",1742,0,0,1742,1,0,2,0,2,1,"Gd",5,"Typ",1,"TA","Attchd",1985,"RFn",2,564,"TA","TA","Y",114,28,234,0,0,0,NA,NA,NA,0,12,2006,"WD","Normal",275000,"Train"
"722",722,120,"RM",NA,4426,"Pave",NA,"Reg","Lvl","AllPub","Inside","Gtl","CollgCr","Norm","Norm","TwnhsE","1Story","6","5",2004,2004,"Gable","CompShg","VinylSd","VinylSd","BrkFace",169,"Gd","TA","PConc","Gd","TA","Av","GLQ",662,"Unf",0,186,848,"GasA","Ex","Y","SBrkr",848,0,0,848,1,0,1,0,1,1,"Gd",3,"Typ",0,NA,"Attchd",2004,"RFn",2,420,"TA","TA","Y",160,0,0,0,0,0,NA,NA,NA,0,5,2010,"WD","Normal",143000,"Train"
"723",723,20,"RL",70,8120,"Pave",NA,"Reg","Lvl","AllPub","Inside","Gtl","NAmes","Norm","Norm","1Fam","1Story","4","7",1970,1970,"Gable","CompShg","MetalSd","MetalSd","None",0,"TA","Gd","CBlock","TA","TA","No","ALQ",191,"Unf",0,673,864,"GasA","Ex","Y","SBrkr",864,0,0,864,0,0,1,0,3,1,"TA",5,"Typ",0,NA,"Detchd",1994,"Unf",2,463,"TA","TA","Y",0,0,0,0,0,0,NA,NA,NA,0,7,2009,"WD","Normal",124500,"Train"
"724",724,50,"RL",60,8172,"Pave",NA,"Reg","Lvl","AllPub","Inside","Gtl","Edwards","Norm","Norm","1Fam","1.5Fin","4","6",1954,1972,"Gable","CompShg","MetalSd","MetalSd","None",0,"TA","TA","PConc","TA","TA","No","Unf",0,"Unf",0,941,941,"GasA","Ex","Y","SBrkr",997,473,0,1470,0,0,2,0,4,1,"TA",7,"Typ",0,NA,"Detchd",1958,"Unf",1,548,"TA","TA","Y",0,0,0,0,156,0,NA,NA,NA,0,5,2008,"WD","Normal",135000,"Train"
"725",725,20,"RL",86,13286,"Pave",NA,"IR1","Lvl","AllPub","Inside","Gtl","Edwards","Norm","Norm","1Fam","1Story","9","5",2007,2008,"Hip","CompShg","CemntBd","CmentBd","Stone",340,"Ex","TA","PConc","Ex","TA","No","GLQ",1234,"Unf",0,464,1698,"GasA","Ex","Y","SBrkr",1698,0,0,1698,1,0,2,0,3,1,"Ex",8,"Typ",1,"Gd","Attchd",2007,"Fin",3,768,"TA","TA","Y",327,64,0,0,0,0,NA,NA,NA,0,2,2009,"WD","Normal",320000,"Train"
"726",726,20,"RL",60,6960,"Pave",NA,"Reg","Lvl","AllPub","Inside","Gtl","NAmes","Norm","Norm","1Fam","1Story","4","6",1970,1970,"Gable","CompShg","HdBoard","Plywood","None",0,"TA","TA","CBlock","TA","TA","No","ALQ",375,"BLQ",239,250,864,"GasA","TA","Y","SBrkr",864,0,0,864,0,0,1,0,3,1,"Gd",5,"Typ",0,NA,"Detchd",1989,"Unf",2,660,"TA","TA","Y",96,0,0,0,0,0,NA,NA,"Shed",500,11,2009,"WD","Normal",120500,"Train"
"727",727,20,"RL",NA,21695,"Pave",NA,"IR1","Lvl","AllPub","Corner","Gtl","Crawfor","Norm","Norm","1Fam","1Story","6","9",1988,2007,"Hip","CompShg","Wd Sdng","Plywood","BrkFace",260,"Gd","Gd","CBlock","Gd","TA","No","GLQ",808,"Unf",0,72,880,"GasA","Ex","Y","SBrkr",1680,0,0,1680,1,0,2,0,3,1,"Gd",5,"Typ",1,"Gd","Attchd",1988,"Fin",2,540,"TA","TA","Y",292,44,0,182,0,0,NA,NA,NA,0,12,2009,"WD","Normal",222000,"Train"
"728",728,20,"RL",64,7314,"Pave",NA,"Reg","Lvl","AllPub","Inside","Gtl","CollgCr","Norm","Norm","1Fam","1Story","7","5",2007,2007,"Gable","CompShg","VinylSd","VinylSd","Stone",82,"Gd","TA","PConc","Gd","TA","Av","GLQ",724,"Unf",0,508,1232,"GasA","Ex","Y","SBrkr",1232,0,0,1232,1,0,2,0,2,1,"Gd",6,"Typ",0,NA,"Attchd",2007,"RFn",2,632,"TA","TA","Y",132,0,0,0,0,0,NA,NA,NA,0,2,2009,"WD","Normal",194500,"Train"
"729",729,90,"RL",85,11475,"Pave",NA,"Reg","Lvl","AllPub","Corner","Gtl","NAmes","Norm","Norm","Duplex","1Story","5","5",1958,1958,"Gable","CompShg","VinylSd","VinylSd","BrkFace",95,"TA","TA","CBlock","TA","TA","No","Unf",0,"Unf",0,1584,1584,"GasA","TA","Y","SBrkr",1776,0,0,1776,1,0,2,0,4,2,"TA",9,"Typ",0,NA,"Detchd",1968,"Unf",3,888,"TA","TA","Y",0,25,0,0,0,0,NA,NA,NA,0,7,2009,"COD","Abnorml",110000,"Train"
"730",730,30,"RM",52,6240,"Pave","Grvl","Reg","Lvl","AllPub","Inside","Gtl","IDOTRR","Norm","Norm","1Fam","1.5Fin","4","5",1925,1950,"Gable","CompShg","MetalSd","MetalSd","None",0,"TA","TA","CBlock","TA","TA","No","BLQ",152,"Unf",0,628,780,"GasA","TA","Y","FuseA",848,0,360,1208,0,0,1,0,2,1,"TA",5,"Typ",0,NA,"Detchd",1962,"Unf",2,539,"TA","TA","Y",0,23,112,0,0,0,NA,NA,NA,0,1,2009,"WD","Normal",103000,"Train"
"731",731,120,"RL",39,5389,"Pave",NA,"IR1","Lvl","AllPub","Inside","Gtl","StoneBr","Norm","Norm","TwnhsE","1Story","8","5",1995,1996,"Gable","CompShg","CemntBd","CmentBd","None",0,"Gd","TA","PConc","Gd","TA","No","GLQ",1180,"Unf",0,415,1595,"GasA","Ex","Y","SBrkr",1616,0,0,1616,1,0,2,0,2,1,"Gd",5,"Typ",1,"TA","Attchd",1995,"RFn",2,608,"TA","TA","Y",237,152,0,0,0,0,NA,NA,NA,0,3,2010,"WD","Normal",236500,"Train"
"732",732,80,"RL",73,9590,"Pave",NA,"IR1","Lvl","AllPub","Corner","Gtl","Timber","Norm","Norm","1Fam","SLvl","7","5",2003,2003,"Gable","CompShg","VinylSd","VinylSd","BrkFace",442,"Gd","TA","PConc","Ex","TA","Av","GLQ",786,"Unf",0,82,868,"GasA","Ex","Y","SBrkr",1146,0,0,1146,1,0,2,0,3,1,"Gd",6,"Typ",1,"Gd","Attchd",2003,"Fin",2,438,"TA","TA","Y",160,22,0,0,0,0,NA,NA,NA,0,5,2007,"WD","Normal",187500,"Train"
"733",733,60,"RL",75,11404,"Pave",NA,"IR1","Lvl","AllPub","Inside","Gtl","CollgCr","Norm","Norm","1Fam","2Story","7","5",1998,1999,"Gable","CompShg","VinylSd","VinylSd","BrkFace",202,"Gd","TA","PConc","Gd","TA","Av","ALQ",252,"Unf",0,901,1153,"GasA","Ex","Y","SBrkr",1153,878,0,2031,0,0,2,1,3,1,"Gd",8,"Typ",1,"TA","Attchd",1998,"Fin",2,541,"TA","TA","Y",192,84,0,0,0,0,NA,NA,NA,0,7,2008,"WD","Normal",222500,"Train"
"734",734,20,"RL",80,10000,"Pave",NA,"Reg","Lvl","AllPub","Corner","Gtl","Sawyer","Feedr","Norm","1Fam","1Story","5","6",1961,1983,"Hip","CompShg","HdBoard","HdBoard","None",0,"TA","TA","CBlock","TA","TA","No","BLQ",594,"Unf",0,270,864,"GasA","Ex","Y","SBrkr",1144,0,0,1144,1,0,1,0,3,1,"TA",6,"Typ",1,"TA","Attchd",1961,"RFn",1,264,"TA","TA","Y",165,0,0,0,0,0,NA,"GdWo","Shed",400,3,2009,"WD","Normal",131400,"Train"
"735",735,20,"RL",NA,8978,"Pave",NA,"IR1","Lvl","AllPub","Corner","Gtl","Sawyer","Norm","Norm","1Fam","1Story","5","5",1968,1968,"Gable","CompShg","Plywood","Plywood","None",0,"TA","TA","PConc","TA","TA","No","Unf",0,"Unf",0,948,948,"GasA","TA","Y","SBrkr",948,0,0,948,0,0,1,0,3,1,"TA",6,"Typ",0,NA,"Attchd",1968,"Unf",1,300,"TA","TA","Y",147,0,0,0,0,0,NA,NA,NA,0,5,2007,"WD","Family",108000,"Train"
"736",736,75,"RM",60,10800,"Pave",NA,"Reg","Lvl","AllPub","Inside","Gtl","OldTown","Norm","Norm","1Fam","2.5Unf","7","7",1914,1970,"Gable","CompShg","Wd Sdng","Wd Sdng","None",0,"TA","TA","BrkTil","Gd","TA","Mn","Rec",390,"Unf",0,490,880,"GasW","Fa","N","SBrkr",880,888,0,1768,0,0,1,1,2,1,"TA",6,"Typ",2,"TA","Detchd",1914,"Unf",2,320,"TA","TA","N",0,341,0,0,0,0,NA,NA,NA,0,10,2006,"WD","Normal",163000,"Train"
"737",737,90,"RL",60,8544,"Pave",NA,"Reg","Lvl","AllPub","Inside","Gtl","NAmes","Norm","Norm","Duplex","1Story","3","4",1950,1950,"Gable","CompShg","Stucco","Stone","None",0,"TA","TA","CBlock",NA,NA,NA,NA,0,NA,0,0,0,"GasA","Gd","N","FuseF",1040,0,0,1040,0,0,2,0,2,2,"TA",6,"Typ",0,NA,"Detchd",1949,"Unf",2,400,"TA","TA","Y",0,0,0,0,0,0,NA,NA,NA,0,7,2006,"WD","Normal",93500,"Train"
"738",738,60,"RL",72,10463,"Pave",NA,"IR1","HLS","AllPub","CulDSac","Gtl","Gilbert","Norm","Norm","1Fam","2Story","8","5",2005,2005,"Gable","CompShg","VinylSd","VinylSd","None",0,"Gd","TA","PConc","Gd","TA","No","Unf",0,"Unf",0,893,893,"GasA","Ex","Y","SBrkr",901,900,0,1801,0,0,2,1,3,1,"Gd",8,"Typ",1,"Gd","Attchd",2005,"Fin",3,800,"TA","TA","Y",0,116,0,0,0,0,NA,NA,NA,0,6,2006,"WD","Normal",239900,"Train"
"739",739,90,"RL",60,10800,"Pave",NA,"Reg","Lvl","AllPub","Inside","Gtl","Edwards","Norm","Norm","Duplex","1Story","5","5",1987,1988,"Gable","CompShg","Plywood","Plywood","None",0,"TA","TA","CBlock","Gd","Gd","Gd","GLQ",1200,"Unf",0,0,1200,"GasA","TA","Y","SBrkr",1200,0,0,1200,3,0,3,0,3,1,"TA",5,"Typ",0,NA,NA,NA,NA,0,0,NA,NA,"Y",120,0,0,0,0,0,NA,NA,NA,0,3,2009,"WD","Alloca",179000,"Train"
"740",740,60,"RL",65,9313,"Pave",NA,"IR1","Lvl","AllPub","Inside","Gtl","CollgCr","Norm","Norm","1Fam","2Story","7","5",2004,2004,"Gable","CompShg","VinylSd","VinylSd","None",0,"Gd","TA","PConc","Gd","TA","No","Unf",0,"Unf",0,864,864,"GasA","Ex","Y","SBrkr",864,864,0,1728,0,0,2,1,3,1,"Gd",7,"Typ",0,NA,"Attchd",2004,"RFn",2,572,"TA","TA","Y",187,56,0,0,0,0,NA,NA,NA,0,4,2009,"WD","Normal",190000,"Train"
"741",741,70,"RM",60,9600,"Pave","Grvl","Reg","Lvl","AllPub","Inside","Gtl","OldTown","Norm","Norm","1Fam","2Story","5","7",1910,2002,"Gable","CompShg","Wd Sdng","Wd Shng","None",0,"TA","Gd","BrkTil","Fa","Fa","No","Unf",0,"Unf",0,264,264,"GasA","Ex","Y","SBrkr",768,664,0,1432,0,0,2,0,2,1,"TA",7,"Typ",0,NA,"Detchd",1910,"Unf",2,360,"TA","Gd","Y",270,0,112,0,0,0,NA,"GdPrv",NA,0,5,2007,"WD","Abnorml",132000,"Train"
"742",742,20,"RL",65,6768,"Pave",NA,"IR1","Lvl","AllPub","Inside","Gtl","Sawyer","Feedr","Norm","1Fam","1Story","6","8",1961,1996,"Hip","CompShg","HdBoard","HdBoard","None",0,"TA","Gd","CBlock","TA","TA","Mn","GLQ",832,"Unf",0,80,912,"GasA","Gd","Y","SBrkr",912,0,0,912,1,1,1,0,3,1,"Gd",5,"Typ",0,NA,"Detchd",1962,"Unf",1,288,"TA","TA","Y",168,0,0,0,0,0,NA,"GdPrv",NA,0,5,2008,"WD","Normal",142000,"Train"
"743",743,20,"RL",65,8450,"Pave",NA,"Reg","Lvl","AllPub","Inside","Gtl","SawyerW","Norm","Norm","1Fam","1Story","7","5",2000,2001,"Gable","CompShg","VinylSd","VinylSd","BrkFace",108,"TA","TA","PConc","Gd","TA","No","Unf",0,"Unf",0,1349,1349,"GasA","Ex","Y","SBrkr",1349,0,0,1349,0,0,2,0,3,1,"TA",6,"Typ",0,NA,"Attchd",2000,"Unf",2,539,"TA","TA","Y",120,55,0,0,0,0,NA,"GdPrv",NA,0,12,2007,"WD","Normal",179000,"Train"
"744",744,80,"RL",70,12886,"Pave",NA,"IR1","Lvl","AllPub","Inside","Gtl","Sawyer","Norm","Norm","1Fam","SLvl","5","6",1963,1999,"Gable","CompShg","HdBoard","HdBoard","None",0,"TA","TA","CBlock","Gd","TA","Av","ALQ",444,"Unf",0,76,520,"GasA","Ex","Y","SBrkr",1464,0,0,1464,0,1,2,0,3,1,"TA",6,"Min2",1,"TA","Attchd",1997,"RFn",2,480,"TA","TA","Y",302,0,0,0,100,0,NA,NA,NA,0,10,2009,"WD","Normal",175000,"Train"
"745",745,120,"RL",41,5395,"Pave",NA,"IR1","HLS","AllPub","Inside","Gtl","StoneBr","Norm","Norm","TwnhsE","1Story","8","5",1993,1993,"Gable","CompShg","HdBoard","HdBoard","None",0,"Gd","TA","PConc","Gd","TA","No","GLQ",733,"Unf",0,604,1337,"GasA","Gd","Y","SBrkr",1337,0,0,1337,1,0,2,0,2,1,"Gd",5,"Typ",1,"TA","Attchd",1993,"RFn",2,462,"TA","TA","Y",96,0,70,168,0,0,NA,NA,NA,0,10,2008,"WD","Normal",180000,"Train"
"746",746,60,"RL",NA,8963,"Pave",NA,"IR1","Lvl","AllPub","Inside","Gtl","NWAmes","Norm","Norm","1Fam","2Story","8","9",1976,1996,"Hip","CompShg","VinylSd","VinylSd","BrkFace",289,"Ex","Gd","CBlock","TA","Gd","No","GLQ",575,"ALQ",80,487,1142,"GasA","Ex","Y","SBrkr",1175,1540,0,2715,0,1,3,1,4,1,"Gd",11,"Typ",2,"TA","BuiltIn",1994,"Fin",2,831,"TA","TA","Y",0,204,0,0,0,0,NA,NA,NA,0,7,2008,"WD","Normal",299800,"Train"
"747",747,60,"RL",NA,8795,"Pave",NA,"IR1","Lvl","AllPub","Inside","Gtl","Gilbert","Norm","Norm","1Fam","2Story","7","5",2000,2000,"Gable","CompShg","VinylSd","VinylSd","None",0,"Gd","TA","PConc","Gd","TA","No","GLQ",300,"Unf",0,652,952,"GasA","Ex","Y","SBrkr",980,1276,0,2256,0,0,2,1,4,1,"Gd",8,"Typ",1,"TA","BuiltIn",2000,"Fin",2,554,"TA","TA","Y",224,54,0,0,0,0,NA,NA,NA,0,4,2009,"WD","Normal",236000,"Train"
"748",748,70,"RM",65,11700,"Pave","Pave","IR1","Lvl","AllPub","Corner","Gtl","OldTown","Norm","Norm","1Fam","2Story","7","7",1880,2003,"Mansard","CompShg","Stucco","Stucco","None",0,"Gd","TA","Stone","TA","Fa","No","Unf",0,"Unf",0,1240,1240,"GasW","TA","N","SBrkr",1320,1320,0,2640,0,0,1,1,4,1,"Gd",8,"Typ",1,"Gd","Detchd",1950,"Unf",4,864,"TA","TA","N",181,0,386,0,0,0,NA,NA,NA,0,5,2009,"WD","Normal",265979,"Train"
"749",749,20,"RL",59,10593,"Pave",NA,"IR1","Lvl","AllPub","Inside","Gtl","NoRidge","Norm","Norm","1Fam","1Story","7","5",1996,1996,"Hip","CompShg","VinylSd","VinylSd","BrkFace",338,"Gd","TA","PConc","Gd","TA","No","GLQ",919,"Unf",0,801,1720,"GasA","Ex","Y","SBrkr",1720,0,0,1720,1,0,2,0,3,1,"Gd",7,"Typ",1,"TA","Attchd",1996,"Fin",2,527,"TA","TA","Y",240,56,154,0,0,0,NA,NA,NA,0,3,2010,"WD","Normal",260400,"Train"
"750",750,50,"RL",50,8405,"Pave",NA,"Reg","Lvl","AllPub","Inside","Gtl","Edwards","Norm","Norm","1Fam","1.5Fin","4","3",1945,1950,"Gable","CompShg","WdShing","Wd Shng","None",0,"TA","TA","Slab",NA,NA,NA,NA,0,NA,0,0,0,"Wall","TA","N","FuseF",1088,441,0,1529,0,0,2,0,4,1,"TA",9,"Mod",0,NA,"Detchd",1945,"Unf",1,240,"TA","TA","N",92,0,185,0,0,0,NA,NA,NA,0,4,2009,"WD","Normal",98000,"Train"
"751",751,50,"RM",55,8800,"Pave","Grvl","Reg","Lvl","AllPub","Corner","Gtl","OldTown","Norm","Norm","1Fam","1.5Fin","4","7",1910,2004,"Gable","CompShg","Wd Sdng","Wd Sdng","None",0,"TA","TA","BrkTil","TA","Fa","No","Unf",0,"Unf",0,576,576,"GasA","Gd","Y","SBrkr",792,348,0,1140,0,0,1,0,3,1,"TA",7,"Min2",0,NA,NA,NA,NA,0,0,NA,NA,"N",0,160,0,0,0,0,NA,NA,NA,0,6,2010,"WD","Normal",96500,"Train"
"752",752,60,"RL",NA,7750,"Pave",NA,"Reg","Lvl","AllPub","Inside","Gtl","Gilbert","RRAn","Norm","1Fam","2Story","7","5",2003,2003,"Gable","CompShg","VinylSd","VinylSd","None",0,"Gd","TA","PConc","Gd","TA","No","Unf",0,"Unf",0,660,660,"GasA","Ex","Y","SBrkr",660,660,0,1320,0,0,2,1,3,1,"Gd",6,"Typ",0,NA,"Attchd",2003,"Fin",2,400,"TA","TA","Y",0,48,0,0,0,0,NA,NA,NA,0,8,2007,"WD","Normal",162000,"Train"
"753",753,20,"RL",79,9236,"Pave",NA,"IR1","Lvl","AllPub","Inside","Gtl","CollgCr","Norm","Norm","1Fam","1Story","6","5",1997,1997,"Gable","CompShg","VinylSd","VinylSd","None",0,"TA","Gd","PConc","Gd","TA","Gd","GLQ",1200,"Unf",0,279,1479,"GasA","Ex","Y","SBrkr",1494,0,0,1494,1,0,2,0,3,1,"Gd",6,"Typ",0,NA,"Attchd",1997,"RFn",2,576,"TA","TA","Y",168,27,0,0,0,0,NA,NA,NA,0,7,2006,"WD","Normal",217000,"Train"
"754",754,60,"RL",80,10240,"Pave",NA,"Reg","Lvl","AllPub","Inside","Gtl","NridgHt","Norm","Norm","1Fam","2Story","8","5",2005,2005,"Gable","CompShg","VinylSd","VinylSd","BrkFace",178,"Gd","TA","PConc","Gd","TA","Mn","Unf",0,"Unf",0,1030,1030,"GasA","Gd","Y","SBrkr",1038,1060,0,2098,0,0,2,1,3,1,"Ex",8,"Typ",1,"Gd","Attchd",2005,"RFn",3,878,"TA","TA","Y",192,52,0,0,0,0,NA,NA,NA,0,3,2006,"WD","Normal",275500,"Train"
"755",755,20,"RL",61,7930,"Pave",NA,"Reg","Lvl","AllPub","Inside","Gtl","NAmes","Norm","Norm","1Fam","1Story","6","8",1969,2005,"Gable","CompShg","Plywood","Plywood","None",0,"TA","TA","CBlock","TA","TA","No","GLQ",439,"LwQ",472,115,1026,"GasA","Gd","Y","SBrkr",1026,0,0,1026,1,0,1,0,3,1,"Gd",5,"Typ",0,NA,"Detchd",1969,"RFn",2,440,"TA","TA","Y",171,48,0,0,0,0,NA,NA,NA,0,7,2009,"WD","Normal",156000,"Train"
"756",756,160,"FV",34,3230,"Pave","Pave","Reg","Lvl","AllPub","Inside","Gtl","Somerst","Norm","Norm","TwnhsE","2Story","6","5",1999,1999,"Gable","CompShg","MetalSd","MetalSd","BrkFace",894,"TA","TA","PConc","Gd","TA","No","GLQ",381,"Unf",0,348,729,"GasA","Gd","Y","SBrkr",742,729,0,1471,0,0,2,1,3,1,"TA",6,"Typ",0,NA,"Detchd",1999,"Unf",2,440,"TA","TA","Y",0,24,0,0,0,0,NA,NA,NA,0,3,2009,"WD","Normal",172500,"Train"
"757",757,60,"RL",68,10769,"Pave",NA,"IR1","Lvl","AllPub","Inside","Gtl","CollgCr","Norm","Norm","1Fam","2Story","8","5",2007,2007,"Gable","CompShg","VinylSd","VinylSd","None",0,"Gd","TA","PConc","Gd","TA","Av","GLQ",20,"Unf",0,846,866,"GasA","Ex","Y","SBrkr",866,902,0,1768,0,0,2,1,3,1,"Gd",7,"Typ",0,NA,"Attchd",2007,"RFn",2,578,"TA","TA","Y",144,105,0,0,0,0,NA,NA,NA,0,4,2009,"WD","Normal",212000,"Train"
"758",758,60,"RL",NA,11616,"Pave",NA,"IR1","Lvl","AllPub","CulDSac","Gtl","Sawyer","Norm","Norm","1Fam","2Story","6","5",1978,1978,"Hip","CompShg","HdBoard","HdBoard","BrkCmn",328,"TA","TA","CBlock","TA","TA","Mn","Rec",438,"Unf",0,234,672,"GasA","TA","Y","SBrkr",672,714,0,1386,0,0,2,1,3,1,"TA",6,"Typ",1,"TA","Attchd",1978,"Fin",2,440,"TA","TA","Y",335,0,0,0,0,0,NA,"GdPrv",NA,0,4,2010,"WD","Abnorml",158900,"Train"
"759",759,160,"FV",24,2280,"Pave","Pave","Reg","Lvl","AllPub","Inside","Gtl","Somerst","Norm","Norm","Twnhs","2Story","7","5",1999,1999,"Gable","CompShg","MetalSd","MetalSd","BrkFace",360,"TA","TA","PConc","Gd","TA","No","ALQ",549,"Unf",0,195,744,"GasA","Gd","Y","SBrkr",757,744,0,1501,0,0,2,1,3,1,"TA",6,"Typ",0,NA,"Detchd",1999,"Unf",2,440,"TA","TA","Y",0,0,0,0,0,0,NA,NA,NA,0,8,2008,"WD","Normal",179400,"Train"
"760",760,60,"RL",65,12257,"Pave",NA,"IR1","Lvl","AllPub","Inside","Gtl","NoRidge","Norm","Norm","1Fam","2Story","8","5",1995,1995,"Gable","CompShg","VinylSd","VinylSd","BrkFace",513,"Gd","TA","PConc","Gd","TA","Av","LwQ",56,"ALQ",64,1198,1318,"GasA","Ex","Y","SBrkr",1328,1203,0,2531,0,0,2,1,4,1,"Gd",9,"Typ",1,"TA","Attchd",1995,"RFn",3,752,"TA","TA","Y",222,98,0,0,0,0,NA,NA,NA,0,11,2007,"WD","Normal",290000,"Train"
"761",761,20,"RL",70,9100,"Pave",NA,"Reg","Lvl","AllPub","Inside","Gtl","NAmes","Norm","Norm","1Fam","1Story","6","6",1959,1959,"Hip","CompShg","Wd Sdng","Wd Sdng","None",0,"TA","TA","CBlock","TA","TA","No","Rec",612,"Unf",0,252,864,"GasA","Ex","Y","SBrkr",864,0,0,864,0,0,1,0,2,1,"TA",5,"Typ",0,NA,"Detchd",2008,"Unf",1,300,"Ex","Ex","Y",0,0,0,0,0,0,NA,NA,"Shed",450,10,2009,"WD","Normal",127500,"Train"
"762",762,30,"RM",60,6911,"Pave",NA,"Reg","Lvl","AllPub","FR2","Gtl","BrkSide","Feedr","Norm","1Fam","1Story","5","5",1924,1950,"Gable","CompShg","Wd Sdng","Wd Sdng","None",0,"TA","TA","PConc","TA","TA","Mn","LwQ",405,"Unf",0,740,1145,"GasA","TA","Y","SBrkr",1301,0,0,1301,0,0,1,0,2,1,"Fa",5,"Min1",0,NA,"Detchd",1965,"Unf",2,440,"TA","TA","Y",0,0,0,0,0,0,NA,NA,NA,0,10,2009,"WD","Normal",1e+05,"Train"
"763",763,60,"FV",72,8640,"Pave",NA,"Reg","Lvl","AllPub","Inside","Gtl","Somerst","Norm","Norm","1Fam","2Story","7","5",2009,2009,"Gable","CompShg","VinylSd","VinylSd","None",0,"TA","TA","PConc","Gd","TA","Mn","GLQ",24,"Unf",0,732,756,"GasA","Ex","Y","SBrkr",764,783,0,1547,0,0,2,1,3,1,"Gd",7,"Typ",0,NA,"Attchd",2009,"Unf",2,614,"TA","TA","Y",169,45,0,0,0,0,NA,NA,NA,0,6,2010,"Con","Normal",215200,"Train"
"764",764,60,"RL",82,9430,"Pave",NA,"Reg","Lvl","AllPub","Inside","Gtl","NoRidge","Norm","Norm","1Fam","2Story","8","5",1999,1999,"Gable","CompShg","VinylSd","VinylSd","BrkFace",673,"Gd","TA","PConc","Gd","TA","Mn","GLQ",1163,"Unf",0,89,1252,"GasA","Ex","Y","SBrkr",1268,1097,0,2365,1,0,2,1,3,1,"Gd",8,"Typ",1,"Gd","Attchd",1999,"RFn",3,856,"TA","TA","Y",0,128,0,0,180,0,NA,NA,NA,0,7,2009,"WD","Normal",337000,"Train"
"765",765,120,"RL",30,9549,"Pave",NA,"IR1","Lvl","AllPub","CulDSac","Gtl","Veenker","Norm","Norm","TwnhsE","1Story","8","5",1995,1996,"Hip","CompShg","BrkFace","BrkFace","None",0,"Gd","Gd","PConc","Gd","Gd","Av","LwQ",437,"GLQ",1057,0,1494,"GasA","Ex","Y","SBrkr",1494,0,0,1494,1,0,1,1,2,1,"Ex",6,"Typ",1,"Gd","Attchd",1995,"Fin",2,481,"TA","TA","Y",0,30,0,0,216,0,NA,NA,NA,0,4,2006,"WD","Normal",270000,"Train"
"766",766,20,"RL",75,14587,"Pave",NA,"IR1","Lvl","AllPub","Inside","Gtl","Somerst","Norm","Norm","1Fam","1Story","9","5",2008,2008,"Gable","CompShg","VinylSd","VinylSd","Stone",284,"Gd","TA","PConc","Gd","TA","No","Unf",0,"Unf",0,1498,1498,"GasA","Ex","Y","SBrkr",1506,0,0,1506,0,0,2,0,2,1,"Ex",6,"Typ",1,"Gd","Attchd",2008,"Fin",2,592,"TA","TA","Y",0,174,0,0,0,0,NA,NA,NA,0,8,2008,"New","Partial",264132,"Train"
"767",767,60,"RL",80,10421,"Pave",NA,"Reg","Lvl","AllPub","Inside","Gtl","NWAmes","Norm","Norm","1Fam","2Story","7","5",1988,1988,"Gable","CompShg","HdBoard","HdBoard","BrkFace",42,"TA","TA","CBlock","Gd","TA","No","GLQ",394,"Unf",0,586,980,"GasA","TA","Y","SBrkr",980,734,0,1714,0,0,2,1,3,1,"TA",7,"Typ",1,"TA","Attchd",1988,"Unf",2,496,"TA","TA","Y",228,66,156,0,0,0,NA,"MnPrv","Shed",500,3,2010,"WD","Normal",196500,"Train"
"768",768,50,"RL",75,12508,"Pave",NA,"IR1","Lvl","AllPub","Inside","Gtl","Mitchel","Norm","Norm","1Fam","1.5Fin","6","7",1940,1985,"Gable","CompShg","VinylSd","VinylSd","None",0,"TA","TA","CBlock","Gd","TA","Mn","ALQ",660,"Unf",0,323,983,"GasA","Ex","Y","SBrkr",983,767,0,1750,1,0,2,0,4,1,"TA",7,"Mod",0,NA,"Attchd",1989,"Unf",1,423,"TA","TA","Y",245,0,156,0,0,0,NA,NA,"Shed",1300,7,2008,"WD","Normal",160000,"Train"
"769",769,20,"RL",70,9100,"Pave",NA,"Reg","Lvl","AllPub","Inside","Gtl","CollgCr","Norm","Norm","1Fam","1Story","7","5",2004,2005,"Hip","CompShg","VinylSd","VinylSd","None",0,"Gd","TA","PConc","Gd","TA","No","GLQ",24,"Unf",0,1836,1860,"GasA","Ex","Y","SBrkr",1836,0,0,1836,0,0,2,0,3,1,"Gd",8,"Typ",1,"Gd","Attchd",2004,"Fin",2,484,"TA","TA","Y",120,33,0,0,0,0,NA,NA,NA,0,10,2006,"WD","Normal",216837,"Train"
"770",770,60,"RL",47,53504,"Pave",NA,"IR2","HLS","AllPub","CulDSac","Mod","StoneBr","Norm","Norm","1Fam","2Story","8","5",2003,2003,"Hip","CompShg","CemntBd","Wd Shng","BrkFace",603,"Ex","TA","PConc","Gd","TA","Gd","ALQ",1416,"Unf",0,234,1650,"GasA","Ex","Y","SBrkr",1690,1589,0,3279,1,0,3,1,4,1,"Ex",12,"Mod",1,"Gd","BuiltIn",2003,"Fin",3,841,"TA","TA","Y",503,36,0,0,210,0,NA,NA,NA,0,6,2010,"WD","Normal",538000,"Train"
"771",771,85,"RL",NA,7252,"Pave",NA,"IR1","Lvl","AllPub","CulDSac","Gtl","Sawyer","Norm","Norm","1Fam","SFoyer","5","5",1982,1982,"Hip","CompShg","Wd Sdng","Wd Sdng","None",0,"TA","TA","CBlock","Gd","TA","Av","GLQ",685,"Unf",0,173,858,"GasA","TA","Y","SBrkr",858,0,0,858,1,0,1,0,2,1,"TA",5,"Typ",0,NA,"Detchd",1983,"Unf",2,576,"TA","TA","Y",120,0,0,0,0,0,NA,NA,NA,0,4,2009,"WD","Normal",134900,"Train"
"772",772,20,"RL",67,8877,"Pave",NA,"Reg","Lvl","AllPub","Inside","Gtl","Edwards","Norm","Norm","1Fam","1Story","4","5",1951,1951,"Gable","CompShg","Wd Sdng","Wd Sdng","None",0,"TA","TA","CBlock","Fa","Fa","No","LwQ",836,"Unf",0,0,836,"GasA","TA","Y","FuseF",1220,0,0,1220,0,0,1,0,2,1,"TA",6,"Typ",0,NA,"Detchd",1951,"Unf",2,396,"TA","TA","Y",0,0,0,0,0,0,NA,NA,NA,0,4,2006,"COD","Normal",102000,"Train"
"773",773,80,"RL",94,7819,"Pave",NA,"Reg","Lvl","AllPub","Inside","Gtl","Edwards","Norm","Norm","1Fam","SLvl","6","5",1976,1976,"Gable","CompShg","Plywood","Plywood","None",0,"TA","TA","CBlock","TA","TA","Av","ALQ",422,"BLQ",127,480,1029,"GasA","TA","Y","SBrkr",1117,0,0,1117,1,0,1,0,3,1,"TA",6,"Typ",1,"TA","Detchd",1976,"Unf",2,672,"TA","TA","Y",144,0,0,0,0,0,NA,"MnPrv",NA,0,3,2010,"WD","Abnorml",107000,"Train"
"774",774,20,"RL",70,10150,"Pave",NA,"Reg","Lvl","AllPub","Inside","Gtl","NAmes","Feedr","Norm","1Fam","1Story","5","5",1958,1958,"Gable","CompShg","Wd Sdng","Wd Sdng","None",1,"TA","TA","CBlock","TA","TA","No","Rec",456,"Unf",0,456,912,"GasA","Ex","Y","FuseA",912,0,0,912,0,0,1,0,2,1,"TA",5,"Typ",0,NA,"Attchd",1958,"RFn",1,275,"TA","TA","Y",0,0,0,0,0,0,NA,NA,NA,0,7,2007,"COD","Normal",114500,"Train"
"775",775,20,"RL",110,14226,"Pave",NA,"Reg","Lvl","AllPub","Corner","Gtl","NridgHt","Norm","Norm","1Fam","1Story","8","5",2006,2006,"Hip","CompShg","VinylSd","VinylSd","BrkFace",375,"Gd","TA","PConc","Gd","TA","Av","Unf",0,"Unf",0,1935,1935,"GasA","Gd","Y","SBrkr",1973,0,0,1973,0,0,2,0,3,1,"Gd",9,"Typ",1,"Gd","Attchd",2006,"Fin",3,895,"TA","TA","Y",315,45,0,0,0,0,NA,NA,NA,0,7,2007,"New","Partial",395000,"Train"
"776",776,120,"RM",32,4500,"Pave",NA,"Reg","Lvl","AllPub","FR2","Gtl","Mitchel","Norm","Norm","TwnhsE","1Story","6","5",1998,1998,"Hip","CompShg","VinylSd","VinylSd","BrkFace",320,"TA","TA","PConc","Ex","TA","No","GLQ",866,"Unf",0,338,1204,"GasA","Ex","Y","SBrkr",1204,0,0,1204,1,0,2,0,2,1,"TA",5,"Typ",0,NA,"Attchd",1998,"Fin",2,412,"TA","TA","Y",0,247,0,0,0,0,NA,NA,NA,0,6,2009,"WD","Normal",162000,"Train"
"777",777,20,"RL",86,11210,"Pave",NA,"IR1","Lvl","AllPub","Inside","Gtl","CollgCr","Norm","Norm","1Fam","1Story","7","5",2005,2006,"Gable","CompShg","VinylSd","VinylSd","BrkFace",240,"Gd","TA","PConc","Gd","TA","Av","GLQ",20,"Unf",0,1594,1614,"GasA","Ex","Y","SBrkr",1614,0,0,1614,0,0,2,0,3,1,"Gd",7,"Typ",0,NA,"Attchd",2005,"RFn",3,865,"TA","TA","Y",144,59,0,0,0,0,NA,NA,NA,0,7,2006,"New","Partial",221500,"Train"
"778",778,20,"RL",100,13350,"Pave",NA,"IR1","Lvl","AllPub","Inside","Gtl","Sawyer","Norm","Norm","1Fam","1Story","5","5",1974,1974,"Hip","CompShg","HdBoard","Plywood","None",0,"TA","TA","CBlock","TA","TA","No","ALQ",762,"Unf",0,102,864,"GasA","TA","Y","SBrkr",894,0,0,894,1,0,1,0,3,1,"TA",5,"Typ",1,"Fa","Attchd",1974,"Unf",2,440,"TA","TA","Y",241,0,0,0,0,0,NA,"MnPrv",NA,0,6,2006,"WD","Normal",142500,"Train"
"779",779,90,"RH",60,8400,"Pave",NA,"Reg","Lvl","AllPub","Inside","Gtl","SawyerW","Feedr","Norm","Duplex","1Story","5","5",1977,1977,"Gable","CompShg","Plywood","Plywood","BrkFace",320,"TA","TA","Slab",NA,NA,NA,NA,0,NA,0,0,0,"GasA","TA","Y","SBrkr",2020,0,0,2020,0,0,2,0,4,2,"TA",10,"Typ",2,"TA","Detchd",1977,"Unf",2,630,"TA","TA","Y",0,0,0,0,0,0,NA,NA,NA,0,10,2007,"WD","Normal",144000,"Train"
"780",780,90,"RL",78,10530,"Pave",NA,"Reg","Lvl","AllPub","Inside","Gtl","Mitchel","Norm","Norm","Duplex","SFoyer","6","5",1977,1977,"Gable","CompShg","Plywood","ImStucc","BrkFace",90,"TA","TA","CBlock","Gd","TA","Gd","GLQ",975,"Unf",0,0,975,"GasA","TA","Y","SBrkr",1004,0,0,1004,1,0,1,0,2,1,"TA",4,"Typ",0,NA,"Attchd",1977,"Unf",2,504,"TA","TA","Y",0,0,0,0,0,0,NA,NA,NA,0,5,2006,"WD","Normal",135000,"Train"
"781",781,20,"RL",63,7875,"Pave",NA,"Reg","Lvl","AllPub","Inside","Gtl","Gilbert","Norm","Norm","1Fam","1Story","7","5",1995,1996,"Gable","CompShg","HdBoard","HdBoard","BrkFace",38,"TA","TA","PConc","Gd","Gd","No","Unf",0,"Unf",0,1237,1237,"GasA","Gd","Y","SBrkr",1253,0,0,1253,0,0,2,0,3,1,"TA",6,"Typ",1,"TA","Attchd",1995,"Fin",2,402,"TA","TA","Y",220,21,0,0,0,0,NA,NA,NA,0,6,2007,"WD","Normal",176000,"Train"
"782",782,60,"RL",65,7153,"Pave",NA,"Reg","Lvl","AllPub","Inside","Gtl","SawyerW","Norm","Norm","1Fam","2Story","6","5",1992,1992,"Gable","CompShg","VinylSd","VinylSd","None",0,"Gd","Gd","PConc","Gd","TA","No","ALQ",387,"Unf",0,374,761,"GasA","Ex","Y","SBrkr",810,793,0,1603,0,0,2,1,3,1,"Gd",7,"Typ",0,NA,"Attchd",1992,"RFn",2,484,"TA","TA","Y",0,124,0,0,0,0,NA,NA,NA,0,7,2006,"WD","Normal",175900,"Train"
"783",783,20,"RL",67,16285,"Pave",NA,"IR2","Lvl","AllPub","Inside","Gtl","CollgCr","Norm","Norm","1Fam","1Story","7","5",2001,2002,"Gable","CompShg","VinylSd","VinylSd","None",0,"Gd","TA","PConc","Gd","TA","No","Unf",0,"Unf",0,1413,1413,"GasA","Ex","Y","SBrkr",1430,0,0,1430,0,0,2,0,3,1,"Gd",6,"Typ",0,NA,"Attchd",2001,"RFn",2,605,"TA","TA","Y",0,33,0,0,0,0,NA,NA,NA,0,6,2009,"WD","Normal",187100,"Train"
"784",784,85,"RL",NA,9101,"Pave",NA,"IR1","Lvl","AllPub","Corner","Gtl","Mitchel","Norm","Norm","1Fam","SFoyer","5","6",1978,1978,"Gable","CompShg","Plywood","Plywood","BrkFace",104,"TA","Gd","PConc","Gd","TA","Av","GLQ",1097,"Unf",0,0,1097,"GasA","Ex","Y","SBrkr",1110,0,0,1110,1,0,1,0,1,1,"Gd",4,"Typ",1,"TA","Attchd",1978,"Fin",2,602,"TA","TA","Y",303,30,0,0,0,0,NA,NA,NA,0,7,2009,"WD","Normal",165500,"Train"
"785",785,75,"RM",35,6300,"Pave","Grvl","Reg","Lvl","AllPub","Inside","Gtl","OldTown","Norm","Norm","1Fam","2.5Unf","6","6",1914,2001,"Gable","CompShg","Wd Sdng","Wd Shng","None",0,"TA","TA","CBlock","TA","TA","No","Unf",0,"Unf",0,742,742,"GasA","Ex","Y","SBrkr",742,742,0,1484,0,0,2,0,3,1,"TA",9,"Typ",1,"Gd",NA,NA,NA,0,0,NA,NA,"Y",0,291,134,0,0,0,NA,NA,NA,0,6,2008,"WD","Normal",128000,"Train"
"786",786,20,"RL",NA,9790,"Pave",NA,"Reg","Lvl","AllPub","Inside","Gtl","NWAmes","Feedr","Norm","1Fam","1Story","6","5",1967,1967,"Gable","CompShg","BrkFace","Wd Sdng","None",0,"TA","TA","CBlock","TA","TA","No","Rec",251,"LwQ",630,491,1372,"GasA","TA","Y","SBrkr",1342,0,0,1342,0,0,2,0,3,1,"TA",7,"Typ",1,"Gd","Attchd",1967,"Unf",2,457,"TA","TA","Y",0,0,0,0,197,0,NA,NA,NA,0,9,2009,"WD","Normal",161500,"Train"
"787",787,50,"RM",60,10800,"Pave",NA,"Reg","Lvl","AllPub","Inside","Gtl","OldTown","Artery","Norm","1Fam","1.5Fin","5","6",1915,1950,"Gable","CompShg","MetalSd","MetalSd","None",0,"TA","Gd","PConc","Fa","TA","No","LwQ",686,"Unf",0,0,686,"GasA","TA","Y","SBrkr",966,686,0,1652,1,0,2,0,4,1,"TA",7,"Typ",0,NA,"Detchd",1961,"Unf",1,416,"TA","TA","Y",0,0,196,0,0,0,NA,NA,"Shed",1200,6,2010,"WD","Normal",139000,"Train"
"788",788,60,"RL",76,10142,"Pave",NA,"IR1","Lvl","AllPub","Inside","Gtl","SawyerW","Norm","Norm","1Fam","2Story","7","5",2004,2004,"Gable","CompShg","VinylSd","VinylSd","None",0,"Gd","TA","PConc","Gd","TA","No","GLQ",656,"Unf",0,300,956,"GasA","Ex","Y","SBrkr",956,1128,0,2084,1,0,2,1,4,1,"Gd",8,"Typ",0,NA,"BuiltIn",2004,"RFn",2,618,"TA","TA","Y",0,45,0,0,0,0,NA,NA,NA,0,1,2010,"WD","Normal",233000,"Train"
"789",789,20,"RM",50,6000,"Pave",NA,"Reg","Lvl","AllPub","Corner","Gtl","OldTown","Norm","Norm","1Fam","1Story","4","7",1954,2000,"Gable","CompShg","MetalSd","MetalSd","None",0,"TA","TA","CBlock","TA","TA","No","Unf",0,"Unf",0,901,901,"GasA","Ex","Y","SBrkr",901,0,0,901,0,0,1,0,2,1,"TA",4,"Typ",0,NA,"Detchd",1954,"Unf",1,281,"Fa","TA","Y",0,0,0,0,0,0,NA,NA,NA,0,8,2008,"WD","Normal",107900,"Train"
"790",790,60,"RL",NA,12205,"Pave",NA,"IR1","Low","AllPub","Inside","Gtl","ClearCr","Norm","Norm","1Fam","2Story","6","8",1966,2007,"Gable","CompShg","HdBoard","HdBoard","BrkFace",157,"TA","TA","CBlock","TA","Fa","Gd","LwQ",568,"Unf",0,264,832,"GasA","Gd","Y","SBrkr",976,1111,0,2087,0,0,2,1,5,1,"Gd",9,"Typ",0,NA,"Attchd",1966,"Fin",2,444,"TA","TA","Y",133,168,0,0,0,0,NA,NA,NA,0,7,2007,"WD","Normal",187500,"Train"
"791",791,120,"RL",43,3182,"Pave",NA,"Reg","Lvl","AllPub","Inside","Gtl","Blmngtn","Norm","Norm","TwnhsE","1Story","7","5",2005,2006,"Gable","CompShg","VinylSd","VinylSd","BrkFace",11,"Gd","TA","PConc","Gd","TA","No","GLQ",16,"Unf",0,1129,1145,"GasA","Ex","Y","SBrkr",1145,0,0,1145,0,0,2,0,2,1,"Gd",5,"Typ",1,"Gd","Attchd",2005,"Fin",2,397,"TA","TA","Y",100,16,0,0,0,0,NA,NA,NA,0,9,2009,"WD","Normal",160200,"Train"
"792",792,80,"RL",NA,11333,"Pave",NA,"IR1","Lvl","AllPub","Corner","Gtl","Mitchel","Norm","Norm","1Fam","SLvl","6","5",1976,1976,"Gable","CompShg","HdBoard","HdBoard","None",0,"TA","TA","PConc","Gd","TA","Av","ALQ",539,"Unf",0,490,1029,"GasA","TA","Y","SBrkr",1062,0,0,1062,1,0,1,0,3,1,"TA",5,"Typ",2,"TA","Attchd",1976,"RFn",2,539,"TA","TA","Y",120,0,0,0,0,0,NA,NA,NA,0,5,2007,"WD","Normal",146800,"Train"
"793",793,60,"RL",92,9920,"Pave",NA,"IR1","Lvl","AllPub","CulDSac","Gtl","NoRidge","Norm","Norm","1Fam","2Story","7","5",1996,1997,"Gable","CompShg","MetalSd","MetalSd","None",0,"Gd","TA","PConc","Gd","TA","Av","GLQ",862,"Unf",0,255,1117,"GasA","Ex","Y","SBrkr",1127,886,0,2013,1,0,2,1,3,1,"TA",8,"Typ",1,"TA","Attchd",1997,"Unf",2,455,"TA","TA","Y",180,130,0,0,0,0,NA,NA,NA,0,6,2007,"WD","Normal",269790,"Train"
"794",794,20,"RL",76,9158,"Pave",NA,"Reg","Lvl","AllPub","Inside","Gtl","Somerst","Norm","Norm","1Fam","1Story","8","5",2007,2007,"Gable","CompShg","CemntBd","CmentBd","Stone",140,"Gd","TA","PConc","Gd","TA","Av","Unf",0,"Unf",0,1496,1496,"GasA","Ex","Y","SBrkr",1496,0,0,1496,0,0,2,0,3,1,"Gd",7,"Typ",0,NA,"Attchd",2007,"Fin",2,474,"TA","TA","Y",168,130,0,0,0,0,NA,NA,NA,0,6,2007,"New","Partial",225000,"Train"
"795",795,60,"RL",NA,10832,"Pave",NA,"IR1","Lvl","AllPub","Corner","Gtl","Gilbert","Norm","Norm","1Fam","2Story","7","5",1994,1996,"Gable","CompShg","MetalSd","MetalSd","None",0,"Gd","TA","PConc","Gd","TA","No","Unf",0,"Unf",0,712,712,"GasA","Ex","Y","SBrkr",1086,809,0,1895,0,0,2,1,3,1,"Gd",7,"Typ",1,"TA","Attchd",1994,"Fin",2,409,"TA","TA","Y",143,46,0,0,0,0,NA,NA,"Shed",500,10,2008,"WD","Normal",194500,"Train"
"796",796,60,"RL",70,8400,"Pave",NA,"Reg","Lvl","AllPub","Inside","Gtl","SawyerW","Norm","Norm","1Fam","2Story","6","6",1980,1981,"Gable","CompShg","HdBoard","HdBoard","BrkFace",130,"TA","TA","CBlock","Gd","TA","No","Unf",0,"Unf",0,650,650,"GasA","TA","Y","SBrkr",888,676,0,1564,0,0,2,1,3,1,"TA",7,"Typ",1,"TA","Attchd",1980,"Unf",2,476,"TA","TA","Y",0,50,0,0,204,0,NA,"MnPrv",NA,0,4,2010,"WD","Normal",171000,"Train"
"797",797,20,"RL",71,8197,"Pave",NA,"Reg","Lvl","AllPub","Inside","Gtl","Sawyer","Norm","Norm","1Fam","1Story","6","5",1977,1977,"Gable","CompShg","Plywood","Plywood","BrkFace",148,"TA","TA","CBlock","TA","TA","No","Unf",0,"Unf",0,660,660,"GasA","Ex","Y","SBrkr",1285,0,0,1285,0,0,1,1,3,1,"TA",7,"Typ",1,"TA","Attchd",1977,"RFn",2,528,"TA","TA","Y",138,0,0,0,0,0,NA,"MnPrv",NA,0,4,2007,"WD","Normal",143500,"Train"
"798",798,20,"RL",57,7677,"Pave",NA,"Reg","Lvl","AllPub","Inside","Gtl","NAmes","Norm","Norm","1Fam","1Story","5","5",1953,1953,"Gable","CompShg","VinylSd","VinylSd","None",0,"TA","TA","CBlock","TA","TA","No","BLQ",570,"Unf",0,203,773,"GasA","Gd","Y","SBrkr",773,0,0,773,0,0,1,0,2,1,"TA",4,"Typ",0,NA,"Attchd",1953,"Unf",1,240,"TA","TA","Y",0,0,0,0,0,0,NA,NA,NA,0,4,2008,"WD","Abnorml",110000,"Train"
"799",799,60,"RL",104,13518,"Pave",NA,"Reg","Lvl","AllPub","Inside","Gtl","NridgHt","Norm","Norm","1Fam","2Story","9","5",2008,2009,"Hip","CompShg","VinylSd","VinylSd","Stone",860,"Ex","TA","PConc","Ex","TA","No","Unf",0,"Unf",0,1926,1926,"GasA","Ex","Y","SBrkr",1966,1174,0,3140,0,0,3,1,4,1,"Ex",11,"Typ",2,"Gd","BuiltIn",2009,"Fin",3,820,"TA","TA","Y",144,78,0,0,0,0,NA,NA,NA,0,7,2009,"New","Partial",485000,"Train"
"800",800,50,"RL",60,7200,"Pave",NA,"Reg","Lvl","AllPub","Corner","Gtl","SWISU","Feedr","Norm","1Fam","1.5Fin","5","7",1937,1950,"Gable","CompShg","Wd Sdng","Wd Sdng","BrkFace",252,"TA","TA","BrkTil","Gd","TA","No","ALQ",569,"Unf",0,162,731,"GasA","Ex","Y","SBrkr",981,787,0,1768,1,0,1,1,3,1,"Gd",7,"Typ",2,"TA","Detchd",1939,"Unf",1,240,"TA","TA","Y",0,0,264,0,0,0,NA,"MnPrv",NA,0,6,2007,"WD","Normal",175000,"Train"
"801",801,60,"RL",79,12798,"Pave",NA,"IR1","HLS","AllPub","Inside","Mod","ClearCr","Feedr","Norm","1Fam","2Story","6","5",1997,1997,"Gable","CompShg","VinylSd","VinylSd","None",0,"TA","TA","PConc","Gd","TA","Gd","GLQ",462,"Unf",0,154,616,"GasA","Gd","Y","SBrkr",616,1072,0,1688,1,0,2,1,4,1,"Gd",8,"Typ",0,NA,"Attchd",1997,"RFn",2,603,"TA","TA","Y",403,114,185,0,0,0,NA,NA,"Shed",400,5,2008,"WD","Normal",2e+05,"Train"
"802",802,30,"RM",40,4800,"Pave",NA,"Reg","Lvl","AllPub","Inside","Gtl","IDOTRR","Norm","Norm","1Fam","1Story","4","7",1916,1990,"Gable","CompShg","MetalSd","MetalSd","None",0,"TA","TA","CBlock","TA","TA","No","LwQ",197,"Unf",0,999,1196,"GasA","Ex","Y","FuseA",1196,0,0,1196,1,0,1,0,2,1,"TA",5,"Typ",0,NA,"Detchd",1957,"Unf",2,440,"TA","TA","Y",0,0,0,0,0,0,NA,NA,NA,0,7,2007,"WD","Normal",109900,"Train"
"803",803,60,"RL",63,8199,"Pave",NA,"Reg","Lvl","AllPub","Inside","Gtl","CollgCr","Norm","Norm","1Fam","2Story","7","5",2005,2005,"Gable","CompShg","WdShing","Wd Shng","None",0,"Gd","TA","PConc","Gd","TA","Av","GLQ",648,"Unf",0,80,728,"GasA","Ex","Y","SBrkr",728,728,0,1456,1,0,2,1,3,1,"Gd",7,"Typ",1,"Gd","Attchd",2005,"Fin",2,410,"TA","TA","Y",36,18,0,0,0,0,NA,NA,NA,0,10,2008,"WD","Normal",189000,"Train"
"804",804,60,"RL",107,13891,"Pave",NA,"Reg","Lvl","AllPub","Inside","Gtl","NridgHt","Norm","Norm","1Fam","2Story","9","5",2008,2009,"Hip","CompShg","VinylSd","VinylSd","Stone",424,"Ex","TA","PConc","Ex","TA","Gd","Unf",0,"Unf",0,1734,1734,"GasA","Ex","Y","SBrkr",1734,1088,0,2822,0,0,3,1,4,1,"Ex",12,"Typ",1,"Gd","BuiltIn",2009,"RFn",3,1020,"TA","TA","Y",52,170,0,0,192,0,NA,NA,NA,0,1,2009,"New","Partial",582933,"Train"
"805",805,20,"RL",75,9000,"Pave",NA,"Reg","Lvl","AllPub","Inside","Gtl","NAmes","Norm","Norm","1Fam","1Story","5","5",1954,1954,"Gable","CompShg","Wd Sdng","Wd Sdng","None",0,"TA","TA","CBlock","TA","TA","No","LwQ",812,"Unf",0,124,936,"GasA","TA","Y","SBrkr",1128,0,0,1128,0,0,1,0,2,1,"TA",5,"Min1",0,NA,"Attchd",1954,"Unf",1,286,"TA","TA","Y",0,0,0,0,0,0,NA,"GdWo",NA,0,6,2006,"WD","Family",118000,"Train"
"806",806,20,"RL",91,12274,"Pave",NA,"IR1","Lvl","AllPub","FR2","Gtl","Somerst","Norm","Norm","1Fam","1Story","7","5",2008,2008,"Gable","CompShg","VinylSd","VinylSd","Stone",256,"Gd","TA","PConc","Gd","TA","No","Unf",0,"Unf",0,1417,1417,"GasA","Ex","Y","SBrkr",1428,0,0,1428,0,0,2,0,3,1,"Ex",6,"Typ",0,NA,"Attchd",2008,"RFn",2,554,"TA","TA","Y",0,60,0,0,0,0,NA,NA,NA,0,7,2008,"New","Partial",227680,"Train"
"807",807,80,"RL",75,9750,"Pave",NA,"Reg","Lvl","AllPub","Inside","Gtl","NAmes","Norm","Norm","1Fam","SLvl","5","5",1967,1967,"Gable","CompShg","VinylSd","VinylSd","None",0,"TA","TA","PConc","TA","TA","Av","ALQ",400,"Rec",480,100,980,"GasA","Gd","Y","SBrkr",980,0,0,980,0,0,2,0,3,1,"TA",6,"Typ",0,NA,"Attchd",1967,"Fin",1,384,"TA","TA","Y",68,0,0,0,0,0,NA,NA,NA,0,10,2006,"WD","Normal",135500,"Train"
"808",808,70,"RL",144,21384,"Pave",NA,"Reg","Lvl","AllPub","Inside","Gtl","BrkSide","Norm","Norm","1Fam","2Story","5","6",1923,2004,"Gable","CompShg","Wd Sdng","Wd Sdng","None",0,"TA","TA","CBlock","TA","TA","Gd","GLQ",1309,"Unf",0,15,1324,"GasA","Ex","Y","SBrkr",1072,504,0,1576,2,0,1,1,3,1,"Gd",6,"Typ",1,"TA","Attchd",1923,"RFn",2,528,"TA","TA","Y",0,312,0,0,0,0,NA,NA,NA,0,5,2009,"WD","Normal",223500,"Train"
"809",809,80,"RL",85,13400,"Pave",NA,"Reg","Lvl","AllPub","Inside","Gtl","NAmes","Norm","Norm","1Fam","SLvl","5","5",1966,1966,"Gable","CompShg","VinylSd","VinylSd","BrkFace",1047,"TA","TA","CBlock","TA","TA","Av","ALQ",516,"BLQ",128,380,1024,"GasA","TA","Y","SBrkr",1086,0,0,1086,1,0,1,0,3,1,"TA",6,"Typ",1,"Gd","Attchd",1966,"RFn",2,484,"TA","TA","Y",0,0,0,0,0,0,NA,"GdWo",NA,0,6,2006,"WD","Normal",159950,"Train"
"810",810,75,"RM",90,8100,"Pave",NA,"Reg","Lvl","AllPub","Corner","Gtl","OldTown","Norm","Norm","1Fam","2.5Unf","5","5",1898,1965,"Hip","CompShg","AsbShng","AsbShng","None",0,"TA","TA","PConc","TA","TA","No","Unf",0,"Unf",0,849,849,"GasA","TA","N","FuseA",1075,1063,0,2138,0,0,2,0,2,3,"TA",11,"Typ",0,NA,"Detchd",1910,"Unf",2,360,"Fa","Po","N",40,156,0,0,0,0,NA,"MnPrv",NA,0,11,2009,"WD","Normal",106000,"Train"
"811",811,20,"RL",78,10140,"Pave",NA,"Reg","Lvl","AllPub","Inside","Gtl","NWAmes","Norm","Norm","1Fam","1Story","6","6",1974,1999,"Hip","CompShg","HdBoard","HdBoard","BrkFace",99,"TA","TA","CBlock","TA","TA","No","ALQ",663,"LwQ",377,0,1040,"GasA","Fa","Y","SBrkr",1309,0,0,1309,1,0,1,1,3,1,"Gd",5,"Typ",1,"Fa","Attchd",1974,"RFn",2,484,"TA","TA","Y",265,0,0,0,0,648,"Fa","GdPrv",NA,0,1,2006,"WD","Normal",181000,"Train"
"812",812,120,"RM",NA,4438,"Pave",NA,"Reg","Lvl","AllPub","Inside","Gtl","CollgCr","Norm","Norm","TwnhsE","1Story","6","5",2004,2004,"Gable","CompShg","VinylSd","VinylSd","BrkFace",169,"Gd","TA","PConc","Gd","TA","Gd","GLQ",662,"Unf",0,186,848,"GasA","Ex","Y","SBrkr",848,0,0,848,1,0,1,0,1,1,"Gd",4,"Typ",1,"Gd","Attchd",2004,"Fin",2,420,"TA","TA","Y",140,0,0,0,0,0,NA,NA,NA,0,6,2008,"ConLD","Normal",144500,"Train"
"813",813,20,"C (all)",66,8712,"Grvl",NA,"Reg","Bnk","AllPub","Inside","Mod","IDOTRR","Norm","Norm","1Fam","1Story","5","5",1952,1952,"Hip","CompShg","Wd Sdng","Wd Sdng","None",0,"Fa","TA","CBlock","TA","TA","Av","Unf",0,"Unf",0,540,540,"GasA","TA","N","FuseA",1044,0,0,1044,0,0,1,0,2,1,"Fa",4,"Typ",0,NA,"Basment",1952,"Unf",2,504,"TA","TA","N",0,0,0,0,0,0,NA,NA,"Shed",54,6,2010,"WD","Alloca",55993,"Train"
"814",814,20,"RL",75,9750,"Pave",NA,"Reg","Lvl","AllPub","Inside","Gtl","NAmes","Norm","Norm","1Fam","1Story","6","6",1958,1958,"Gable","CompShg","MetalSd","MetalSd","BrkFace",243,"TA","TA","CBlock","TA","TA","No","Rec",608,"Unf",0,834,1442,"GasA","Gd","Y","SBrkr",1442,0,0,1442,0,0,1,1,4,1,"TA",7,"Typ",0,NA,"Attchd",1958,"RFn",1,301,"TA","TA","Y",0,0,275,0,0,0,NA,NA,"Shed",500,4,2007,"COD","Normal",157900,"Train"
"815",815,50,"RL",45,8248,"Pave","Grvl","Reg","Lvl","AllPub","Inside","Gtl","Edwards","Norm","Norm","1Fam","1.5Fin","5","7",1918,1950,"Gable","CompShg","Stucco","Stucco","None",0,"TA","TA","BrkTil","TA","TA","No","Unf",0,"Unf",0,686,686,"GasW","Gd","Y","SBrkr",686,564,0,1250,0,1,1,1,3,1,"Fa",7,"Typ",0,NA,"Detchd",1955,"Unf",1,280,"TA","TA","P",207,0,96,0,0,0,NA,NA,NA,0,7,2006,"WD","Normal",116000,"Train"
"816",816,20,"RL",48,12137,"Pave",NA,"IR2","Lvl","AllPub","CulDSac","Gtl","CollgCr","Norm","Norm","1Fam","1Story","7","5",1998,1998,"Gable","CompShg","VinylSd","VinylSd","BrkFace",442,"TA","TA","PConc","Gd","TA","No","Unf",0,"Unf",0,1649,1649,"GasA","Ex","Y","SBrkr",1661,0,0,1661,0,0,2,0,3,1,"Gd",6,"Typ",0,NA,"Attchd",1998,"RFn",2,598,"TA","TA","Y",0,34,0,0,0,0,NA,NA,NA,0,5,2010,"WD","Normal",224900,"Train"
"817",817,20,"RL",NA,11425,"Pave",NA,"IR1","Lvl","AllPub","Corner","Gtl","NAmes","Norm","Norm","1Fam","1Story","5","6",1954,1954,"Gable","CompShg","BrkFace","BrkFace","None",0,"TA","TA","CBlock","TA","TA","No","BLQ",486,"Unf",0,522,1008,"GasA","Gd","Y","SBrkr",1008,0,0,1008,0,0,1,0,2,1,"TA",4,"Typ",1,"Gd","Attchd",1954,"RFn",1,275,"TA","TA","Y",0,0,120,0,0,0,NA,NA,NA,0,7,2006,"WD","Normal",137000,"Train"
"818",818,20,"RL",NA,13265,"Pave",NA,"IR1","Lvl","AllPub","CulDSac","Gtl","Mitchel","Norm","Norm","1Fam","1Story","8","5",2002,2002,"Hip","CompShg","CemntBd","CmentBd","BrkFace",148,"Gd","TA","PConc","Gd","TA","No","GLQ",1218,"Unf",0,350,1568,"GasA","Ex","Y","SBrkr",1689,0,0,1689,1,0,2,0,3,1,"Gd",7,"Typ",2,"Gd","Attchd",2002,"RFn",3,857,"TA","TA","Y",150,59,0,0,0,0,NA,NA,NA,0,7,2008,"WD","Normal",271000,"Train"
"819",819,80,"RL",80,8816,"Pave",NA,"Reg","Lvl","AllPub","Inside","Gtl","ClearCr","Norm","Norm","1Fam","SLvl","6","7",1971,1971,"Gable","CompShg","HdBoard","HdBoard","BrkFace",80,"TA","TA","CBlock","TA","TA","Av","GLQ",504,"Unf",0,506,1010,"GasA","Gd","Y","SBrkr",1052,0,0,1052,1,0,1,0,3,1,"TA",6,"Typ",0,NA,"Attchd",1971,"Unf",2,440,"TA","TA","Y",0,0,0,0,0,0,NA,"MnPrv",NA,0,6,2010,"WD","Normal",155000,"Train"
"820",820,120,"RL",44,6371,"Pave",NA,"IR1","Lvl","AllPub","Inside","Gtl","NridgHt","Norm","Norm","TwnhsE","1Story","7","5",2009,2010,"Gable","CompShg","VinylSd","VinylSd","Stone",128,"Gd","TA","PConc","Gd","TA","Mn","GLQ",733,"Unf",0,625,1358,"GasA","Ex","Y","SBrkr",1358,0,0,1358,1,0,2,0,2,1,"Gd",6,"Typ",1,"Gd","Attchd",2010,"RFn",2,484,"TA","TA","Y",192,35,0,0,0,0,NA,NA,NA,0,6,2010,"New","Partial",224000,"Train"
"821",821,60,"RL",72,7226,"Pave",NA,"IR1","Lvl","AllPub","CulDSac","Gtl","CollgCr","Norm","Norm","1Fam","2Story","7","5",2003,2003,"Gable","CompShg","VinylSd","VinylSd","None",0,"Gd","TA","PConc","Gd","TA","No","Unf",0,"Unf",0,798,798,"GasA","Ex","Y","SBrkr",798,842,0,1640,0,0,2,1,3,1,"Gd",6,"Typ",0,NA,"Attchd",2003,"RFn",2,595,"TA","TA","Y",0,45,0,0,0,0,NA,NA,NA,0,6,2008,"WD","Normal",183000,"Train"
"822",822,20,"RM",60,6000,"Pave","Pave","Reg","Bnk","AllPub","Inside","Mod","OldTown","Norm","Norm","2fmCon","1Story","4","4",1953,1953,"Gable","CompShg","MetalSd","MetalSd","None",0,"Fa","TA","CBlock","Fa","TA","No","Unf",0,"Unf",0,936,936,"GasA","TA","N","SBrkr",936,0,0,936,0,0,1,0,2,1,"TA",4,"Min2",0,NA,"Detchd",1974,"Unf",2,576,"TA","TA","Y",0,32,112,0,0,0,NA,NA,NA,0,2,2009,"WD","Normal",93000,"Train"
"823",823,60,"RL",NA,12394,"Pave",NA,"IR1","Lvl","AllPub","Corner","Gtl","Gilbert","Norm","Norm","1Fam","2Story","7","5",2003,2003,"Gable","CompShg","VinylSd","VinylSd","None",0,"Gd","TA","PConc","Gd","TA","Gd","Unf",0,"Unf",0,847,847,"GasA","Ex","Y","SBrkr",847,886,0,1733,0,0,2,1,3,1,"Gd",7,"Typ",1,"Gd","BuiltIn",2003,"Fin",2,433,"TA","TA","Y",100,48,0,0,0,0,NA,NA,NA,0,10,2007,"WD","Family",225000,"Train"
"824",824,50,"RL",60,9900,"Pave",NA,"Reg","Lvl","AllPub","Inside","Gtl","SWISU","Norm","Norm","1Fam","1.5Fin","6","7",1940,1950,"Gable","CompShg","VinylSd","VinylSd","None",0,"TA","TA","BrkTil","TA","TA","No","Unf",0,"Unf",0,778,778,"GasA","TA","Y","SBrkr",944,545,0,1489,0,0,2,0,3,1,"TA",7,"Typ",1,"Gd","Detchd",1940,"Unf",1,240,"TA","TA","Y",335,0,0,0,0,0,NA,"GdWo",NA,0,7,2009,"WD","Normal",139500,"Train"
"825",825,20,"FV",81,11216,"Pave",NA,"Reg","Lvl","AllPub","Inside","Gtl","Somerst","Norm","Norm","1Fam","1Story","8","5",2006,2006,"Gable","CompShg","VinylSd","VinylSd","None",0,"Gd","TA","PConc","Gd","Gd","No","Unf",0,"Unf",0,1489,1489,"GasA","Ex","Y","SBrkr",1489,0,0,1489,0,0,2,0,3,1,"Gd",7,"Typ",1,"Gd","Attchd",2006,"RFn",2,776,"TA","TA","Y",0,140,0,0,0,0,NA,NA,NA,0,6,2006,"New","Partial",232600,"Train"
"826",826,20,"RL",114,14803,"Pave",NA,"Reg","Lvl","AllPub","Inside","Gtl","NridgHt","PosN","PosN","1Fam","1Story","10","5",2007,2008,"Hip","CompShg","CemntBd","CmentBd","BrkFace",816,"Ex","TA","PConc","Ex","TA","Av","GLQ",1636,"Unf",0,442,2078,"GasA","Ex","Y","SBrkr",2084,0,0,2084,1,0,2,0,2,1,"Ex",7,"Typ",1,"Gd","Attchd",2007,"Fin",3,1220,"TA","TA","Y",188,45,0,0,0,0,NA,NA,NA,0,6,2008,"New","Partial",385000,"Train"
"827",827,45,"RM",50,6130,"Pave",NA,"Reg","Lvl","AllPub","Inside","Gtl","BrkSide","Norm","Norm","1Fam","1.5Unf","5","6",1924,1950,"Gable","CompShg","MetalSd","MetalSd","None",0,"TA","TA","BrkTil","TA","TA","No","ALQ",784,"Unf",0,0,784,"GasA","Gd","Y","SBrkr",784,0,0,784,1,0,1,0,2,1,"Gd",5,"Typ",0,NA,NA,NA,NA,0,0,NA,NA,"Y",0,0,116,0,0,0,NA,NA,NA,0,5,2008,"WD","Normal",109500,"Train"
"828",828,20,"RL",65,8529,"Pave",NA,"IR1","Lvl","AllPub","Inside","Gtl","SawyerW","Norm","Norm","1Fam","1Story","7","5",2001,2001,"Gable","CompShg","VinylSd","VinylSd","None",0,"Gd","TA","PConc","Gd","TA","No","GLQ",20,"Unf",0,1434,1454,"GasA","Ex","Y","SBrkr",1434,0,0,1434,0,0,2,0,3,1,"Gd",6,"Typ",1,"TA","Attchd",2001,"RFn",2,527,"TA","TA","Y",290,39,0,0,0,0,NA,NA,NA,0,4,2009,"WD","Normal",189000,"Train"
"829",829,60,"RL",NA,28698,"Pave",NA,"IR2","Low","AllPub","CulDSac","Sev","ClearCr","Norm","Norm","1Fam","2Story","5","5",1967,1967,"Flat","Tar&Grv","Plywood","Plywood","None",0,"TA","TA","PConc","TA","Gd","Gd","LwQ",249,"ALQ",764,0,1013,"GasA","TA","Y","SBrkr",1160,966,0,2126,0,1,2,1,3,1,"TA",7,"Min2",0,NA,"Attchd",1967,"Fin",2,538,"TA","TA","Y",486,0,0,0,225,0,NA,NA,NA,0,6,2009,"WD","Abnorml",185000,"Train"
"830",830,160,"FV",24,2544,"Pave","Pave","Reg","Lvl","AllPub","Inside","Gtl","Somerst","Norm","Norm","Twnhs","2Story","7","5",2005,2005,"Gable","CompShg","MetalSd","MetalSd","None",0,"Gd","TA","PConc","Gd","TA","No","Unf",0,"Unf",0,600,600,"GasA","Ex","Y","SBrkr",520,623,80,1223,0,0,2,1,2,1,"Gd",4,"Typ",0,NA,"Detchd",2005,"RFn",2,480,"TA","TA","Y",0,166,0,0,0,0,NA,NA,NA,0,7,2006,"WD","Normal",147400,"Train"
"831",831,20,"RL",80,11900,"Pave",NA,"IR1","Lvl","AllPub","Corner","Gtl","NAmes","Norm","Norm","1Fam","1Story","6","5",1957,1957,"Gable","CompShg","HdBoard","HdBoard","BrkFace",387,"TA","TA","CBlock","TA","TA","No","Rec",1040,"Unf",0,352,1392,"GasA","TA","Y","FuseA",1392,0,0,1392,1,0,1,1,3,1,"TA",6,"Typ",2,"Gd","Attchd",1957,"RFn",2,458,"TA","TA","Y",0,0,0,0,192,0,NA,NA,NA,0,6,2008,"WD","Normal",166000,"Train"
"832",832,160,"FV",30,3180,"Pave","Pave","Reg","Lvl","AllPub","Inside","Gtl","Somerst","Norm","Norm","TwnhsE","2Story","7","5",2005,2005,"Gable","CompShg","MetalSd","MetalSd","None",0,"TA","TA","PConc","Gd","TA","No","Unf",0,"Unf",0,600,600,"GasA","Ex","Y","SBrkr",520,600,80,1200,0,0,2,1,2,1,"Gd",4,"Typ",0,NA,"Detchd",2005,"RFn",2,480,"TA","TA","Y",0,166,0,0,0,0,NA,NA,NA,0,6,2006,"WD","Normal",151000,"Train"
"833",833,60,"RL",44,9548,"Pave",NA,"IR1","Lvl","AllPub","CulDSac","Gtl","CollgCr","Norm","Norm","1Fam","2Story","7","6",2003,2003,"Gable","CompShg","VinylSd","VinylSd","BrkFace",223,"Gd","TA","PConc","Gd","TA","No","GLQ",483,"Unf",0,458,941,"GasA","Ex","Y","SBrkr",941,888,0,1829,1,0,2,1,3,1,"Gd",7,"Typ",1,"TA","Attchd",2003,"RFn",2,613,"TA","TA","Y",192,39,0,0,0,0,NA,NA,NA,0,1,2010,"WD","Normal",237000,"Train"
"834",834,20,"RL",100,10004,"Pave",NA,"Reg","Lvl","AllPub","Inside","Gtl","NAmes","Norm","Norm","1Fam","1Story","6","6",1964,1964,"Gable","CompShg","HdBoard","Plywood","BrkFace",180,"TA","TA","CBlock","TA","TA","No","Rec",196,"BLQ",345,975,1516,"GasA","TA","Y","SBrkr",1516,0,0,1516,0,0,1,1,3,1,"TA",6,"Typ",0,NA,"Attchd",1964,"RFn",2,472,"TA","TA","Y",0,0,0,0,152,0,NA,NA,NA,0,2,2009,"WD","Normal",167000,"Train"
"835",835,20,"RL",75,7875,"Pave",NA,"Reg","Lvl","AllPub","Inside","Gtl","NAmes","Norm","Norm","1Fam","1Story","5","6",1961,1961,"Gable","CompShg","VinylSd","VinylSd","BrkFace",136,"TA","TA","CBlock","TA","TA","No","Rec",572,"Unf",0,572,1144,"GasA","Gd","Y","SBrkr",1144,0,0,1144,1,0,1,0,3,1,"TA",6,"Typ",0,NA,"Attchd",1961,"Unf",2,456,"TA","TA","Y",0,0,0,0,0,0,NA,"GdWo",NA,0,9,2008,"WD","Normal",139950,"Train"
"836",836,20,"RL",60,9600,"Pave",NA,"Reg","Lvl","AllPub","Inside","Gtl","Sawyer","Norm","Norm","1Fam","1Story","4","7",1950,1995,"Gable","CompShg","VinylSd","HdBoard","None",0,"TA","TA","CBlock","Gd","TA","No","BLQ",442,"Unf",0,625,1067,"GasA","TA","Y","SBrkr",1067,0,0,1067,0,0,2,0,2,1,"Gd",4,"Min2",0,NA,"Attchd",1996,"Unf",2,436,"TA","TA","Y",290,0,0,0,0,0,NA,NA,NA,0,2,2010,"WD","Normal",128000,"Train"
"837",837,30,"RM",90,8100,"Pave","Pave","Reg","Lvl","AllPub","Inside","Gtl","OldTown","Norm","Norm","1Fam","1Story","5","6",1948,1973,"Gable","CompShg","VinylSd","VinylSd","None",0,"TA","TA","BrkTil","TA","TA","No","Rec",338,"Unf",0,1221,1559,"GasA","Gd","Y","SBrkr",1559,0,0,1559,1,0,1,0,2,1,"TA",5,"Min2",0,NA,"Detchd",1948,"Unf",2,812,"TA","TA","Y",0,116,230,0,0,0,NA,"GdWo",NA,0,6,2007,"COD","Normal",153500,"Train"
"838",838,160,"RM",21,1680,"Pave",NA,"Reg","Lvl","AllPub","Inside","Gtl","BrDale","Norm","Norm","Twnhs","2Story","6","5",1973,1973,"Gable","CompShg","HdBoard","HdBoard","BrkFace",158,"TA","TA","CBlock","TA","TA","No","BLQ",330,"Unf",0,153,483,"GasA","TA","Y","SBrkr",483,504,0,987,1,0,1,1,2,1,"TA",5,"Typ",0,NA,"Detchd",1973,"Unf",1,264,"TA","TA","Y",0,0,0,0,0,0,NA,NA,NA,0,11,2008,"WD","Normal",1e+05,"Train"
"839",839,20,"RL",75,9525,"Pave",NA,"Reg","Lvl","AllPub","Inside","Gtl","CollgCr","Norm","Norm","1Fam","1Story","5","6",1995,2006,"Gable","CompShg","VinylSd","VinylSd","None",0,"TA","TA","PConc","Gd","TA","No","Unf",0,"Unf",0,1099,1099,"GasA","Ex","Y","SBrkr",1099,0,0,1099,0,0,1,1,3,1,"Gd",6,"Typ",0,NA,"Attchd",1999,"Unf",1,352,"TA","TA","Y",278,0,0,0,0,0,NA,NA,NA,0,6,2008,"WD","Normal",144000,"Train"
"840",840,50,"RL",70,11767,"Pave",NA,"Reg","Lvl","AllPub","Inside","Gtl","Edwards","Norm","Norm","1Fam","1.5Fin","5","6",1946,1995,"Gable","CompShg","MetalSd","MetalSd","None",0,"TA","TA","CBlock","TA","TA","No","BLQ",352,"Unf",0,416,768,"GasA","Ex","Y","SBrkr",768,432,0,1200,0,0,1,0,3,1,"TA",6,"Typ",0,NA,"Detchd",1946,"Unf",1,240,"TA","TA","Y",0,0,0,0,0,0,NA,NA,NA,0,5,2008,"WD","Normal",130500,"Train"
"841",841,70,"RH",NA,12155,"Pave",NA,"IR1","Lvl","AllPub","Inside","Gtl","SWISU","Norm","Norm","1Fam","2Story","6","8",1925,1950,"Gable","CompShg","Wd Sdng","Wd Sdng","None",0,"TA","TA","BrkTil","TA","TA","No","BLQ",156,"Unf",0,516,672,"GasA","TA","N","SBrkr",810,672,0,1482,0,0,2,0,4,1,"Fa",7,"Typ",0,NA,"Detchd",1934,"Unf",1,400,"TA","TA","P",0,0,254,0,0,0,NA,NA,NA,0,3,2008,"WD","Normal",140000,"Train"
"842",842,70,"RM",60,10440,"Pave","Grvl","Reg","Lvl","AllPub","Inside","Gtl","OldTown","Norm","Norm","1Fam","2Story","5","8",1904,2002,"Gable","CompShg","MetalSd","MetalSd","None",0,"TA","TA","PConc","TA","TA","No","Unf",0,"Unf",0,650,650,"GasA","Gd","Y","SBrkr",958,581,0,1539,0,0,2,0,3,1,"Gd",8,"Typ",1,"Po","Detchd",1983,"Unf",2,686,"Gd","TA","P",70,78,68,0,0,0,NA,NA,NA,0,6,2008,"WD","Normal",157500,"Train"
"843",843,80,"RL",82,9020,"Pave",NA,"Reg","Lvl","AllPub","Inside","Gtl","NAmes","Norm","Norm","1Fam","SLvl","6","7",1966,1966,"Gable","CompShg","HdBoard","HdBoard","BrkFace",183,"TA","TA","CBlock","TA","TA","Gd","Rec",312,"ALQ",539,276,1127,"GasA","TA","Y","SBrkr",1165,0,0,1165,1,0,1,1,3,1,"TA",6,"Typ",0,NA,"Attchd",1966,"RFn",2,490,"Gd","Gd","Y",0,129,0,0,0,0,NA,"GdPrv",NA,0,5,2008,"WD","Normal",174900,"Train"
"844",844,90,"RL",80,8000,"Pave",NA,"Reg","Lvl","AllPub","Corner","Gtl","NAmes","Artery","Norm","Duplex","1Story","5","4",1961,1961,"Gable","CompShg","BrkFace","BrkFace","None",0,"TA","TA","CBlock","TA","TA","No","Unf",0,"Unf",0,1800,1800,"GasA","Ex","N","SBrkr",1800,0,0,1800,0,0,2,0,6,2,"TA",10,"Typ",0,NA,NA,NA,NA,0,0,NA,NA,"Y",0,0,0,0,0,0,NA,NA,NA,0,7,2007,"WD","Normal",141000,"Train"
"845",845,50,"RM",100,12665,"Pave","Grvl","IR1","Lvl","AllPub","Inside","Gtl","OldTown","Artery","Norm","1Fam","1.5Fin","5","8",1915,1950,"Gable","CompShg","Wd Sdng","Wd Sdng","None",0,"TA","TA","BrkTil","TA","TA","Mn","Unf",0,"Unf",0,876,876,"GasA","Gd","Y","SBrkr",876,540,0,1416,0,0,1,1,4,1,"TA",7,"Typ",1,"Gd","Detchd",1949,"Unf",3,720,"TA","TA","Y",418,0,194,0,0,0,NA,NA,NA,0,6,2008,"WD","Normal",153900,"Train"
"846",846,85,"RL",NA,16647,"Pave",NA,"IR1","Lvl","AllPub","CulDSac","Gtl","Sawyer","RRAe","Norm","1Fam","SFoyer","5","5",1975,1981,"Gable","CompShg","HdBoard","HdBoard","None",0,"TA","TA","CBlock","Gd","TA","Gd","ALQ",1390,"Unf",0,0,1390,"GasA","TA","Y","SBrkr",1701,0,0,1701,1,0,2,0,3,1,"TA",6,"Min2",2,"TA","Basment",1975,"Fin",2,611,"TA","TA","Y",0,0,0,0,0,0,NA,NA,NA,0,1,2007,"WD","Normal",171000,"Train"
"847",847,60,"RL",75,9317,"Pave",NA,"Reg","Lvl","AllPub","Inside","Gtl","SawyerW","Norm","Norm","1Fam","2Story","7","5",1993,1993,"Gable","CompShg","HdBoard","HdBoard","BrkFace",137,"Gd","TA","PConc","Gd","TA","No","ALQ",513,"Unf",0,227,740,"GasA","Ex","Y","SBrkr",1006,769,0,1775,1,0,2,1,3,1,"Gd",7,"Typ",1,"TA","Attchd",1993,"Unf",2,425,"TA","TA","Y",234,72,192,0,0,0,NA,NA,NA,0,7,2009,"WD","Normal",213000,"Train"
"848",848,20,"RL",36,15523,"Pave",NA,"IR1","Lvl","AllPub","CulDSac","Gtl","CollgCr","Norm","Norm","1Fam","1Story","5","6",1972,1972,"Gable","CompShg","HdBoard","Plywood","None",0,"TA","TA","CBlock","TA","TA","Av","BLQ",460,"Unf",0,404,864,"GasA","Ex","Y","SBrkr",864,0,0,864,1,0,1,0,3,1,"TA",5,"Typ",1,"Fa","Attchd",1972,"Unf",1,338,"TA","TA","Y",0,0,0,0,0,0,NA,NA,NA,0,8,2009,"WD","Normal",133500,"Train"
"849",849,50,"RL",75,45600,"Pave",NA,"IR2","Bnk","AllPub","Inside","Gtl","ClearCr","Norm","Norm","1Fam","1.5Fin","6","8",1908,1997,"Gable","CompShg","Wd Sdng","Wd Sdng","None",0,"TA","TA","BrkTil","TA","TA","No","Unf",0,"Unf",0,907,907,"GasA","TA","Y","SBrkr",1307,1051,0,2358,0,0,3,0,5,1,"TA",10,"Typ",1,"Gd","Detchd",1908,"Unf",2,360,"Fa","TA","Y",486,40,0,0,175,0,NA,NA,NA,0,9,2008,"WD","Normal",240000,"Train"
"850",850,80,"RL",80,9600,"Pave",NA,"Reg","Lvl","AllPub","FR2","Gtl","Veenker","Feedr","Norm","1Fam","SLvl","6","7",1976,1994,"Hip","CompShg","Plywood","Plywood","BrkFace",360,"Gd","Gd","CBlock","TA","TA","No","Unf",0,"Unf",0,528,528,"GasA","Ex","Y","SBrkr",1094,761,0,1855,0,0,2,1,3,1,"TA",7,"Typ",1,"TA","Attchd",1976,"RFn",2,512,"TA","TA","Y",113,100,0,0,0,0,NA,NA,NA,0,8,2007,"WD","Normal",187000,"Train"
"851",851,120,"RM",36,4435,"Pave",NA,"Reg","Lvl","AllPub","Inside","Gtl","CollgCr","Norm","Norm","TwnhsE","1Story","6","5",2003,2003,"Gable","CompShg","VinylSd","VinylSd","BrkFace",170,"Gd","TA","PConc","Gd","TA","Av","GLQ",659,"Unf",0,189,848,"GasA","Ex","Y","SBrkr",848,0,0,848,1,0,1,0,1,1,"Gd",3,"Typ",0,NA,"Attchd",2003,"Fin",2,420,"TA","TA","Y",140,0,0,0,0,0,NA,NA,NA,0,11,2007,"WD","Normal",131500,"Train"
"852",852,120,"RL",NA,3196,"Pave",NA,"Reg","Lvl","AllPub","Inside","Gtl","Blmngtn","Norm","Norm","TwnhsE","1Story","8","5",2003,2003,"Gable","CompShg","VinylSd","VinylSd","BrkFace",40,"Gd","TA","PConc","Gd","TA","Gd","Unf",0,"Unf",0,1273,1273,"GasA","Ex","Y","SBrkr",1456,0,0,1456,0,0,2,0,2,1,"Gd",7,"Typ",1,"TA","Attchd",2003,"Fin",2,400,"TA","TA","Y",143,20,0,0,0,0,NA,NA,NA,0,5,2006,"WD","Normal",215000,"Train"
"853",853,75,"RL",53,7128,"Pave",NA,"Reg","Lvl","AllPub","Inside","Gtl","Crawfor","Norm","Norm","1Fam","2.5Unf","7","5",1941,1950,"Gable","CompShg","MetalSd","MetalSd","None",0,"TA","Gd","CBlock","TA","TA","No","Rec",364,"Unf",0,554,918,"GasA","Gd","Y","SBrkr",918,728,0,1646,0,0,2,0,4,1,"TA",7,"Typ",2,"Gd","Detchd",1941,"Unf",1,240,"TA","TA","Y",0,0,0,0,126,0,NA,"MnPrv",NA,0,8,2007,"WD","Normal",164000,"Train"
"854",854,80,"RL",NA,12095,"Pave",NA,"IR1","Lvl","AllPub","Corner","Gtl","NAmes","Norm","Norm","1Fam","SLvl","6","6",1964,1964,"Gable","CompShg","MetalSd","HdBoard","BrkFace",115,"TA","Gd","CBlock","TA","TA","Gd","Rec",564,"Unf",0,563,1127,"GasA","TA","Y","SBrkr",1445,0,0,1445,0,0,1,1,3,1,"TA",7,"Typ",1,"Fa","Attchd",1964,"RFn",2,645,"TA","TA","Y",180,0,0,0,0,0,NA,"MnPrv",NA,0,8,2009,"WD","Normal",158000,"Train"
"855",855,20,"RL",102,17920,"Pave",NA,"Reg","Lvl","AllPub","Inside","Gtl","Sawyer","Norm","Norm","1Fam","1Story","5","4",1955,1974,"Hip","CompShg","Wd Sdng","Plywood","None",0,"TA","TA","CBlock","TA","TA","Mn","ALQ",306,"Rec",1085,372,1763,"GasA","TA","Y","SBrkr",1779,0,0,1779,1,0,1,1,3,1,"TA",6,"Typ",1,"Gd","Attchd",1955,"Unf",2,454,"TA","TA","Y",0,418,0,0,312,0,NA,NA,NA,0,7,2006,"WD","Abnorml",170000,"Train"
"856",856,20,"RL",NA,6897,"Pave",NA,"IR1","Lvl","AllPub","Corner","Gtl","Sawyer","Norm","Norm","1Fam","1Story","5","8",1962,2010,"Gable","CompShg","HdBoard","HdBoard","None",0,"TA","Gd","CBlock","TA","TA","No","ALQ",659,"Unf",0,381,1040,"GasA","Ex","Y","SBrkr",1040,0,0,1040,1,0,1,1,3,1,"TA",6,"Typ",0,NA,"Detchd",1962,"Unf",1,260,"TA","TA","Y",0,104,0,0,0,0,NA,NA,NA,0,4,2010,"WD","Normal",127000,"Train"
"857",857,80,"RL",NA,10970,"Pave",NA,"IR1","Low","AllPub","Inside","Mod","CollgCr","Norm","Norm","1Fam","SLvl","6","6",1978,1978,"Gable","CompShg","Plywood","HdBoard","None",0,"TA","TA","CBlock","Gd","Gd","Gd","GLQ",505,"LwQ",435,0,940,"GasA","TA","Y","SBrkr",1026,0,0,1026,1,0,1,0,3,1,"TA",5,"Typ",0,NA,"Detchd",1981,"Unf",2,576,"TA","Fa","Y",0,0,34,0,0,0,NA,"MnPrv",NA,0,10,2008,"WD","Normal",147000,"Train"
"858",858,60,"RL",65,8125,"Pave",NA,"Reg","Lvl","AllPub","Inside","Gtl","Gilbert","Norm","Norm","1Fam","2Story","6","5",1994,1995,"Gable","CompShg","HdBoard","HdBoard","None",0,"TA","TA","PConc","Gd","TA","No","Unf",0,"Unf",0,702,702,"GasA","Gd","Y","SBrkr",702,779,0,1481,0,0,2,1,3,1,"TA",6,"Typ",1,"TA","Attchd",1994,"Fin",2,343,"TA","TA","Y",0,36,0,0,0,0,NA,NA,NA,0,3,2009,"WD","Normal",174000,"Train"
"859",859,20,"RL",80,10400,"Pave",NA,"Reg","Lvl","AllPub","Inside","Gtl","NWAmes","Norm","Norm","1Fam","1Story","7","5",1976,1976,"Gable","CompShg","HdBoard","HdBoard","BrkFace",189,"TA","TA","CBlock","Gd","TA","No","Unf",0,"Unf",0,1090,1090,"GasA","TA","Y","SBrkr",1370,0,0,1370,0,0,2,0,3,1,"TA",6,"Typ",1,"TA","Attchd",1976,"RFn",2,479,"TA","TA","Y",0,0,0,0,0,0,NA,"MnPrv",NA,0,6,2009,"WD","Family",152000,"Train"
"860",860,60,"RL",NA,11029,"Pave",NA,"IR1","Lvl","AllPub","Corner","Gtl","NWAmes","PosA","Norm","1Fam","2Story","6","7",1968,1984,"Gable","CompShg","HdBoard","HdBoard","BrkFace",220,"TA","TA","CBlock","TA","TA","Mn","BLQ",619,"Unf",0,435,1054,"GasA","TA","Y","SBrkr",1512,1142,0,2654,1,0,2,1,4,1,"Gd",9,"Typ",1,"Gd","Attchd",1968,"Unf",2,619,"TA","TA","Y",0,65,0,0,222,0,NA,NA,NA,0,8,2006,"WD","Normal",250000,"Train"
"861",861,50,"RL",55,7642,"Pave",NA,"Reg","Lvl","AllPub","Corner","Gtl","Crawfor","Norm","Norm","1Fam","1.5Fin","7","8",1918,1998,"Gable","CompShg","Wd Sdng","Wd Sdng","None",0,"Gd","TA","BrkTil","TA","TA","No","Unf",0,"Unf",0,912,912,"GasA","Gd","Y","SBrkr",912,514,0,1426,0,0,1,1,3,1,"Gd",7,"Typ",1,"Gd","Detchd",1925,"Unf",1,216,"TA","TA","Y",0,240,0,0,0,0,NA,"GdPrv",NA,0,6,2007,"WD","Normal",189950,"Train"
"862",862,190,"RL",75,11625,"Pave",NA,"Reg","Lvl","AllPub","Inside","Gtl","Sawyer","Norm","Norm","2fmCon","1Story","5","4",1965,1965,"Hip","CompShg","Plywood","HdBoard","None",0,"TA","TA","PConc","TA","TA","Mn","BLQ",841,"Unf",0,198,1039,"GasA","Ex","Y","SBrkr",1039,0,0,1039,1,0,1,1,3,1,"TA",6,"Typ",0,NA,"Attchd",1965,"Unf",2,504,"TA","TA","Y",0,0,0,0,0,0,NA,NA,NA,0,4,2010,"WD","Normal",131500,"Train"
"863",863,20,"RL",81,9672,"Pave",NA,"Reg","Lvl","AllPub","Corner","Gtl","SawyerW","Norm","Norm","1Fam","1Story","6","5",1984,1985,"Hip","CompShg","HdBoard","Plywood","None",0,"TA","TA","PConc","Gd","TA","No","GLQ",338,"Unf",0,702,1040,"GasA","TA","Y","SBrkr",1097,0,0,1097,0,0,2,0,3,1,"TA",6,"Typ",0,NA,"Attchd",1986,"Unf",2,480,"TA","TA","Y",0,0,0,0,0,0,NA,"GdPrv",NA,0,5,2010,"WD","Normal",152000,"Train"
"864",864,20,"RL",70,7931,"Pave",NA,"Reg","Lvl","AllPub","Inside","Gtl","NAmes","Norm","Norm","1Fam","1Story","5","5",1959,1959,"Hip","CompShg","BrkFace","Plywood","None",0,"TA","TA","CBlock","TA","TA","No","BLQ",1148,"Unf",0,0,1148,"GasA","TA","Y","SBrkr",1148,0,0,1148,1,0,1,0,3,1,"TA",6,"Typ",0,NA,"Attchd",1959,"Unf",1,672,"TA","TA","Y",0,0,0,0,0,0,NA,"GdPrv",NA,0,7,2009,"WD","Normal",132500,"Train"
"865",865,20,"FV",72,8640,"Pave",NA,"Reg","Lvl","AllPub","Inside","Gtl","Somerst","Norm","Norm","1Fam","1Story","7","5",2007,2008,"Gable","CompShg","VinylSd","VinylSd","None",0,"Gd","TA","PConc","Ex","TA","No","Unf",0,"Unf",0,1372,1372,"GasA","Ex","Y","SBrkr",1372,0,0,1372,0,0,2,0,3,1,"Gd",6,"Typ",0,NA,"Attchd",2008,"Fin",2,529,"TA","TA","Y",0,140,0,0,0,0,NA,NA,NA,0,5,2008,"New","Partial",250580,"Train"
"866",866,20,"RL",NA,8750,"Pave",NA,"IR1","Lvl","AllPub","Inside","Gtl","NAmes","Norm","Norm","1Fam","1Story","5","6",1970,1970,"Gable","CompShg","MetalSd","MetalSd","BrkFace",76,"TA","TA","CBlock","TA","TA","No","BLQ",828,"Unf",0,174,1002,"GasA","TA","Y","SBrkr",1002,0,0,1002,1,0,1,0,3,1,"TA",5,"Typ",0,NA,"Detchd",1973,"Unf",2,902,"TA","TA","Y",0,0,0,0,0,0,NA,"MnPrv",NA,0,8,2009,"WD","Normal",148500,"Train"
"867",867,20,"RL",67,10656,"Pave",NA,"IR1","HLS","AllPub","Inside","Gtl","Timber","Norm","Norm","1Fam","1Story","8","5",2006,2007,"Gable","CompShg","VinylSd","VinylSd","Stone",274,"Gd","TA","PConc","Gd","TA","Av","Unf",0,"Unf",0,1638,1638,"GasA","Ex","Y","SBrkr",1646,0,0,1646,0,0,2,0,3,1,"Gd",6,"Typ",1,"Gd","Attchd",2007,"RFn",3,870,"TA","TA","Y",192,80,0,0,0,0,NA,NA,NA,0,11,2007,"New","Partial",248900,"Train"
"868",868,20,"RL",85,6970,"Pave",NA,"Reg","Lvl","AllPub","Corner","Gtl","Sawyer","Feedr","Norm","1Fam","1Story","4","5",1961,1961,"Gable","CompShg","VinylSd","VinylSd","None",0,"TA","TA","CBlock","TA","TA","No","ALQ",932,"Unf",0,108,1040,"GasA","TA","Y","SBrkr",1120,0,0,1120,1,0,1,1,3,1,"Fa",5,"Typ",0,NA,"Attchd",1961,"RFn",2,544,"TA","TA","Y",168,0,0,0,0,0,NA,NA,"Shed",400,5,2007,"WD","Normal",129000,"Train"
"869",869,60,"RL",NA,14762,"Pave",NA,"IR2","Lvl","AllPub","Corner","Gtl","Gilbert","Feedr","Norm","1Fam","2Story","5","6",1948,1950,"Gable","CompShg","Plywood","Plywood","None",0,"TA","TA","Slab",NA,NA,NA,NA,0,NA,0,0,0,"GasA","Gd","Y","SBrkr",1547,720,53,2320,0,0,2,0,2,1,"TA",7,"Typ",1,"TA","Attchd",1979,"Unf",2,672,"TA","TA","P",120,144,0,0,0,0,NA,NA,NA,0,5,2006,"WD","Normal",169000,"Train"
"870",870,60,"RL",80,9938,"Pave",NA,"Reg","Lvl","AllPub","Inside","Gtl","SawyerW","Norm","Norm","1Fam","2Story","7","5",1993,1994,"Gable","CompShg","MetalSd","MetalSd","BrkFace",246,"Gd","TA","PConc","Gd","TA","No","GLQ",750,"Unf",0,300,1050,"GasA","Ex","Y","SBrkr",1062,887,0,1949,1,0,2,1,3,1,"Gd",8,"Typ",1,"TA","Attchd",1993,"Fin",2,574,"TA","TA","Y",156,90,0,0,0,0,NA,"GdPrv",NA,0,6,2010,"WD","Normal",236000,"Train"
"871",871,20,"RL",60,6600,"Pave",NA,"Reg","Lvl","AllPub","Inside","Gtl","NAmes","PosN","Norm","1Fam","1Story","5","5",1962,1962,"Hip","CompShg","MetalSd","MetalSd","None",0,"TA","TA","CBlock","TA","TA","No","Unf",0,"Unf",0,894,894,"GasA","Gd","N","SBrkr",894,0,0,894,0,0,1,0,2,1,"TA",5,"Typ",0,NA,"Detchd",1962,"Unf",1,308,"TA","TA","Y",0,0,0,0,0,0,NA,NA,NA,0,8,2009,"WD","Normal",109500,"Train"
"872",872,60,"RL",70,8750,"Pave",NA,"Reg","Lvl","AllPub","Inside","Gtl","CollgCr","Norm","Norm","1Fam","2Story","6","5",1998,1998,"Gable","CompShg","VinylSd","VinylSd","BrkFace",116,"TA","TA","PConc","Gd","TA","No","GLQ",505,"Unf",0,299,804,"GasA","Ex","Y","SBrkr",804,878,0,1682,0,0,2,1,3,1,"Gd",7,"Typ",0,NA,"Attchd",1998,"RFn",2,523,"TA","TA","Y",0,77,0,0,0,0,NA,NA,NA,0,6,2010,"WD","Normal",200500,"Train"
"873",873,20,"RL",74,8892,"Pave",NA,"Reg","Lvl","AllPub","Corner","Gtl","NAmes","Norm","Norm","1Fam","1Story","5","7",1953,1996,"Gable","CompShg","WdShing","Wd Shng","None",0,"Gd","TA","Stone","TA","TA","Av","Unf",0,"Unf",0,105,105,"GasA","Gd","Y","SBrkr",910,0,0,910,0,0,1,0,3,1,"Gd",5,"Typ",0,NA,"Attchd",1953,"Unf",2,414,"TA","TA","Y",196,0,150,0,0,0,NA,"GdWo",NA,0,10,2008,"WD","Normal",116000,"Train"
"874",874,40,"RL",60,12144,"Pave",NA,"Reg","Lvl","AllPub","Inside","Gtl","NAmes","Norm","Norm","1Fam","1Story","5","7",1949,1950,"Gable","CompShg","HdBoard","HdBoard","None",0,"Gd","TA","CBlock","TA","TA","No","Rec",375,"Unf",0,457,832,"GasA","Gd","Y","SBrkr",1036,0,232,1268,0,0,1,0,3,1,"TA",6,"Typ",1,"Gd","Attchd",1949,"Unf",1,288,"TA","TA","Y",0,28,0,0,0,0,NA,NA,"Othr",0,9,2009,"WD","Normal",133000,"Train"
"875",875,50,"RM",52,5720,"Pave",NA,"Reg","Lvl","AllPub","Inside","Gtl","OldTown","Artery","Norm","1Fam","1.5Fin","5","6",1941,1950,"Gable","CompShg","Wd Sdng","Wd Sdng","None",0,"TA","TA","CBlock","TA","TA","No","Unf",0,"Unf",0,676,676,"GasA","Ex","Y","SBrkr",676,455,0,1131,0,0,1,1,3,1,"TA",5,"Typ",0,NA,"Detchd",1941,"Unf",1,200,"TA","TA","Y",26,0,0,0,0,0,NA,NA,NA,0,8,2009,"WD","Abnorml",66500,"Train"
"876",876,60,"FV",75,9000,"Pave",NA,"Reg","Lvl","AllPub","Inside","Gtl","Somerst","Norm","Norm","1Fam","2Story","8","5",2007,2007,"Gable","CompShg","CemntBd","CmentBd","None",0,"Gd","TA","PConc","Gd","TA","Av","GLQ",64,"Unf",0,1120,1184,"GasA","Ex","Y","SBrkr",1184,1426,0,2610,0,0,2,1,4,1,"Ex",11,"Typ",1,"Gd","BuiltIn",2007,"Fin",2,550,"TA","TA","Y",208,364,0,0,0,0,NA,NA,NA,0,8,2007,"New","Partial",303477,"Train"
"877",877,20,"RL",94,25286,"Pave",NA,"Reg","HLS","AllPub","Inside","Mod","Mitchel","Norm","Norm","1Fam","1Story","4","5",1963,1963,"Gable","CompShg","HdBoard","Plywood","None",0,"TA","TA","PConc","TA","TA","Gd","ALQ",633,"Unf",0,431,1064,"GasA","Gd","Y","SBrkr",1040,0,0,1040,1,0,1,0,3,1,"TA",5,"Typ",0,NA,"Attchd",1963,"Unf",2,648,"TA","TA","Y",0,0,0,0,0,0,NA,NA,NA,0,1,2007,"WD","Normal",132250,"Train"
"878",878,60,"RL",74,8834,"Pave",NA,"Reg","Lvl","AllPub","Inside","Gtl","NridgHt","Norm","Norm","1Fam","2Story","9","5",2004,2005,"Hip","CompShg","VinylSd","VinylSd","Stone",216,"Gd","TA","PConc","Ex","TA","No","GLQ",1170,"Unf",0,292,1462,"GasA","Ex","Y","SBrkr",1462,762,0,2224,1,0,2,1,4,1,"Ex",10,"Typ",1,"Gd","Attchd",2004,"Fin",3,738,"TA","TA","Y",184,0,0,0,0,0,NA,NA,NA,0,6,2009,"WD","Normal",350000,"Train"
"879",879,85,"RL",88,11782,"Pave",NA,"IR1","Lvl","AllPub","Inside","Gtl","Sawyer","Norm","Norm","1Fam","SFoyer","5","7",1961,1995,"Gable","CompShg","HdBoard","HdBoard","None",0,"TA","TA","CBlock","TA","TA","Av","ALQ",899,"Unf",0,210,1109,"GasA","TA","Y","SBrkr",1155,0,0,1155,1,0,1,0,3,1,"Gd",6,"Min2",0,NA,"Detchd",1987,"Unf",2,576,"TA","TA","Y",192,0,0,0,0,0,NA,"MnPrv","Shed",400,6,2010,"WD","Normal",148000,"Train"
"880",880,20,"RL",NA,7000,"Pave",NA,"IR1","Lvl","AllPub","CulDSac","Gtl","CollgCr","Norm","Norm","1Fam","1Story","5","8",1978,2005,"Gable","CompShg","VinylSd","VinylSd","BrkFace",90,"Gd","Gd","CBlock","TA","TA","No","ALQ",646,"Unf",0,218,864,"GasA","Ex","Y","SBrkr",864,0,0,864,1,0,1,0,3,1,"TA",6,"Typ",0,NA,"Attchd",1978,"Unf",1,336,"TA","TA","Y",0,0,0,0,0,0,NA,"GdWo",NA,0,7,2009,"WD","Normal",136500,"Train"
"881",881,20,"RL",60,7024,"Pave",NA,"Reg","Lvl","AllPub","Inside","Gtl","Edwards","Norm","Norm","1Fam","1Story","5","5",2005,2006,"Gable","CompShg","VinylSd","VinylSd","None",0,"TA","TA","PConc","Ex","Gd","No","ALQ",980,"Unf",0,110,1090,"GasA","Gd","Y","SBrkr",1090,0,0,1090,1,0,1,1,2,1,"TA",5,"Typ",0,NA,"Attchd",2005,"Fin",2,450,"TA","TA","Y",0,49,0,0,0,0,NA,NA,NA,0,6,2007,"WD","Normal",157000,"Train"
"882",882,50,"RL",44,13758,"Pave",NA,"IR1","Lvl","AllPub","CulDSac","Gtl","Timber","Norm","Norm","1Fam","1.5Fin","7","5",1990,1991,"Gable","CompShg","HdBoard","HdBoard","BrkFace",117,"Gd","Gd","CBlock","Gd","TA","Mn","LwQ",902,"Unf",0,254,1156,"GasA","Ex","Y","SBrkr",1187,530,0,1717,0,0,2,1,3,1,"Gd",7,"Typ",1,"TA","Attchd",1990,"RFn",2,400,"TA","TA","Y",168,36,0,0,0,0,NA,NA,NA,0,4,2007,"WD","Normal",187500,"Train"
"883",883,60,"RL",NA,9636,"Pave",NA,"IR1","Lvl","AllPub","Corner","Gtl","Gilbert","Norm","Norm","1Fam","2Story","6","5",1992,1993,"Gable","CompShg","VinylSd","VinylSd","None",0,"TA","TA","PConc","Gd","TA","No","Unf",0,"Unf",0,808,808,"GasA","Gd","Y","SBrkr",808,785,0,1593,0,0,2,1,3,1,"TA",7,"Typ",1,"TA","BuiltIn",1993,"RFn",2,389,"TA","TA","Y",342,40,0,0,0,0,NA,"MnPrv",NA,0,12,2009,"WD","Normal",178000,"Train"
"884",884,75,"RL",60,6204,"Pave",NA,"Reg","Bnk","AllPub","Inside","Gtl","SWISU","Norm","Norm","1Fam","2.5Fin","4","5",1912,1950,"Gable","CompShg","Wd Sdng","Wd Sdng","None",0,"Gd","TA","PConc","TA","Fa","No","Unf",0,"Unf",0,795,795,"GasA","TA","N","SBrkr",954,795,481,2230,1,0,1,0,5,1,"TA",10,"Typ",0,NA,"Detchd",1997,"Unf",1,440,"TA","Gd","Y",0,188,0,0,0,0,NA,NA,NA,0,3,2006,"WD","Normal",118500,"Train"
"885",885,20,"RL",65,7150,"Pave",NA,"Reg","Lvl","AllPub","Inside","Gtl","NAmes","Norm","Norm","1Fam","1Story","5","5",1967,1967,"Gable","CompShg","HdBoard","HdBoard","BrkFace",60,"TA","TA","CBlock","TA","TA","No","BLQ",432,"Unf",0,460,892,"GasA","TA","Y","SBrkr",892,0,0,892,0,0,1,0,3,1,"TA",5,"Typ",0,NA,"Attchd",1967,"RFn",1,288,"TA","TA","Y",0,0,0,0,0,0,NA,"GdWo",NA,0,7,2009,"WD","Normal",1e+05,"Train"
"886",886,120,"FV",50,5119,"Pave",NA,"IR1","Lvl","AllPub","CulDSac","Gtl","Somerst","Norm","Norm","TwnhsE","1Story","9","5",1999,2000,"Gable","CompShg","MetalSd","MetalSd","BrkFace",60,"Gd","TA","PConc","Ex","TA","Av","GLQ",1238,"Unf",0,460,1698,"GasA","Ex","Y","SBrkr",1709,0,0,1709,1,0,2,0,2,1,"Gd",5,"Typ",1,"TA","Attchd",1999,"Fin",2,506,"TA","TA","Y",97,65,0,0,0,0,NA,NA,NA,0,1,2008,"CWD","Abnorml",328900,"Train"
"887",887,90,"RL",70,8393,"Pave",NA,"Reg","Lvl","AllPub","Corner","Gtl","NAmes","Norm","Norm","Duplex","1Story","5","5",1959,2005,"Gable","CompShg","MetalSd","MetalSd","BrkFace",122,"TA","TA","CBlock","TA","TA","No","LwQ",528,"Unf",0,1098,1626,"GasA","Ex","Y","SBrkr",1712,0,0,1712,0,0,2,0,4,2,"TA",8,"Typ",0,NA,"Attchd",2005,"Fin",2,588,"TA","TA","Y",272,54,0,0,0,0,NA,NA,NA,0,6,2006,"WD","Family",145000,"Train"
"888",888,50,"RL",59,16466,"Pave",NA,"IR1","Lvl","AllPub","Inside","Gtl","Edwards","Norm","Norm","1Fam","1.5Fin","5","7",1955,1955,"Gable","CompShg","MetalSd","MetalSd","None",0,"TA","Gd","PConc","TA","TA","No","Unf",0,"Unf",0,816,816,"GasA","TA","Y","SBrkr",872,521,0,1393,0,0,1,1,3,1,"TA",8,"Typ",0,NA,"Attchd",1955,"Unf",1,300,"TA","TA","Y",121,0,0,0,265,0,NA,NA,NA,0,4,2008,"WD","Normal",135500,"Train"
"889",889,20,"RL",95,15865,"Pave",NA,"IR1","Lvl","AllPub","Inside","Mod","NAmes","Norm","Norm","1Fam","1Story","8","6",1970,1970,"Flat","Tar&Grv","Wd Sdng","Wd Sdng","None",0,"Gd","Gd","PConc","TA","Gd","Gd","ALQ",351,"Rec",823,1043,2217,"GasA","Ex","Y","SBrkr",2217,0,0,2217,1,0,2,0,4,1,"Gd",8,"Typ",1,"TA","Attchd",1970,"Unf",2,621,"TA","TA","Y",81,207,0,0,224,0,NA,NA,NA,0,10,2007,"WD","Normal",268000,"Train"
"890",890,20,"RL",128,12160,"Pave",NA,"Reg","Lvl","AllPub","Inside","Gtl","NAmes","Feedr","Norm","1Fam","1Story","6","4",1953,1953,"Hip","CompShg","Wd Sdng","Wd Sdng","BrkFace",90,"TA","TA","CBlock","TA","TA","No","BLQ",1024,"Unf",0,481,1505,"GasA","Ex","Y","SBrkr",1505,0,0,1505,1,0,1,0,2,1,"TA",6,"Typ",1,"TA","Attchd",1953,"RFn",2,505,"TA","TA","Y",0,0,0,162,0,0,NA,NA,NA,0,2,2009,"WD","Normal",149500,"Train"
"891",891,50,"RL",60,8064,"Pave",NA,"Reg","Lvl","AllPub","Corner","Gtl","NAmes","Artery","Norm","1Fam","1.5Fin","5","7",1949,2006,"Gable","CompShg","MetalSd","MetalSd","None",0,"TA","Gd","CBlock","TA","TA","Mn","Unf",0,"Unf",0,672,672,"GasA","Ex","Y","SBrkr",672,252,0,924,0,0,1,0,3,1,"TA",6,"Typ",1,"Po","Detchd",2003,"Unf",2,576,"TA","TA","Y",0,0,0,0,0,0,NA,"MnPrv","Shed",2000,7,2007,"WD","Normal",122900,"Train"
"892",892,60,"RL",70,11184,"Pave",NA,"Reg","Lvl","AllPub","Inside","Gtl","Sawyer","Norm","Norm","1Fam","2Story","6","5",1978,1978,"Hip","CompShg","HdBoard","HdBoard","BrkFace",92,"TA","TA","CBlock","TA","TA","No","LwQ",226,"Rec",500,192,918,"GasA","Gd","Y","SBrkr",918,765,0,1683,0,0,2,1,3,1,"TA",7,"Typ",1,"TA","Attchd",1978,"RFn",2,440,"TA","TA","Y",243,0,0,0,0,0,NA,NA,NA,0,7,2009,"WD","Normal",172500,"Train"
"893",893,20,"RL",70,8414,"Pave",NA,"Reg","Lvl","AllPub","Inside","Gtl","Sawyer","Norm","Norm","1Fam","1Story","6","8",1963,2003,"Hip","CompShg","HdBoard","HdBoard","None",0,"TA","TA","CBlock","TA","TA","No","GLQ",663,"Unf",0,396,1059,"GasA","TA","Y","SBrkr",1068,0,0,1068,0,1,1,0,3,1,"TA",6,"Typ",0,NA,"Attchd",1963,"RFn",1,264,"TA","TA","Y",192,0,0,0,0,0,NA,"MnPrv",NA,0,2,2006,"WD","Normal",154500,"Train"
"894",894,20,"RL",NA,13284,"Pave",NA,"Reg","Lvl","AllPub","Inside","Gtl","Sawyer","PosN","Norm","1Fam","1Story","5","5",1954,1954,"Gable","CompShg","Wd Sdng","Plywood","None",0,"TA","TA","PConc","Gd","TA","Mn","BLQ",1064,"Unf",0,319,1383,"GasA","TA","Y","SBrkr",1383,0,0,1383,1,0,1,0,3,1,"TA",6,"Typ",1,"Gd","Attchd",1954,"Unf",1,354,"TA","TA","Y",511,116,0,0,0,0,NA,"GdPrv",NA,0,6,2008,"WD","Normal",165000,"Train"
"895",895,90,"RL",64,7018,"Pave",NA,"Reg","Bnk","AllPub","Inside","Gtl","SawyerW","Norm","Norm","Duplex","1Story","5","5",1979,1979,"Gable","CompShg","Plywood","Plywood","None",0,"TA","TA","Slab",NA,NA,NA,NA,0,NA,0,0,0,"GasA","TA","Y","SBrkr",1535,0,0,1535,0,0,2,0,4,2,"TA",8,"Typ",0,NA,"Attchd",1979,"Unf",2,400,"TA","TA","Y",0,0,0,0,0,0,NA,NA,NA,0,6,2009,"WD","Alloca",118858,"Train"
"896",896,60,"RL",71,7056,"Pave",NA,"Reg","Lvl","AllPub","Inside","Gtl","NAmes","Norm","Norm","1Fam","2Story","6","5",1963,1963,"Hip","CompShg","HdBoard","HdBoard","BrkFace",415,"TA","TA","CBlock","TA","TA","No","BLQ",400,"Unf",0,380,780,"GasA","TA","Y","SBrkr",983,813,0,1796,1,0,1,1,4,1,"TA",8,"Typ",1,"TA","Attchd",1963,"RFn",2,483,"TA","TA","Y",0,50,0,0,0,0,NA,NA,NA,0,10,2008,"WD","Normal",140000,"Train"
"897",897,30,"RM",50,8765,"Pave","Grvl","Reg","Lvl","AllPub","Inside","Gtl","IDOTRR","Norm","Norm","1Fam","1Story","4","6",1936,1950,"Gable","CompShg","Wd Sdng","Wd Sdng","None",0,"TA","TA","BrkTil","TA","TA","No","ALQ",285,"Unf",0,666,951,"GasA","Ex","N","SBrkr",951,0,0,951,0,0,1,0,2,1,"TA",6,"Typ",0,NA,"Detchd",1936,"Unf",1,327,"TA","TA","Y",0,28,0,0,0,0,NA,NA,NA,0,4,2006,"WD","Abnorml",106500,"Train"
"898",898,90,"RL",64,7018,"Pave",NA,"Reg","Lvl","AllPub","Inside","Gtl","SawyerW","Feedr","Norm","Duplex","2Story","5","5",1979,1979,"Gable","CompShg","Plywood","Plywood","None",0,"TA","TA","Slab",NA,NA,NA,NA,0,NA,0,0,0,"GasA","TA","Y","SBrkr",1120,1120,0,2240,0,0,2,0,6,2,"TA",12,"Typ",0,NA,"Detchd",1979,"Unf",2,528,"TA","TA","Y",154,0,0,0,0,0,NA,NA,NA,0,6,2009,"WD","Alloca",142953,"Train"
"899",899,20,"RL",100,12919,"Pave",NA,"IR1","Lvl","AllPub","Inside","Gtl","NridgHt","Norm","Norm","1Fam","1Story","9","5",2009,2010,"Hip","CompShg","VinylSd","VinylSd","Stone",760,"Ex","TA","PConc","Ex","TA","Gd","GLQ",2188,"Unf",0,142,2330,"GasA","Ex","Y","SBrkr",2364,0,0,2364,1,0,2,1,2,1,"Ex",11,"Typ",2,"Gd","Attchd",2009,"Fin",3,820,"TA","TA","Y",0,67,0,0,0,0,NA,NA,NA,0,3,2010,"New","Partial",611657,"Train"
"900",900,20,"RL",65,6993,"Pave",NA,"Reg","Lvl","AllPub","Inside","Gtl","Sawyer","Feedr","Norm","1Fam","1Story","5","7",1961,1994,"Gable","CompShg","HdBoard","Plywood","None",0,"TA","TA","CBlock","TA","TA","No","BLQ",465,"Unf",0,447,912,"GasA","TA","Y","SBrkr",1236,0,0,1236,0,0,1,0,3,1,"TA",6,"Typ",1,"TA","Attchd",1961,"Unf",1,288,"TA","TA","Y",0,0,0,0,0,0,NA,NA,NA,0,6,2006,"WD","Normal",135000,"Train"
"901",901,20,"RL",NA,7340,"Pave",NA,"IR1","Lvl","AllPub","Inside","Gtl","NAmes","Norm","Norm","1Fam","1Story","4","6",1971,1971,"Gable","CompShg","HdBoard","HdBoard","None",0,"TA","TA","CBlock","TA","TA","No","ALQ",322,"Unf",0,536,858,"GasA","TA","Y","SBrkr",858,0,0,858,0,0,1,0,2,1,"TA",4,"Typ",0,NA,"Detchd",1979,"Unf",1,684,"TA","TA","Y",0,0,0,0,0,0,NA,NA,NA,0,6,2007,"WD","Normal",110000,"Train"
"902",902,20,"RL",64,8712,"Pave",NA,"IR1","Lvl","AllPub","Inside","Gtl","NAmes","Norm","Norm","1Fam","1Story","5","7",1957,2000,"Hip","CompShg","MetalSd","MetalSd","None",0,"TA","Gd","CBlock","TA","TA","Mn","BLQ",860,"Unf",0,132,992,"GasA","TA","Y","SBrkr",1306,0,0,1306,1,0,1,0,2,1,"TA",5,"Typ",0,NA,"Detchd",1968,"Unf",1,756,"TA","TA","Y",0,0,0,0,0,0,NA,NA,NA,0,5,2009,"WD","Normal",153000,"Train"
"903",903,60,"RL",63,7875,"Pave",NA,"Reg","Lvl","AllPub","Inside","Gtl","Gilbert","Norm","Norm","1Fam","2Story","7","5",2003,2003,"Gable","CompShg","VinylSd","VinylSd","None",0,"Gd","TA","PConc","Gd","TA","No","Unf",0,"Unf",0,783,783,"GasA","Ex","Y","SBrkr",807,702,0,1509,0,0,2,1,3,1,"Gd",8,"Typ",1,"Gd","Attchd",2003,"Fin",2,393,"TA","TA","Y",0,75,0,0,0,0,NA,NA,NA,0,7,2006,"WD","Normal",180000,"Train"
"904",904,20,"RL",50,14859,"Pave",NA,"IR1","HLS","AllPub","CulDSac","Gtl","Gilbert","Norm","Norm","1Fam","1Story","7","5",2006,2006,"Hip","CompShg","VinylSd","VinylSd","BrkFace",27,"Gd","TA","PConc","Gd","TA","No","Unf",0,"Unf",0,1670,1670,"GasA","Ex","Y","SBrkr",1670,0,0,1670,0,0,2,0,3,1,"Gd",7,"Typ",1,"Gd","Attchd",2006,"RFn",3,690,"TA","TA","Y",144,60,0,0,0,0,NA,NA,NA,0,8,2006,"New","Partial",240000,"Train"
"905",905,20,"RL",NA,6173,"Pave",NA,"IR1","Lvl","AllPub","Inside","Gtl","Sawyer","Norm","Norm","1Fam","1Story","5","6",1967,1967,"Gable","CompShg","HdBoard","Wd Sdng","BrkFace",75,"TA","TA","CBlock","TA","TA","No","GLQ",599,"Unf",0,277,876,"GasA","TA","Y","SBrkr",902,0,0,902,0,0,1,0,3,1,"TA",6,"Typ",0,NA,"Attchd",1967,"Unf",1,288,"TA","TA","Y",0,0,0,0,0,0,NA,"MnPrv",NA,0,8,2007,"WD","Normal",125500,"Train"
"906",906,20,"RL",80,9920,"Pave",NA,"Reg","Lvl","AllPub","Inside","Gtl","NAmes","Norm","Norm","1Fam","1Story","5","5",1954,1954,"Gable","CompShg","HdBoard","HdBoard","Stone",110,"TA","TA","CBlock","TA","TA","No","Rec",354,"LwQ",290,412,1056,"GasA","TA","Y","SBrkr",1063,0,0,1063,1,0,1,0,3,1,"TA",6,"Typ",0,NA,"Attchd",1954,"RFn",1,280,"TA","TA","Y",0,0,164,0,0,0,NA,"MnPrv",NA,0,2,2010,"WD","Normal",128000,"Train"
"907",907,20,"RL",116,13501,"Pave",NA,"IR1","Lvl","AllPub","Corner","Gtl","Somerst","Norm","Norm","1Fam","1Story","8","5",2006,2006,"Gable","CompShg","VinylSd","VinylSd","Stone",208,"Gd","TA","PConc","Gd","TA","No","GLQ",63,"Unf",0,1560,1623,"GasA","Ex","Y","SBrkr",1636,0,0,1636,1,0,2,0,3,1,"Gd",8,"Typ",1,"Gd","Attchd",2006,"RFn",3,865,"TA","TA","Y",0,60,0,0,0,0,NA,NA,NA,0,6,2007,"WD","Normal",255000,"Train"
"908",908,50,"RL",86,11500,"Pave",NA,"IR1","Lvl","AllPub","Inside","Gtl","Crawfor","Norm","Norm","1Fam","1.5Fin","7","7",1936,1987,"Gable","CompShg","BrkFace","BrkFace","None",0,"Gd","TA","CBlock","Gd","TA","No","Rec",223,"Unf",0,794,1017,"GasA","Gd","Y","SBrkr",1020,1037,0,2057,0,0,1,1,3,1,"Gd",6,"Typ",1,"Gd","Attchd",1936,"Fin",1,180,"Fa","TA","Y",0,0,0,0,322,0,NA,NA,NA,0,6,2006,"WD","Normal",250000,"Train"
"909",909,20,"RL",NA,8885,"Pave",NA,"IR1","Low","AllPub","Inside","Mod","Mitchel","Norm","Norm","1Fam","1Story","5","5",1983,1983,"Gable","CompShg","HdBoard","HdBoard","None",0,"TA","TA","CBlock","Gd","TA","Av","BLQ",301,"ALQ",324,239,864,"GasA","TA","Y","SBrkr",902,0,0,902,1,0,1,0,2,1,"TA",5,"Typ",0,NA,"Attchd",1983,"Unf",2,484,"TA","TA","Y",164,0,0,0,0,0,NA,"MnPrv",NA,0,6,2006,"WD","Normal",131000,"Train"
"910",910,60,"RL",149,12589,"Pave",NA,"IR2","Lvl","AllPub","Inside","Gtl","Gilbert","Norm","Norm","1Fam","2Story","6","5",2005,2005,"Gable","CompShg","VinylSd","VinylSd","None",0,"Gd","TA","PConc","Gd","TA","No","Unf",0,"Unf",0,742,742,"GasA","Ex","Y","SBrkr",742,742,0,1484,0,0,2,1,3,1,"Gd",8,"Typ",1,"Gd","Attchd",2005,"Fin",2,390,"TA","TA","Y",36,24,0,0,0,0,NA,NA,NA,0,6,2009,"WD","Normal",174000,"Train"
"911",911,90,"RL",80,11600,"Pave",NA,"Reg","Lvl","AllPub","Corner","Gtl","NAmes","Feedr","Norm","Duplex","2Story","5","5",1960,1960,"Gable","CompShg","MetalSd","MetalSd","BrkFace",361,"TA","TA","CBlock","TA","TA","No","Rec",443,"Unf",0,662,1105,"GasA","TA","Y","FuseA",1105,1169,0,2274,0,0,2,0,5,2,"TA",12,"Typ",0,NA,"Detchd",1960,"Unf",2,480,"TA","TA","Y",0,0,0,0,0,0,NA,NA,NA,0,1,2010,"WD","Normal",154300,"Train"
"912",912,20,"RL",NA,9286,"Pave",NA,"IR1","Lvl","AllPub","CulDSac","Mod","CollgCr","Norm","Norm","1Fam","1Story","5","7",1977,1989,"Gable","CompShg","HdBoard","Plywood","None",0,"TA","TA","CBlock","Gd","Gd","Av","ALQ",196,"Unf",0,1072,1268,"GasA","TA","Y","SBrkr",1268,0,0,1268,0,0,1,1,3,1,"Gd",5,"Typ",0,NA,"Detchd",1978,"Unf",1,252,"TA","TA","Y",173,0,0,0,0,0,NA,NA,NA,0,10,2009,"WD","Normal",143500,"Train"
"913",913,30,"RM",51,6120,"Pave",NA,"Reg","Lvl","AllPub","Inside","Gtl","BrkSide","Norm","Norm","1Fam","1Story","5","7",1925,1950,"Gable","CompShg","MetalSd","MetalSd","None",0,"TA","TA","BrkTil","TA","TA","No","Rec",489,"Unf",0,279,768,"GasA","TA","N","SBrkr",1015,0,0,1015,0,0,1,0,3,1,"TA",6,"Min1",0,NA,"Detchd",1925,"Unf",1,450,"TA","TA","Y",0,0,112,0,120,0,NA,"MnPrv","Shed",620,7,2006,"WD","Abnorml",88000,"Train"
"914",914,90,"RH",82,6270,"Pave",NA,"Reg","HLS","AllPub","Inside","Gtl","Crawfor","Norm","Norm","Duplex","2Story","5","6",1949,1950,"Gable","CompShg","MetalSd","MetalSd","None",0,"TA","TA","CBlock","TA","TA","No","BLQ",284,"Unf",0,717,1001,"GasA","TA","N","FuseA",1001,1001,0,2002,0,0,2,0,4,2,"TA",8,"Typ",0,NA,"2Types",1949,"Unf",3,871,"TA","TA","Y",0,0,0,0,0,0,NA,NA,NA,0,8,2007,"WD","Normal",145000,"Train"
"915",915,160,"FV",30,3000,"Pave","Pave","Reg","Lvl","AllPub","Inside","Gtl","Somerst","Norm","Norm","TwnhsE","2Story","6","5",2009,2009,"Gable","CompShg","VinylSd","VinylSd","Stone",76,"Gd","TA","PConc","Gd","TA","Av","GLQ",294,"Unf",0,318,612,"GasA","Ex","Y","SBrkr",612,612,0,1224,0,0,2,1,2,1,"Gd",4,"Typ",0,NA,"Detchd",2009,"RFn",2,528,"TA","TA","Y",0,234,0,0,0,0,NA,NA,NA,0,6,2009,"New","Partial",173733,"Train"
"916",916,160,"RM",21,2001,"Pave",NA,"Reg","Lvl","AllPub","Inside","Gtl","MeadowV","Norm","Norm","Twnhs","2Story","4","5",1970,1970,"Gable","CompShg","CemntBd","CmentBd","BrkFace",80,"TA","TA","CBlock","TA","TA","No","Unf",0,"Unf",0,546,546,"GasA","Fa","Y","SBrkr",546,546,0,1092,0,0,1,1,3,1,"TA",6,"Typ",0,NA,"Attchd",1970,"Unf",1,286,"TA","TA","Y",0,0,0,0,0,0,NA,NA,NA,0,1,2007,"WD","Normal",75000,"Train"
"917",917,20,"C (all)",50,9000,"Pave",NA,"Reg","Lvl","AllPub","Inside","Gtl","IDOTRR","Norm","Norm","1Fam","1Story","2","3",1949,1950,"Gable","CompShg","AsbShng","AsbShng","None",0,"TA","TA","CBlock","TA","TA","Av","BLQ",50,"Unf",0,430,480,"GasA","TA","N","FuseA",480,0,0,480,1,0,0,0,1,1,"TA",4,"Typ",0,NA,"Detchd",1958,"Unf",1,308,"TA","TA","Y",0,0,0,0,0,0,NA,NA,NA,0,10,2006,"WD","Abnorml",35311,"Train"
"918",918,20,"RL",NA,17140,"Pave",NA,"Reg","Lvl","AllPub","Inside","Gtl","Edwards","Norm","Norm","1Fam","1Story","4","6",1956,1956,"Gable","CompShg","VinylSd","VinylSd","None",0,"TA","TA","CBlock","TA","TA","No","ALQ",1059,"Unf",0,75,1134,"GasA","Ex","Y","FuseA",1229,0,0,1229,0,0,1,0,3,1,"TA",6,"Typ",0,NA,"Attchd",1956,"RFn",1,284,"TA","TA","Y",0,0,0,0,0,0,NA,NA,NA,0,4,2009,"WD","Normal",135000,"Train"
"919",919,60,"RL",103,13125,"Pave",NA,"IR1","Lvl","AllPub","Corner","Gtl","SawyerW","Norm","Norm","1Fam","2Story","7","5",1991,1991,"Gable","CompShg","HdBoard","HdBoard","None",0,"Gd","TA","PConc","Ex","TA","Mn","BLQ",48,"GLQ",634,422,1104,"GasA","Ex","Y","SBrkr",912,1215,0,2127,1,0,2,1,4,1,"Gd",8,"Typ",1,"TA","Attchd",1991,"RFn",3,833,"TA","TA","Y",72,192,224,0,0,0,NA,"GdPrv",NA,0,11,2007,"WD","Normal",238000,"Train"
"920",920,20,"RL",87,11029,"Pave",NA,"IR1","Lvl","AllPub","Corner","Gtl","NAmes","Norm","Norm","1Fam","1Story","6","8",1958,2002,"Hip","CompShg","MetalSd","MetalSd","None",0,"Ex","TA","CBlock","Gd","TA","No","ALQ",528,"BLQ",411,245,1184,"GasA","Ex","Y","SBrkr",1414,0,0,1414,1,0,1,0,3,1,"TA",6,"Min1",1,"TA","Attchd",1990,"Unf",2,601,"TA","TA","Y",0,51,0,0,190,0,NA,NA,NA,0,5,2008,"WD","Normal",176500,"Train"
"921",921,60,"RL",70,8462,"Pave",NA,"IR1","Lvl","AllPub","Inside","Gtl","SawyerW","Norm","Norm","1Fam","2Story","6","5",1994,1994,"Gable","CompShg","HdBoard","HdBoard","BrkFace",105,"Gd","Gd","PConc","Gd","Gd","No","GLQ",814,"Unf",0,114,928,"GasA","Ex","Y","SBrkr",936,785,0,1721,0,1,2,1,3,1,"Gd",7,"Typ",0,NA,"Attchd",1994,"RFn",2,471,"TA","TA","Y",300,87,0,0,0,0,NA,NA,NA,0,7,2007,"WD","Normal",201000,"Train"
"922",922,90,"RL",67,8777,"Pave",NA,"Reg","Lvl","AllPub","Inside","Gtl","Edwards","Feedr","Norm","Duplex","1.5Fin","5","7",1900,2003,"Gable","CompShg","MetalSd","MetalSd","None",0,"TA","TA","CBlock","TA","TA","No","ALQ",1084,"Unf",0,188,1272,"GasA","Gd","Y","SBrkr",1272,928,0,2200,2,0,2,2,4,2,"TA",9,"Typ",0,NA,NA,NA,NA,0,0,NA,NA,"N",0,70,0,0,0,0,NA,"GdPrv",NA,0,9,2008,"WD","Normal",145900,"Train"
"923",923,20,"RL",65,10237,"Pave",NA,"Reg","Lvl","AllPub","Inside","Gtl","Gilbert","RRAn","Norm","1Fam","1Story","6","5",2005,2006,"Gable","CompShg","VinylSd","VinylSd","None",0,"Gd","TA","PConc","Gd","TA","No","GLQ",28,"Unf",0,1288,1316,"GasA","Ex","Y","SBrkr",1316,0,0,1316,0,0,2,0,3,1,"Gd",6,"Typ",1,"Gd","Attchd",2005,"Fin",2,397,"TA","TA","Y",100,0,0,23,0,0,NA,NA,NA,0,10,2006,"New","Partial",169990,"Train"
"924",924,120,"RL",50,8012,"Pave",NA,"Reg","Lvl","AllPub","Inside","Gtl","SawyerW","Norm","Norm","TwnhsE","1Story","6","5",1993,1994,"Gable","CompShg","Plywood","Plywood","None",0,"Gd","TA","PConc","Gd","TA","No","LwQ",165,"GLQ",841,598,1604,"GasA","Ex","Y","SBrkr",1617,0,0,1617,1,0,2,0,2,1,"Gd",5,"Typ",1,"Fa","Attchd",1993,"RFn",2,533,"TA","TA","Y",0,69,0,0,0,0,NA,NA,NA,0,7,2008,"WD","Normal",193000,"Train"
"925",925,20,"RL",79,10240,"Pave",NA,"Reg","Lvl","AllPub","Inside","Gtl","NWAmes","Norm","Norm","1Fam","1Story","6","6",1980,1980,"Gable","CompShg","Plywood","Plywood","BrkFace",157,"TA","Gd","CBlock","Gd","TA","No","BLQ",625,"LwQ",1061,0,1686,"GasA","TA","Y","SBrkr",1686,0,0,1686,1,0,2,0,3,1,"TA",7,"Typ",1,"TA","Attchd",1980,"Unf",2,612,"TA","TA","Y",384,131,0,0,0,0,NA,NA,NA,0,5,2006,"WD","Normal",207500,"Train"
"926",926,20,"RL",NA,15611,"Pave",NA,"IR1","Lvl","AllPub","Corner","Gtl","NWAmes","Norm","Norm","1Fam","1Story","5","6",1977,1977,"Gable","CompShg","VinylSd","VinylSd","None",0,"TA","TA","PConc","Gd","TA","Av","ALQ",767,"LwQ",93,266,1126,"GasA","TA","Y","SBrkr",1126,0,0,1126,0,1,2,0,3,1,"Ex",6,"Typ",0,NA,"Attchd",1977,"RFn",2,540,"TA","TA","Y",180,0,0,0,0,0,NA,NA,NA,0,3,2008,"WD","Abnorml",175000,"Train"
"927",927,60,"RL",93,11999,"Pave",NA,"Reg","Lvl","AllPub","Inside","Gtl","NridgHt","Norm","Norm","1Fam","2Story","8","5",2003,2004,"Hip","CompShg","VinylSd","VinylSd","BrkFace",340,"Gd","TA","PConc","Gd","TA","No","Unf",0,"Unf",0,1181,1181,"GasA","Ex","Y","SBrkr",1234,1140,0,2374,0,0,2,1,4,1,"Ex",10,"Typ",1,"Gd","BuiltIn",2003,"Fin",3,656,"TA","TA","Y",104,100,0,0,0,0,NA,NA,NA,0,5,2007,"WD","Normal",285000,"Train"
"928",928,60,"RL",NA,9900,"Pave",NA,"Reg","Lvl","AllPub","Inside","Gtl","NWAmes","Feedr","Norm","1Fam","2Story","7","5",1968,1968,"Gable","CompShg","MetalSd","MetalSd","BrkFace",342,"TA","TA","CBlock","TA","TA","No","BLQ",552,"Unf",0,280,832,"GasA","Gd","Y","SBrkr",1098,880,0,1978,0,0,2,1,4,1,"TA",9,"Typ",1,"Gd","Attchd",1968,"RFn",2,486,"TA","TA","Y",0,43,0,0,0,0,NA,"GdPrv",NA,0,4,2008,"WD","Normal",176000,"Train"
"929",929,20,"RL",NA,11838,"Pave",NA,"Reg","Lvl","AllPub","Inside","Gtl","CollgCr","Norm","Norm","1Fam","1Story","8","5",2001,2001,"Hip","CompShg","VinylSd","VinylSd","None",0,"Gd","TA","PConc","Gd","TA","Av","Unf",0,"Unf",0,1753,1753,"GasA","Ex","Y","SBrkr",1788,0,0,1788,0,0,2,0,3,1,"Ex",7,"Typ",1,"TA","Attchd",2001,"RFn",2,522,"TA","TA","Y",202,151,0,0,0,0,NA,NA,NA,0,6,2009,"WD","Normal",236500,"Train"
"930",930,60,"RL",NA,13006,"Pave",NA,"IR1","Lvl","AllPub","Corner","Gtl","Gilbert","Norm","Norm","1Fam","2Story","7","5",1997,1997,"Gable","CompShg","HdBoard","HdBoard","BrkFace",285,"TA","TA","PConc","Gd","TA","No","Unf",0,"Unf",0,964,964,"GasA","Gd","Y","SBrkr",993,1243,0,2236,0,0,2,1,4,1,"Gd",8,"Typ",1,"TA","BuiltIn",1997,"Fin",2,642,"TA","TA","Y",0,0,0,0,0,0,NA,NA,NA,0,11,2006,"WD","Normal",222000,"Train"
"931",931,20,"RL",73,8925,"Pave",NA,"IR1","HLS","AllPub","Inside","Gtl","Timber","Norm","Norm","1Fam","1Story","8","5",2007,2007,"Gable","CompShg","VinylSd","VinylSd","None",0,"Gd","TA","PConc","Gd","TA","Av","GLQ",16,"Unf",0,1450,1466,"GasA","Ex","Y","SBrkr",1466,0,0,1466,0,0,2,0,3,1,"Gd",7,"Typ",0,NA,"Attchd",2007,"Fin",3,610,"TA","TA","Y",100,18,0,0,0,0,NA,NA,NA,0,7,2009,"WD","Normal",201000,"Train"
"932",932,20,"RL",70,9100,"Pave",NA,"Reg","Lvl","AllPub","Inside","Gtl","NAmes","Norm","Norm","1Fam","1Story","5","6",1965,1965,"Gable","CompShg","VinylSd","VinylSd","None",0,"TA","TA","CBlock","TA","TA","No","BLQ",338,"Rec",466,121,925,"GasA","Ex","Y","SBrkr",925,0,0,925,0,1,1,0,2,1,"TA",5,"Typ",0,NA,"Detchd",1965,"Unf",1,429,"TA","TA","Y",0,0,0,0,0,0,NA,"GdWo",NA,0,7,2009,"WD","Normal",117500,"Train"
"933",933,20,"RL",84,11670,"Pave",NA,"IR1","Lvl","AllPub","Corner","Gtl","Somerst","RRNn","Norm","1Fam","1Story","9","5",2006,2006,"Hip","CompShg","VinylSd","ImStucc","Stone",302,"Ex","TA","PConc","Ex","Gd","No","Unf",0,"Unf",0,1905,1905,"GasA","Ex","Y","SBrkr",1905,0,0,1905,0,0,2,0,3,1,"Ex",8,"Typ",1,"Gd","Attchd",2006,"Fin",3,788,"TA","TA","Y",0,191,0,0,0,0,NA,NA,NA,0,3,2007,"WD","Normal",320000,"Train"
"934",934,20,"RL",63,8487,"Pave",NA,"Reg","Lvl","AllPub","FR2","Gtl","CollgCr","Norm","Norm","1Fam","1Story","7","5",2004,2004,"Gable","CompShg","VinylSd","VinylSd","BrkFace",210,"Gd","TA","PConc","Gd","TA","Av","GLQ",20,"Unf",0,1480,1500,"GasA","Ex","Y","SBrkr",1500,0,0,1500,0,0,2,0,3,1,"Gd",6,"Typ",0,NA,"Attchd",2004,"RFn",2,570,"TA","TA","Y",192,36,0,0,0,0,NA,NA,NA,0,8,2009,"WD","Normal",190000,"Train"
"935",935,20,"RL",313,27650,"Pave",NA,"IR2","HLS","AllPub","Inside","Mod","NAmes","PosA","Norm","1Fam","1Story","7","7",1960,2007,"Flat","Tar&Grv","Wd Sdng","Wd Sdng","None",0,"TA","TA","CBlock","Gd","TA","Gd","GLQ",425,"Unf",0,160,585,"GasA","Ex","Y","SBrkr",2069,0,0,2069,1,0,2,0,4,1,"Gd",9,"Typ",1,"Gd","Attchd",1960,"RFn",2,505,"TA","TA","Y",0,0,0,0,0,0,NA,NA,NA,0,11,2008,"WD","Normal",242000,"Train"
"936",936,30,"RL",52,5825,"Pave",NA,"IR1","Lvl","AllPub","Inside","Gtl","BrkSide","Norm","Norm","1Fam","1Story","4","5",1926,1953,"Gable","CompShg","MetalSd","MetalSd","BrkFace",108,"TA","Gd","PConc","Fa","TA","Mn","Unf",0,"Unf",0,600,600,"GasA","Gd","Y","SBrkr",747,0,0,747,0,0,1,0,1,1,"TA",5,"Typ",0,NA,"Detchd",1953,"Unf",2,528,"TA","TA","Y",0,0,32,0,0,0,NA,NA,NA,0,6,2006,"WD","Normal",79900,"Train"
"937",937,20,"RL",67,10083,"Pave",NA,"Reg","Lvl","AllPub","Inside","Gtl","SawyerW","Norm","Norm","1Fam","1Story","7","5",2003,2003,"Gable","CompShg","VinylSd","VinylSd",NA,NA,"Gd","TA","PConc","Gd","TA","No","GLQ",833,"Unf",0,343,1176,"GasA","Ex","Y","SBrkr",1200,0,0,1200,1,0,2,0,2,1,"Gd",5,"Typ",0,NA,"Attchd",2003,"RFn",2,555,"TA","TA","Y",0,41,0,0,0,0,NA,NA,NA,0,8,2009,"WD","Normal",184900,"Train"
"938",938,60,"RL",75,9675,"Pave",NA,"Reg","Lvl","AllPub","Inside","Gtl","Somerst","Norm","Norm","1Fam","2Story","7","5",2005,2005,"Gable","CompShg","VinylSd","VinylSd","None",0,"Gd","TA","PConc","Gd","TA","Mn","GLQ",341,"Unf",0,772,1113,"GasA","Ex","Y","SBrkr",1113,858,0,1971,0,0,2,1,3,1,"Gd",8,"Typ",1,"Gd","Attchd",2005,"RFn",2,689,"TA","TA","Y",0,48,0,0,0,0,NA,NA,NA,0,2,2009,"WD","Normal",253000,"Train"
"939",939,60,"RL",73,8760,"Pave",NA,"Reg","Lvl","AllPub","Inside","Gtl","CollgCr","Norm","Norm","1Fam","2Story","7","5",2006,2006,"Gable","CompShg","VinylSd","VinylSd","None",0,"Gd","TA","PConc","Gd","Gd","Mn","GLQ",464,"Unf",0,927,1391,"GasA","Ex","Y","SBrkr",1391,571,0,1962,0,0,2,1,3,1,"Gd",7,"Typ",0,NA,"Attchd",2006,"RFn",3,868,"TA","TA","Y",0,90,0,0,0,0,NA,NA,NA,0,8,2006,"New","Partial",239799,"Train"
"940",940,70,"RL",NA,24090,"Pave",NA,"Reg","Lvl","AllPub","Inside","Gtl","ClearCr","Norm","Norm","1Fam","2Story","7","7",1940,1950,"Gable","CompShg","MetalSd","MetalSd","None",0,"TA","Gd","CBlock","TA","TA","Mn","Unf",0,"Unf",0,1032,1032,"GasA","Ex","Y","SBrkr",1207,1196,0,2403,0,0,2,0,4,1,"TA",10,"Typ",2,"TA","Attchd",1940,"Unf",1,349,"TA","TA","Y",56,0,318,0,0,0,NA,NA,NA,0,6,2010,"COD","Normal",244400,"Train"
"941",941,90,"RL",55,12640,"Pave",NA,"IR1","Lvl","AllPub","Inside","Gtl","Mitchel","Norm","Norm","Duplex","1Story","6","5",1976,1976,"Gable","CompShg","Plywood","Plywood","None",0,"TA","TA","CBlock","TA","TA","Gd","Rec",936,"LwQ",396,396,1728,"GasA","TA","Y","SBrkr",1728,0,0,1728,0,0,2,0,4,2,"TA",8,"Typ",0,NA,"Attchd",1976,"Unf",2,574,"TA","TA","Y",40,0,0,0,0,0,NA,NA,NA,0,7,2006,"WD","Normal",150900,"Train"
"942",942,60,"RL",NA,8755,"Pave",NA,"IR1","Lvl","AllPub","FR2","Gtl","Gilbert","RRNn","Norm","1Fam","2Story","7","5",1999,1999,"Gable","CompShg","VinylSd","VinylSd","BrkFace",298,"Gd","TA","PConc","Gd","TA","No","ALQ",772,"Unf",0,220,992,"GasA","Ex","Y","SBrkr",1022,1038,0,2060,1,0,2,1,3,1,"Gd",8,"Typ",1,"TA","BuiltIn",1999,"RFn",2,390,"TA","TA","Y",0,0,0,168,0,0,NA,"GdPrv",NA,0,6,2009,"WD","Normal",214000,"Train"
"943",943,90,"RL",42,7711,"Pave",NA,"IR1","Lvl","AllPub","Inside","Gtl","Edwards","Norm","Norm","Duplex","1Story","4","3",1977,1977,"Gable","CompShg","MetalSd","MetalSd","None",0,"TA","TA","PConc","Gd","TA","Gd","GLQ",1440,"Unf",0,0,1440,"GasA","TA","Y","SBrkr",1440,0,0,1440,2,0,2,0,4,2,"TA",8,"Typ",0,NA,NA,NA,NA,0,0,NA,NA,"N",321,0,0,0,0,0,NA,NA,NA,0,8,2007,"Oth","Abnorml",150000,"Train"
"944",944,90,"RL",100,25000,"Pave",NA,"Reg","Low","AllPub","Inside","Gtl","Mitchel","Norm","Norm","Duplex","1Story","5","4",1967,1967,"Gable","CompShg","HdBoard","Plywood","None",0,"TA","TA","CBlock","TA","TA","Av","Unf",0,"Unf",0,1632,1632,"GasA","TA","Y","SBrkr",1632,0,0,1632,0,0,2,0,4,2,"TA",8,"Typ",0,NA,"Attchd",1967,"Unf",2,576,"TA","TA","P",0,0,0,0,0,0,NA,NA,NA,0,6,2007,"WD","Normal",143000,"Train"
"945",945,20,"RL",NA,14375,"Pave",NA,"IR1","Lvl","NoSeWa","CulDSac","Gtl","Timber","Norm","Norm","1Fam","SLvl","6","6",1958,1958,"Gable","CompShg","HdBoard","HdBoard","BrkFace",541,"TA","TA","CBlock","TA","TA","No","GLQ",111,"Rec",354,354,819,"GasA","Gd","Y","FuseA",1344,0,0,1344,0,1,1,0,3,1,"Gd",7,"Typ",1,"Gd","Basment",1958,"RFn",2,525,"TA","TA","Y",0,118,0,0,233,0,NA,NA,NA,0,1,2009,"COD","Abnorml",137500,"Train"
"946",946,50,"RM",98,8820,"Pave",NA,"Reg","Lvl","AllPub","Corner","Gtl","OldTown","Norm","Norm","1Fam","1.5Fin","5","6",1890,1996,"Hip","CompShg","VinylSd","VinylSd","None",0,"TA","TA","BrkTil","TA","TA","No","LwQ",1088,"Unf",0,0,1088,"GasA","TA","Y","SBrkr",1188,561,120,1869,0,0,1,0,2,1,"TA",7,"Typ",0,NA,"Detchd",1963,"Unf",2,456,"TA","TA","Y",48,0,244,0,0,0,NA,"MnWw",NA,0,9,2009,"WD","Normal",124900,"Train"
"947",947,80,"RL",70,8163,"Pave",NA,"Reg","Lvl","AllPub","Inside","Gtl","NAmes","Norm","Norm","1Fam","SLvl","5","6",1959,1959,"Gable","CompShg","HdBoard","HdBoard","BrkFace",128,"TA","Gd","CBlock","TA","TA","Av","ALQ",748,"BLQ",294,102,1144,"GasA","TA","Y","SBrkr",1144,0,0,1144,1,0,1,0,3,1,"TA",6,"Typ",1,"TA","Attchd",1959,"RFn",1,796,"TA","TA","Y",86,0,0,0,0,0,NA,NA,NA,0,3,2006,"WD","Normal",143000,"Train"
"948",948,20,"RL",85,14536,"Pave",NA,"Reg","Lvl","AllPub","Inside","Gtl","Timber","Norm","Norm","1Fam","1Story","8","5",2002,2003,"Hip","CompShg","VinylSd","VinylSd","BrkFace",236,"Gd","TA","PConc","Gd","TA","Av","GLQ",1300,"Unf",0,316,1616,"GasA","Ex","Y","SBrkr",1629,0,0,1629,1,0,2,0,3,1,"Gd",9,"Typ",1,"Gd","Attchd",2002,"Fin",3,808,"TA","TA","Y",0,252,0,0,0,0,NA,NA,NA,0,11,2007,"WD","Normal",270000,"Train"
"949",949,60,"RL",65,14006,"Pave",NA,"IR1","Lvl","AllPub","Inside","Gtl","CollgCr","Norm","Norm","1Fam","2Story","7","5",2002,2002,"Gable","CompShg","VinylSd","VinylSd","BrkFace",144,"Gd","TA","PConc","Gd","TA",NA,"Unf",0,"Unf",0,936,936,"GasA","Ex","Y","SBrkr",936,840,0,1776,0,0,2,1,3,1,"Gd",7,"Typ",1,"TA","Attchd",2002,"RFn",2,474,"TA","TA","Y",144,96,0,0,0,0,NA,NA,NA,0,2,2006,"WD","Normal",192500,"Train"
"950",950,20,"RL",78,9360,"Pave",NA,"Reg","Lvl","AllPub","Inside","Gtl","NWAmes","Norm","Norm","1Fam","1Story","6","7",1972,2006,"Hip","CompShg","Plywood","Plywood","None",0,"TA","TA","CBlock","TA","TA","No","ALQ",982,"Unf",0,179,1161,"GasA","TA","Y","SBrkr",1381,0,0,1381,1,0,1,1,3,1,"Gd",5,"Typ",1,"TA","Attchd",1972,"RFn",2,676,"TA","TA","Y",0,0,0,0,0,0,NA,NA,NA,0,3,2010,"WD","Normal",197500,"Train"
"951",951,20,"RL",60,7200,"Pave",NA,"Reg","Lvl","AllPub","Inside","Gtl","NAmes","Norm","Norm","1Fam","1Story","5","8",1950,2002,"Gable","CompShg","VinylSd","VinylSd","None",0,"TA","TA","CBlock","TA","TA","No","ALQ",398,"BLQ",149,317,864,"GasA","Gd","Y","SBrkr",864,0,0,864,1,0,1,0,3,1,"Gd",5,"Typ",0,NA,"Detchd",1980,"RFn",2,720,"TA","TA","Y",194,0,0,0,0,0,NA,NA,NA,0,7,2007,"WD","Normal",129000,"Train"
"952",952,20,"RH",60,7800,"Pave",NA,"Reg","Lvl","AllPub","Corner","Gtl","SawyerW","Norm","Norm","1Fam","1Story","5","5",1965,1965,"Gable","CompShg","VinylSd","VinylSd","None",0,"TA","TA","CBlock","TA","TA","No","BLQ",641,"Unf",0,187,828,"GasA","Gd","Y","SBrkr",965,0,0,965,1,0,1,0,3,1,"TA",6,"Typ",0,NA,"Detchd",1979,"Unf",1,300,"TA","TA","Y",421,0,0,0,0,0,NA,"MnPrv",NA,0,7,2006,"WD","Abnorml",119900,"Train"
"953",953,85,"RL",60,7200,"Pave",NA,"Reg","Lvl","AllPub","Inside","Gtl","CollgCr","Norm","Norm","1Fam","SFoyer","5","8",1972,2003,"Gable","CompShg","WdShing","HdBoard","None",0,"TA","Gd","CBlock","Gd","TA","Av","GLQ",660,"Unf",0,108,768,"GasA","Gd","Y","SBrkr",768,0,0,768,0,1,1,0,2,1,"TA",5,"Typ",0,NA,"Detchd",1974,"Fin",1,396,"TA","TA","Y",192,0,0,0,0,0,NA,"MnPrv",NA,0,4,2009,"WD","Normal",133900,"Train"
"954",954,60,"RL",NA,11075,"Pave",NA,"IR1","Lvl","AllPub","Inside","Mod","Mitchel","Norm","Norm","1Fam","2Story","5","4",1969,1969,"Gable","CompShg","HdBoard","HdBoard","BrkFace",232,"TA","TA","CBlock","TA","TA","Av","ALQ",562,"LwQ",193,29,784,"GasA","Ex","Y","SBrkr",1168,800,0,1968,0,1,2,1,4,1,"TA",7,"Min2",1,"Po","Attchd",1969,"RFn",2,530,"TA","TA","Y",305,189,0,0,0,0,NA,"MnPrv","Shed",400,9,2008,"WD","Normal",172000,"Train"
"955",955,90,"RL",35,9400,"Pave",NA,"IR1","Lvl","AllPub","CulDSac","Gtl","Edwards","Norm","Norm","Duplex","SFoyer","6","5",1975,1975,"Flat","Tar&Grv","WdShing","Plywood","BrkFace",250,"TA","TA","CBlock","Gd","Gd","Gd","GLQ",945,"Unf",0,0,945,"GasA","TA","Y","SBrkr",980,0,0,980,0,2,2,0,4,0,"TA",4,"Typ",0,NA,NA,NA,NA,0,0,NA,NA,"Y",0,0,0,0,0,0,NA,NA,NA,0,10,2006,"WD","AdjLand",127500,"Train"
"956",956,90,"RH",82,7136,"Pave",NA,"IR1","HLS","AllPub","Inside","Gtl","Crawfor","Norm","Norm","Duplex","2Story","6","6",1946,1950,"Gable","CompShg","MetalSd","MetalSd","BrkFace",423,"TA","TA","CBlock","Gd","TA","No","Rec",484,"Unf",0,495,979,"GasA","TA","N","FuseF",979,979,0,1958,0,0,2,0,4,2,"TA",8,"Typ",0,NA,"Attchd",1946,"Unf",2,492,"TA","TA","Y",0,0,0,0,0,0,NA,NA,NA,0,8,2007,"WD","Normal",145000,"Train"
"957",957,160,"RM",24,1300,"Pave",NA,"Reg","Lvl","AllPub","Inside","Gtl","Blueste","Norm","Norm","TwnhsE","2Story","6","6",1980,1980,"Gable","CompShg","MetalSd","MetalSd","None",0,"TA","TA","CBlock","Gd","TA","No","ALQ",285,"Unf",0,276,561,"GasA","TA","Y","SBrkr",561,668,0,1229,0,0,1,1,2,1,"TA",5,"Typ",1,"TA","Attchd",1980,"Fin",2,462,"TA","TA","Y",150,0,0,0,0,0,NA,"GdPrv",NA,0,5,2009,"WD","Normal",124000,"Train"
"958",958,20,"RL",70,7420,"Pave",NA,"Reg","Lvl","AllPub","Inside","Gtl","Sawyer","Norm","Norm","1Fam","1Story","5","5",1962,1962,"Hip","CompShg","MetalSd","MetalSd","None",0,"TA","TA","CBlock","TA","TA","No","Rec",417,"Unf",0,640,1057,"GasA","TA","Y","SBrkr",1057,0,0,1057,0,0,1,0,3,1,"TA",6,"Typ",0,NA,"Detchd",1977,"Fin",2,576,"TA","TA","Y",0,0,0,0,0,0,NA,NA,NA,0,4,2007,"WD","Normal",132000,"Train"
"959",959,20,"RL",65,8450,"Pave",NA,"Reg","Lvl","AllPub","Inside","Gtl","CollgCr","Norm","Norm","1Fam","1Story","7","5",2003,2003,"Gable","CompShg","VinylSd","VinylSd","None",0,"Gd","TA","PConc","Gd","TA","Mn","GLQ",699,"Unf",0,638,1337,"GasA","Ex","Y","SBrkr",1337,0,0,1337,1,0,2,0,3,1,"Gd",6,"Typ",0,NA,"Attchd",2003,"RFn",2,531,"TA","TA","Y",0,39,0,0,0,0,NA,NA,NA,0,10,2007,"WD","Normal",185000,"Train"
"960",960,160,"FV",24,2572,"Pave",NA,"Reg","Lvl","AllPub","FR2","Gtl","Somerst","Norm","Norm","Twnhs","2Story","7","5",1999,1999,"Hip","CompShg","MetalSd","MetalSd","None",0,"Gd","TA","PConc","Gd","TA","No","ALQ",604,"Unf",0,92,696,"GasA","Ex","Y","SBrkr",696,720,0,1416,1,0,2,1,3,1,"Gd",6,"Typ",0,NA,"Detchd",1999,"Unf",2,484,"TA","TA","Y",0,44,0,0,0,0,NA,NA,NA,0,5,2010,"WD","Normal",155000,"Train"
"961",961,20,"RL",50,7207,"Pave",NA,"IR1","Lvl","AllPub","Inside","Gtl","BrkSide","Norm","Norm","1Fam","1Story","5","7",1958,2008,"Gable","CompShg","Wd Sdng","Plywood","None",0,"TA","Gd","CBlock","TA","TA","Gd","BLQ",696,"Unf",0,162,858,"GasA","Gd","Y","SBrkr",858,0,0,858,1,0,1,0,2,1,"TA",4,"Typ",0,NA,NA,NA,NA,0,0,NA,NA,"Y",117,0,0,0,0,0,NA,NA,NA,0,2,2010,"WD","Normal",116500,"Train"
"962",962,60,"RL",NA,12227,"Pave",NA,"IR1","Lvl","AllPub","Corner","Gtl","NWAmes","PosN","Norm","1Fam","2Story","6","7",1977,1995,"Gable","CompShg","HdBoard","HdBoard","BrkFace",424,"TA","Gd","CBlock","Gd","Gd","No","ALQ",896,"Unf",0,434,1330,"GasA","TA","Y","SBrkr",1542,1330,0,2872,1,0,2,1,4,1,"TA",11,"Typ",1,"TA","Attchd",1977,"Fin",2,619,"TA","TA","Y",550,282,0,0,0,0,NA,NA,NA,0,7,2008,"WD","Normal",272000,"Train"
"963",963,160,"RL",24,2308,"Pave",NA,"Reg","Lvl","AllPub","Corner","Gtl","NPkVill","Norm","Norm","TwnhsE","2Story","6","6",1976,1976,"Gable","CompShg","Plywood","Brk Cmn","None",0,"TA","TA","CBlock","Gd","TA","No","ALQ",556,"Unf",0,248,804,"GasA","TA","Y","SBrkr",804,744,0,1548,1,0,2,1,3,1,"Gd",7,"Typ",1,"TA","Detchd",1976,"Unf",2,440,"TA","TA","Y",48,0,0,0,0,0,NA,NA,NA,0,7,2007,"WD","Normal",155000,"Train"
"964",964,20,"RL",122,11923,"Pave",NA,"IR1","Lvl","AllPub","Corner","Gtl","CollgCr","Norm","Norm","1Fam","1Story","9","5",2007,2007,"Gable","CompShg","VinylSd","VinylSd","None",0,"Gd","TA","PConc","Ex","TA","No","Unf",0,"Unf",0,1800,1800,"GasA","Ex","Y","SBrkr",1800,0,0,1800,0,0,2,0,2,1,"Ex",7,"Typ",0,NA,"Attchd",2007,"Fin",2,702,"TA","TA","Y",288,136,0,0,0,0,NA,NA,NA,0,5,2009,"WD","Normal",239000,"Train"
"965",965,60,"RL",80,11316,"Pave",NA,"Reg","Lvl","AllPub","Corner","Gtl","Timber","Norm","Norm","1Fam","2Story","7","5",2002,2003,"Gable","CompShg","VinylSd","VinylSd","BrkFace",44,"Gd","TA","PConc","Gd","TA","No","GLQ",624,"Unf",0,193,817,"GasA","Ex","Y","SBrkr",824,1070,0,1894,1,0,2,1,4,1,"Gd",8,"Typ",1,"Gd","BuiltIn",2002,"Fin",2,510,"TA","TA","Y",0,40,0,0,0,0,NA,NA,NA,0,2,2010,"WD","Normal",214900,"Train"
"966",966,60,"RL",65,10237,"Pave",NA,"Reg","Lvl","AllPub","Inside","Gtl","Gilbert","RRAn","Norm","1Fam","2Story","6","5",2005,2007,"Gable","CompShg","VinylSd","VinylSd","None",0,"Gd","TA","PConc","Gd","TA","No","Unf",0,"Unf",0,783,783,"GasA","Ex","Y","SBrkr",783,701,0,1484,0,0,2,1,3,1,"Gd",8,"Typ",1,"Gd","Attchd",2005,"Fin",2,393,"TA","TA","Y",0,72,0,0,0,0,NA,NA,NA,0,7,2007,"New","Partial",178900,"Train"
"967",967,50,"RL",130,9600,"Pave",NA,"IR1","HLS","AllPub","Inside","Gtl","Crawfor","Norm","Norm","1Fam","1.5Fin","5","7",1940,1950,"Gable","CompShg","MetalSd","MetalSd","None",0,"Gd","Gd","BrkTil","TA","Fa","No","Rec",428,"Unf",0,300,728,"GasA","Ex","Y","SBrkr",976,332,0,1308,1,0,1,1,2,1,"TA",7,"Min2",2,"TA","Detchd",1940,"Unf",1,256,"TA","TA","Y",0,70,0,0,0,0,NA,NA,NA,0,6,2009,"WD","Normal",160000,"Train"
"968",968,20,"RL",NA,7390,"Pave",NA,"IR1","Lvl","AllPub","Inside","Gtl","NAmes","Norm","Norm","1Fam","1Story","5","7",1955,1955,"Hip","CompShg","Wd Sdng","Wd Sdng","BrkFace",151,"TA","TA","CBlock","TA","TA","No","ALQ",902,"Unf",0,196,1098,"GasA","TA","Y","SBrkr",1098,0,0,1098,1,0,1,0,3,1,"TA",6,"Typ",0,NA,"Attchd",1955,"Unf",1,260,"TA","TA","Y",0,0,0,0,0,0,NA,NA,NA,0,7,2008,"WD","Normal",135000,"Train"
"969",969,50,"RM",50,5925,"Pave",NA,"Reg","Lvl","AllPub","Inside","Gtl","OldTown","Norm","Norm","1Fam","1.5Fin","3","6",1910,1950,"Gable","CompShg","VinylSd","VinylSd","None",0,"TA","TA","BrkTil","TA","TA","No","Unf",0,"Unf",0,600,600,"Grav","Fa","N","SBrkr",600,368,0,968,0,0,1,0,2,1,"TA",6,"Typ",0,NA,NA,NA,NA,0,0,NA,NA,"Y",0,0,0,0,0,0,NA,"GdWo",NA,0,5,2009,"WD","Abnorml",37900,"Train"
"970",970,190,"RL",75,10382,"Pave",NA,"Reg","Lvl","AllPub","Inside","Gtl","NAmes","Norm","Norm","2fmCon","SLvl","6","5",1958,1958,"Hip","CompShg","HdBoard","HdBoard","BrkFace",105,"TA","Fa","CBlock","TA","TA","Gd","ALQ",513,"Unf",0,75,588,"GasA","TA","Y","SBrkr",1095,0,0,1095,1,0,1,0,2,1,"TA",6,"Typ",0,NA,"Attchd",1958,"RFn",1,264,"TA","TA","Y",0,0,0,0,0,0,NA,NA,NA,0,3,2006,"ConLD","Normal",140000,"Train"
"971",971,50,"RL",60,10800,"Pave",NA,"Reg","Lvl","AllPub","Inside","Gtl","NAmes","Norm","Norm","1Fam","1.5Fin","4","4",1949,1950,"Gable","CompShg","AsbShng","AsbShng","None",0,"TA","TA","CBlock","TA","TA","No","Unf",0,"Unf",0,720,720,"GasA","TA","N","FuseA",720,472,0,1192,0,0,1,1,4,1,"TA",6,"Typ",0,NA,NA,NA,NA,0,0,NA,NA,"Y",0,0,0,0,0,0,NA,NA,NA,0,12,2006,"WD","Abnorml",135000,"Train"
"972",972,160,"RL",36,2268,"Pave",NA,"Reg","Lvl","AllPub","Inside","Gtl","NridgHt","Norm","Norm","Twnhs","2Story","7","5",2003,2004,"Gable","CompShg","VinylSd","Wd Shng","Stone",106,"Gd","TA","PConc","Gd","TA","No","GLQ",567,"Unf",0,197,764,"GasA","Ex","Y","SBrkr",764,862,0,1626,0,0,2,0,2,1,"Gd",6,"Typ",0,NA,"BuiltIn",2003,"RFn",2,474,"TA","TA","Y",0,27,0,0,0,0,NA,NA,NA,0,7,2009,"WD","Normal",173000,"Train"
"973",973,120,"RL",55,7892,"Pave",NA,"Reg","Lvl","AllPub","Inside","Gtl","SawyerW","Norm","Norm","TwnhsE","1Story","6","5",1979,1979,"Gable","CompShg","Plywood","Plywood","None",0,"TA","TA","CBlock","Gd","TA","No","Unf",0,"Unf",0,918,918,"GasA","TA","Y","SBrkr",918,0,0,918,0,0,2,0,2,1,"TA",5,"Typ",1,"TA","Attchd",1979,"Unf",1,264,"TA","TA","Y",28,0,0,0,0,0,NA,NA,NA,0,4,2010,"WD","Normal",99500,"Train"
"974",974,20,"FV",95,11639,"Pave",NA,"Reg","Lvl","AllPub","Corner","Gtl","Somerst","Norm","Norm","1Fam","1Story","7","5",2007,2008,"Gable","CompShg","CemntBd","CmentBd",NA,NA,"Gd","TA","PConc","Gd","TA","No","Unf",0,"Unf",0,1428,1428,"GasA","Ex","Y","SBrkr",1428,0,0,1428,0,0,2,0,3,1,"Gd",6,"Typ",0,NA,"Attchd",2007,"Fin",2,480,"TA","TA","Y",0,120,0,0,0,0,NA,NA,NA,0,12,2008,"New","Partial",182000,"Train"
"975",975,70,"RL",60,11414,"Pave",NA,"IR1","Lvl","AllPub","Corner","Gtl","BrkSide","RRAn","Feedr","1Fam","2Story","7","8",1910,1993,"Gable","CompShg","HdBoard","HdBoard","None",0,"TA","Gd","BrkTil","Gd","TA","No","Unf",0,"Unf",0,728,728,"GasA","TA","N","SBrkr",1136,883,0,2019,0,0,1,0,3,1,"Gd",8,"Typ",0,NA,"Detchd",1997,"Unf",2,532,"TA","TA","Y",509,135,0,0,0,0,NA,"GdPrv",NA,0,10,2009,"WD","Normal",167500,"Train"
"976",976,160,"FV",NA,2651,"Pave",NA,"Reg","Lvl","AllPub","FR2","Gtl","Somerst","Norm","Norm","Twnhs","2Story","7","5",2000,2000,"Gable","CompShg","MetalSd","MetalSd","None",0,"Gd","TA","PConc","Gd","TA","No","GLQ",641,"Unf",0,32,673,"GasA","Ex","Y","SBrkr",673,709,0,1382,1,0,2,1,3,1,"Gd",6,"Typ",0,NA,"Detchd",2000,"Unf",2,490,"TA","TA","Y",153,50,0,0,0,0,NA,NA,NA,0,4,2006,"WD","Normal",165000,"Train"
"977",977,30,"RL",51,5900,"Pave",NA,"IR1","Bnk","AllPub","Inside","Gtl","BrkSide","Norm","Norm","1Fam","1Story","4","7",1923,1958,"Gable","CompShg","Wd Sdng","Wd Sdng","None",0,"TA","TA","PConc","Gd","TA","No","Unf",0,"Unf",0,440,440,"GasA","TA","Y","FuseA",869,0,0,869,0,0,1,0,2,1,"Fa",4,"Typ",0,NA,NA,NA,NA,0,0,NA,NA,"Y",0,0,0,0,0,0,NA,NA,NA,0,8,2006,"WD","Normal",85500,"Train"
"978",978,120,"FV",35,4274,"Pave","Pave","IR1","Lvl","AllPub","Inside","Gtl","Somerst","Norm","Norm","TwnhsE","1Story","7","5",2006,2007,"Gable","CompShg","VinylSd","VinylSd",NA,NA,"Gd","TA","PConc","Gd","TA","No","GLQ",1106,"Unf",0,135,1241,"GasA","Ex","Y","SBrkr",1241,0,0,1241,1,0,1,1,1,1,"Gd",4,"Typ",0,NA,"Attchd",2007,"Fin",2,569,"TA","TA","Y",0,116,0,0,0,0,NA,NA,NA,0,11,2007,"New","Partial",199900,"Train"
"979",979,20,"RL",68,9450,"Pave",NA,"Reg","Bnk","AllPub","Inside","Mod","Edwards","Norm","Norm","1Fam","1Story","4","5",1954,1954,"Gable","CompShg","MetalSd","MetalSd","None",0,"TA","TA","CBlock","TA","TA","No","LwQ",552,"Unf",0,342,894,"GasA","Ex","Y","SBrkr",894,0,0,894,0,0,1,0,3,1,"TA",5,"Typ",0,NA,"Detchd",1999,"Unf",2,400,"TA","TA","Y",0,0,0,0,0,0,NA,NA,NA,0,5,2007,"WD","Abnorml",110000,"Train"
"980",980,20,"RL",80,8816,"Pave",NA,"Reg","Lvl","AllPub","Corner","Gtl","Sawyer","Feedr","Norm","1Fam","1Story","5","6",1963,1963,"Gable","CompShg","VinylSd","VinylSd","None",0,"TA","TA","PConc","TA","TA","No","Rec",651,"Unf",0,470,1121,"GasA","TA","Y","SBrkr",1121,0,0,1121,1,0,1,0,3,1,"TA",5,"Typ",0,NA,"Detchd",1963,"Unf",2,480,"TA","TA","Y",0,80,0,0,0,0,NA,"MnPrv",NA,0,6,2009,"WD","Normal",139000,"Train"
"981",981,85,"RL",NA,12122,"Pave",NA,"IR1","Lvl","AllPub","Corner","Gtl","NAmes","Norm","Norm","1Fam","SFoyer","7","9",1961,2007,"Gable","CompShg","CemntBd","CmentBd","Stone",210,"Ex","TA","CBlock","TA","TA","Av","ALQ",867,"Unf",0,77,944,"GasA","Gd","Y","SBrkr",999,0,0,999,1,0,1,0,3,1,"Ex",6,"Typ",0,NA,"Attchd",1961,"RFn",2,588,"TA","TA","Y",144,76,0,0,0,0,NA,NA,NA,0,7,2008,"WD","Normal",178400,"Train"
"982",982,60,"RL",98,12203,"Pave",NA,"IR1","Lvl","AllPub","Corner","Gtl","NoRidge","Norm","Norm","1Fam","2Story","8","5",1998,1999,"Hip","CompShg","VinylSd","VinylSd","BrkFace",975,"Gd","TA","PConc","Gd","TA","No","GLQ",854,"Unf",0,371,1225,"GasA","Ex","Y","SBrkr",1276,1336,0,2612,1,0,2,1,4,1,"Gd",8,"Typ",1,"TA","Attchd",1998,"Fin",3,676,"TA","TA","Y",250,0,0,0,0,0,NA,NA,NA,0,7,2009,"WD","Normal",336000,"Train"
"983",983,20,"RL",43,3182,"Pave",NA,"Reg","Lvl","AllPub","Inside","Gtl","Blmngtn","Norm","Norm","1Fam","1Story","7","5",2007,2007,"Gable","CompShg","VinylSd","VinylSd","BrkFace",16,"Gd","TA","PConc","Gd","TA","Av","Unf",0,"Unf",0,1266,1266,"GasA","Ex","Y","SBrkr",1266,0,0,1266,0,0,2,0,2,1,"Gd",6,"Typ",1,"Gd","Attchd",2007,"Fin",2,388,"TA","TA","Y",100,16,0,0,0,0,NA,NA,NA,0,3,2008,"WD","Normal",159895,"Train"
"984",984,60,"RL",NA,11250,"Pave",NA,"Reg","Lvl","AllPub","Corner","Gtl","CollgCr","Norm","Norm","1Fam","2Story","8","5",2002,2002,"Gable","CompShg","CemntBd","CmentBd","None",0,"Gd","TA","PConc","Gd","TA","Mn","Unf",0,"Unf",0,1128,1128,"GasA","Ex","Y","SBrkr",1149,1141,0,2290,0,0,2,1,4,1,"Gd",9,"Typ",1,"Gd","Attchd",2002,"Unf",2,779,"TA","TA","Y",0,0,0,0,0,0,NA,NA,NA,0,5,2008,"WD","Normal",255900,"Train"
"985",985,90,"RL",75,10125,"Pave",NA,"Reg","Lvl","AllPub","Inside","Gtl","Mitchel","Norm","Norm","Duplex","1.5Fin","5","5",1977,1977,"Gable","CompShg","Plywood","Plywood","None",0,"TA","TA","CBlock",NA,NA,NA,NA,0,NA,0,0,0,"GasA","TA","Y","SBrkr",1302,432,0,1734,0,0,2,0,4,2,"Gd",8,"Typ",0,NA,"Attchd",1977,"Unf",2,539,"TA","TA","Y",0,0,0,0,0,0,NA,NA,NA,0,8,2009,"COD","Normal",126000,"Train"
"986",986,190,"RL",68,10880,"Pave",NA,"Reg","Lvl","AllPub","Inside","Gtl","Edwards","Norm","Norm","2fmCon","1Story","5","5",1950,1950,"Gable","CompShg","MetalSd","MetalSd","None",0,"TA","TA","CBlock","TA","TA","No","ALQ",1040,"Unf",0,124,1164,"GasW","TA","N","SBrkr",1164,0,0,1164,1,0,1,0,3,1,"TA",5,"Typ",0,NA,"Detchd",1950,"Unf",1,240,"TA","TA","Y",0,48,0,0,0,0,NA,NA,NA,0,8,2008,"ConLD","Normal",125000,"Train"
"987",987,50,"RM",59,5310,"Pave",NA,"Reg","Lvl","AllPub","Corner","Gtl","OldTown","Feedr","Norm","1Fam","1.5Fin","6","8",1910,2003,"Hip","CompShg","VinylSd","VinylSd","None",0,"TA","Gd","CBlock","TA","Fa","No","Unf",0,"Unf",0,485,485,"GasA","Gd","Y","SBrkr",1001,634,0,1635,0,0,1,0,2,1,"Gd",5,"Typ",0,NA,"Attchd",1950,"Unf",1,255,"Fa","TA","Y",394,0,0,0,0,0,NA,NA,NA,0,6,2006,"WD","Normal",117000,"Train"
"988",988,20,"RL",83,10159,"Pave",NA,"IR1","Lvl","AllPub","Inside","Gtl","NridgHt","Norm","Norm","1Fam","1Story","9","5",2009,2010,"Hip","CompShg","VinylSd","VinylSd","Stone",450,"Ex","TA","PConc","Ex","TA","Av","GLQ",1646,"Unf",0,284,1930,"GasA","Ex","Y","SBrkr",1940,0,0,1940,1,0,2,1,3,1,"Ex",8,"Typ",1,"Gd","Attchd",2010,"Fin",3,606,"TA","TA","Y",168,95,0,0,0,0,NA,NA,NA,0,4,2010,"New","Partial",395192,"Train"
"989",989,60,"RL",NA,12046,"Pave",NA,"IR1","Lvl","AllPub","Inside","Gtl","NWAmes","Norm","Norm","1Fam","2Story","6","6",1976,1976,"Gable","CompShg","Plywood","Plywood","BrkFace",298,"TA","TA","CBlock","TA","TA","No","LwQ",156,"Unf",0,692,848,"GasA","TA","Y","SBrkr",1118,912,0,2030,0,0,2,1,4,1,"Gd",8,"Typ",1,"TA","Attchd",1976,"Fin",2,551,"TA","TA","Y",0,224,0,0,0,0,NA,NA,NA,0,6,2007,"WD","Normal",195000,"Train"
"990",990,60,"FV",65,8125,"Pave",NA,"Reg","Lvl","AllPub","Inside","Gtl","Somerst","Norm","Norm","1Fam","2Story","7","5",2006,2006,"Gable","CompShg","VinylSd","VinylSd","None",0,"Gd","TA","PConc","Gd","Gd","No","Unf",0,"Unf",0,770,770,"GasA","Ex","Y","SBrkr",778,798,0,1576,0,0,2,1,3,1,"Gd",6,"Typ",0,NA,"Attchd",2006,"RFn",2,614,"TA","TA","Y",0,50,0,0,0,0,NA,NA,NA,0,8,2006,"New","Partial",197000,"Train"
"991",991,60,"RL",82,9452,"Pave",NA,"Reg","Lvl","AllPub","Inside","Gtl","NoRidge","Norm","Norm","1Fam","2Story","8","5",1997,1998,"Gable","CompShg","VinylSd","VinylSd","BrkFace",423,"Gd","TA","PConc","Gd","TA","No","GLQ",1074,"Unf",0,322,1396,"GasA","Ex","Y","SBrkr",1407,985,0,2392,1,0,2,1,3,1,"Gd",7,"Typ",1,"TA","Attchd",1997,"Fin",3,870,"TA","TA","Y",0,70,0,0,0,0,NA,NA,NA,0,6,2006,"WD","Normal",348000,"Train"
"992",992,70,"RM",121,17671,"Pave","Grvl","Reg","Lvl","AllPub","Corner","Gtl","OldTown","Artery","Norm","1Fam","2Story","8","9",1882,1986,"Gable","CompShg","Wd Sdng","Wd Sdng","None",0,"Gd","Gd","BrkTil","TA","TA","No","BLQ",216,"Unf",0,700,916,"GasA","Gd","Y","SBrkr",916,826,0,1742,0,0,1,1,4,1,"Gd",8,"Typ",1,"Gd","Attchd",1925,"Unf",2,424,"TA","TA","P",0,169,0,0,0,0,NA,NA,NA,0,11,2009,"WD","Normal",168000,"Train"
"993",993,60,"RL",80,9760,"Pave",NA,"Reg","Lvl","AllPub","Inside","Mod","NAmes","Norm","Norm","1Fam","2Story","6","8",1964,1993,"Hip","CompShg","Wd Sdng","Wd Sdng","BrkFace",340,"TA","TA","CBlock","TA","TA","Gd","BLQ",536,"Rec",117,169,822,"GasA","Gd","Y","SBrkr",1020,831,0,1851,0,0,2,1,3,1,"Gd",7,"Typ",1,"Fa","Attchd",1964,"RFn",2,440,"TA","TA","Y",239,42,0,0,0,0,NA,"MnWw",NA,0,7,2007,"WD","Normal",187000,"Train"
"994",994,60,"RL",68,8846,"Pave",NA,"Reg","Lvl","AllPub","Inside","Gtl","CollgCr","Norm","Norm","1Fam","2Story","6","5",2005,2006,"Gable","CompShg","VinylSd","VinylSd","None",0,"TA","TA","PConc","Gd","TA","No","Unf",0,"Unf",0,750,750,"GasA","Ex","Y","SBrkr",750,750,0,1500,0,0,2,1,3,1,"Gd",6,"Typ",0,NA,"Attchd",2005,"RFn",2,564,"TA","TA","Y",0,35,0,0,0,0,NA,NA,NA,0,8,2006,"New","Partial",173900,"Train"
"995",995,20,"RL",96,12456,"Pave",NA,"Reg","Lvl","AllPub","FR2","Gtl","NridgHt","Norm","Norm","1Fam","1Story","10","5",2006,2007,"Hip","CompShg","CemntBd","CmentBd","Stone",230,"Ex","TA","PConc","Ex","TA","Gd","GLQ",1172,"Unf",0,528,1700,"GasA","Ex","Y","SBrkr",1718,0,0,1718,1,0,2,0,3,1,"Ex",7,"Typ",1,"Gd","Attchd",2008,"Fin",3,786,"TA","TA","Y",216,48,0,0,0,0,NA,NA,NA,0,7,2009,"WD","Normal",337500,"Train"
"996",996,50,"RL",51,4712,"Pave",NA,"IR1","Lvl","AllPub","Inside","Mod","BrkSide","Feedr","Norm","1Fam","1.5Fin","4","7",1946,1950,"Gable","CompShg","MetalSd","MetalSd","None",0,"TA","TA","CBlock","TA","TA","No","ALQ",384,"Unf",0,363,747,"GasA","TA","Y","SBrkr",774,456,0,1230,1,0,1,1,3,1,"TA",5,"Typ",0,NA,"Detchd",1946,"Unf",1,305,"TA","TA","Y",0,57,0,0,63,0,NA,"MnPrv",NA,0,8,2006,"WD","Abnorml",121600,"Train"
"997",997,20,"RL",NA,10659,"Pave",NA,"IR1","Lvl","AllPub","Inside","Gtl","NAmes","Norm","Norm","1Fam","1Story","5","6",1961,1961,"Hip","CompShg","Wd Sdng","Wd Sdng","None",0,"TA","TA","CBlock","TA","TA","No","Rec",915,"Unf",0,135,1050,"GasA","TA","Y","SBrkr",1050,0,0,1050,1,0,1,0,3,1,"TA",6,"Typ",0,NA,"Attchd",1961,"Unf",1,368,"TA","TA","Y",0,319,0,0,0,0,NA,NA,NA,0,1,2006,"COD","Normal",136500,"Train"
"998",998,20,"RL",NA,11717,"Pave",NA,"IR1","Lvl","AllPub","Inside","Gtl","NWAmes","PosA","Norm","1Fam","1Story","6","6",1970,1970,"Hip","CompShg","HdBoard","HdBoard","BrkFace",571,"TA","TA","CBlock","TA","TA","No","Unf",0,"Unf",0,1442,1442,"GasA","TA","Y","SBrkr",1442,0,0,1442,0,0,2,0,2,1,"TA",6,"Typ",1,"TA","Attchd",1970,"RFn",2,615,"TA","TA","Y",371,0,0,0,0,0,NA,NA,NA,0,2,2009,"WD","Normal",185000,"Train"
"999",999,30,"RM",60,9786,"Pave",NA,"Reg","Lvl","AllPub","Inside","Gtl","IDOTRR","Norm","Norm","1Fam","1Story","3","4",1922,1950,"Hip","CompShg","Wd Sdng","Wd Sdng","None",0,"TA","TA","BrkTil","TA","Fa","No","Unf",0,"Unf",0,1007,1007,"GasA","Fa","N","SBrkr",1077,0,0,1077,0,0,1,0,3,1,"TA",6,"Typ",1,"Gd","Detchd",1922,"Unf",1,210,"TA","Fa","P",0,100,48,0,0,0,NA,NA,NA,0,5,2006,"WD","Normal",91000,"Train"
"1000",1000,20,"RL",64,6762,"Pave",NA,"Reg","Lvl","AllPub","Inside","Gtl","CollgCr","Norm","Norm","1Fam","1Story","7","5",2006,2006,"Gable","CompShg","VinylSd","VinylSd","Stone",24,"Gd","TA","PConc","Gd","TA","Av","GLQ",686,"Unf",0,501,1187,"GasA","Ex","Y","SBrkr",1208,0,0,1208,1,0,2,0,2,1,"Gd",6,"Typ",0,NA,"Attchd",2006,"RFn",2,632,"TA","TA","Y",105,61,0,0,0,0,NA,NA,NA,0,2,2010,"WD","Normal",206000,"Train"
"1001",1001,20,"RL",74,10206,"Pave",NA,"Reg","Lvl","AllPub","Corner","Gtl","Edwards","Norm","Norm","1Fam","1Story","3","3",1952,1952,"Flat","Tar&Grv","BrkComm","Brk Cmn","None",0,"TA","TA","Slab",NA,NA,NA,NA,0,NA,0,0,0,"GasW","Fa","N","FuseF",944,0,0,944,0,0,1,0,2,1,"Fa",4,"Min1",0,NA,"Detchd",1956,"Unf",2,528,"TA","Fa","Y",0,0,0,0,0,0,NA,NA,NA,0,7,2009,"WD","Normal",82000,"Train"
"1002",1002,30,"RL",60,5400,"Pave",NA,"Reg","Lvl","AllPub","Corner","Gtl","OldTown","Norm","Norm","1Fam","1Story","5","6",1920,1950,"Gable","CompShg","Wd Sdng","Wd Sdng","None",0,"TA","TA","BrkTil","Fa","TA","No","Unf",0,"Unf",0,691,691,"GasA","Ex","Y","FuseA",691,0,0,691,0,0,1,0,2,1,"Ex",4,"Typ",0,NA,"Detchd",1920,"Unf",1,216,"Fa","TA","N",0,20,94,0,0,0,NA,NA,NA,0,1,2007,"WD","Abnorml",86000,"Train"
"1003",1003,20,"RL",75,11957,"Pave",NA,"IR1","Lvl","AllPub","Inside","Gtl","Somerst","RRAn","Norm","1Fam","1Story","8","5",2006,2006,"Gable","CompShg","VinylSd","VinylSd","BrkFace",53,"Gd","TA","PConc","Gd","TA","No","GLQ",24,"Unf",0,1550,1574,"GasA","Ex","Y","SBrkr",1574,0,0,1574,0,0,2,0,3,1,"Gd",7,"Typ",1,"Gd","Attchd",2006,"RFn",3,824,"TA","TA","Y",144,104,0,0,0,0,NA,NA,NA,0,7,2008,"WD","Normal",232000,"Train"
"1004",1004,90,"RL",NA,11500,"Pave",NA,"IR1","Lvl","AllPub","Corner","Gtl","NWAmes","Feedr","RRAn","Duplex","1Story","5","6",1976,1976,"Gable","CompShg","VinylSd","VinylSd","BrkFace",164,"TA","TA","CBlock","TA","TA","No","Unf",0,"Unf",0,1680,1680,"GasA","Fa","Y","SBrkr",1680,0,0,1680,0,0,2,0,4,2,"TA",8,"Typ",0,NA,"Detchd",1976,"Unf",2,528,"TA","TA","Y",0,0,0,0,0,0,NA,NA,NA,0,6,2007,"WD","Normal",136905,"Train"
"1005",1005,120,"RL",43,3182,"Pave",NA,"Reg","Lvl","AllPub","Inside","Gtl","Blmngtn","Norm","Norm","TwnhsE","1Story","7","5",2005,2006,"Gable","CompShg","VinylSd","VinylSd","BrkFace",16,"Gd","TA","PConc","Gd","TA","No","GLQ",16,"Unf",0,1330,1346,"GasA","Ex","Y","SBrkr",1504,0,0,1504,0,0,2,0,1,1,"Gd",7,"Typ",1,"Gd","Attchd",2005,"Fin",2,457,"TA","TA","Y",156,0,0,0,0,0,NA,NA,NA,0,5,2009,"WD","Normal",181000,"Train"
"1006",1006,80,"RL",65,8385,"Pave",NA,"Reg","Lvl","AllPub","Inside","Gtl","CollgCr","Norm","Norm","1Fam","SLvl","5","8",1977,1977,"Gable","CompShg","HdBoard","HdBoard","BrkFace",220,"Gd","TA","CBlock","Gd","Gd","Av","GLQ",595,"Unf",0,390,985,"GasA","TA","Y","SBrkr",985,0,0,985,0,0,2,0,3,1,"TA",6,"Typ",0,NA,"Attchd",1977,"Unf",1,328,"TA","TA","Y",210,0,0,0,0,0,NA,NA,NA,0,11,2008,"WD","Normal",149900,"Train"
"1007",1007,20,"RL",NA,12155,"Pave",NA,"IR3","Lvl","AllPub","Inside","Gtl","NAmes","PosN","Norm","1Fam","1Story","6","3",1970,1970,"Gable","CompShg","Plywood","Plywood","None",0,"TA","TA","CBlock","Gd","TA","No","LwQ",1237,"Unf",0,420,1657,"GasA","Gd","Y","SBrkr",1657,0,0,1657,0,1,2,0,3,1,"TA",7,"Typ",1,"TA","Attchd",1970,"Unf",2,484,"TA","TA","Y",0,0,0,0,147,0,NA,NA,NA,0,3,2007,"WD","Normal",163500,"Train"
"1008",1008,160,"RM",21,2217,"Pave",NA,"Reg","Lvl","AllPub","Inside","Gtl","MeadowV","Norm","Norm","TwnhsE","2Story","4","4",1970,1970,"Gable","CompShg","CemntBd","CmentBd","None",0,"TA","TA","CBlock","TA","TA","No","BLQ",273,"LwQ",273,0,546,"GasA","TA","Y","SBrkr",546,546,0,1092,0,0,1,1,3,1,"TA",6,"Typ",0,NA,"Attchd",1970,"RFn",1,286,"TA","TA","Y",238,0,0,0,0,0,NA,NA,NA,0,8,2009,"WD","Normal",88000,"Train"
"1009",1009,20,"RL",43,12118,"Pave",NA,"IR1","Lvl","AllPub","CulDSac","Gtl","Mitchel","Norm","Norm","1Fam","1Story","7","5",2004,2005,"Hip","CompShg","VinylSd","VinylSd","Stone",108,"Gd","TA","PConc","Ex","TA","Mn","Unf",0,"Unf",0,1710,1710,"GasA","Ex","Y","SBrkr",1710,0,0,1710,0,0,2,0,3,1,"Gd",7,"Typ",1,"Gd","Attchd",2004,"Fin",2,550,"TA","TA","Y",100,48,0,0,180,0,NA,NA,NA,0,4,2009,"WD","Normal",240000,"Train"
"1010",1010,50,"RL",60,6000,"Pave",NA,"Reg","Lvl","AllPub","Inside","Gtl","SWISU","Norm","Norm","1Fam","1.5Fin","5","5",1926,1950,"Gable","CompShg","Wd Sdng","Wd Sdng","None",0,"TA","Fa","BrkTil","TA","TA","No","Unf",0,"Unf",0,1008,1008,"GasA","Ex","Y","SBrkr",1008,0,514,1522,0,0,2,0,4,1,"TA",7,"Typ",0,NA,NA,NA,NA,0,0,NA,NA,"P",0,0,138,0,0,0,NA,NA,NA,0,6,2006,"WD","Normal",102000,"Train"
"1011",1011,50,"RL",115,21286,"Pave",NA,"Reg","Lvl","AllPub","Inside","Gtl","Sawyer","Norm","Norm","1Fam","1.5Fin","5","5",1948,1950,"Gable","CompShg","Wd Sdng","Wd Sdng","None",0,"TA","TA","CBlock","TA","TA","No","Unf",0,"Unf",0,720,720,"GasA","TA","Y","SBrkr",720,551,0,1271,0,0,2,0,4,1,"TA",7,"Typ",1,"Gd","Attchd",1948,"Unf",1,312,"TA","TA","Y",0,0,108,0,0,0,NA,NA,NA,0,8,2008,"WD","Normal",135000,"Train"
"1012",1012,90,"RL",75,9825,"Pave",NA,"Reg","Lvl","AllPub","Inside","Gtl","Edwards","Norm","Norm","Duplex","1Story","5","5",1965,1965,"Hip","CompShg","AsphShn","AsphShn","None",0,"TA","TA","CBlock",NA,NA,NA,NA,0,NA,0,0,0,"GasA","TA","N","SBrkr",1664,0,0,1664,0,0,2,0,4,2,"TA",8,"Typ",0,NA,NA,NA,NA,0,0,NA,NA,"Y",0,0,0,0,0,0,NA,NA,NA,0,5,2010,"WD","Normal",1e+05,"Train"
"1013",1013,70,"RL",55,10592,"Pave",NA,"Reg","Lvl","AllPub","Inside","Gtl","Crawfor","Norm","Norm","1Fam","2Story","6","7",1923,1996,"Hip","CompShg","Wd Sdng","Wd Sdng","None",0,"TA","Gd","PConc","TA","Fa","No","Unf",0,"Unf",0,602,602,"GasA","TA","Y","SBrkr",900,602,0,1502,0,0,1,1,3,1,"Gd",7,"Typ",2,"TA","Detchd",1923,"Unf",1,180,"TA","TA","Y",96,0,112,0,53,0,NA,NA,NA,0,8,2007,"WD","Normal",165000,"Train"
"1014",1014,30,"RM",60,7200,"Pave",NA,"Reg","Lvl","AllPub","Inside","Gtl","OldTown","Norm","Norm","1Fam","1Story","5","4",1910,2006,"Hip","CompShg","MetalSd","Stucco","None",0,"TA","TA","BrkTil","TA","TA","No","ALQ",247,"Rec",465,310,1022,"GasW","TA","N","SBrkr",1022,0,0,1022,1,0,1,0,2,1,"TA",4,"Maj2",0,NA,"Detchd",1956,"Unf",1,280,"TA","TA","Y",0,30,226,0,0,0,NA,NA,NA,0,6,2009,"WD","Normal",85000,"Train"
"1015",1015,20,"RL",60,11664,"Pave",NA,"Reg","Lvl","AllPub","Inside","Gtl","NAmes","Artery","Norm","1Fam","1Story","6","5",1948,1950,"Gable","CompShg","MetalSd","MetalSd","BrkFace",206,"TA","TA","CBlock","TA","Fa","No","BLQ",336,"Unf",0,746,1082,"GasA","TA","Y","SBrkr",1082,0,0,1082,0,0,1,0,2,1,"TA",5,"Typ",1,"Gd","Detchd",1948,"Unf",1,240,"TA","TA","Y",0,130,0,0,0,0,NA,NA,NA,0,11,2007,"WD","Normal",119200,"Train"
"1016",1016,60,"RL",70,8400,"Pave",NA,"Reg","Lvl","AllPub","Inside","Gtl","NWAmes","Norm","Norm","1Fam","2Story","8","6",2001,2001,"Gable","CompShg","VinylSd","VinylSd","None",0,"Gd","TA","PConc","Gd","TA","No","GLQ",643,"Unf",0,167,810,"GasA","Ex","Y","SBrkr",810,855,0,1665,1,0,2,1,3,1,"Gd",6,"Typ",0,NA,"Attchd",2001,"Fin",2,528,"TA","TA","Y",0,45,0,0,0,0,NA,NA,NA,0,11,2009,"WD","Normal",227000,"Train"
"1017",1017,20,"RL",73,11883,"Pave",NA,"Reg","Lvl","AllPub","Inside","Gtl","CollgCr","Norm","Norm","1Fam","1Story","7","5",1996,1996,"Hip","CompShg","VinylSd","VinylSd","BrkFace",196,"Gd","TA","PConc","Gd","TA","Gd","GLQ",690,"Unf",0,814,1504,"GasA","Ex","Y","SBrkr",1504,0,0,1504,1,0,2,0,3,1,"Gd",6,"Typ",1,"TA","Attchd",1996,"Fin",2,478,"TA","TA","Y",115,66,0,0,0,0,NA,NA,NA,0,6,2009,"WD","Normal",203000,"Train"
"1018",1018,120,"RL",NA,5814,"Pave",NA,"IR1","Lvl","AllPub","CulDSac","Gtl","StoneBr","Norm","Norm","TwnhsE","1Story","8","5",1984,1984,"Gable","CompShg","HdBoard","HdBoard","None",0,"Gd","TA","CBlock","Gd","TA","Av","GLQ",1036,"Unf",0,184,1220,"GasA","Gd","Y","SBrkr",1360,0,0,1360,1,0,1,0,1,1,"Gd",4,"Typ",1,"Ex","Attchd",1984,"RFn",2,565,"TA","TA","Y",63,0,0,0,0,0,NA,NA,NA,0,8,2009,"COD","Abnorml",187500,"Train"
"1019",1019,80,"RL",NA,10784,"Pave",NA,"IR1","Lvl","AllPub","FR2","Gtl","Gilbert","Norm","Norm","1Fam","SLvl","7","5",1991,1992,"Gable","CompShg","HdBoard","HdBoard","BrkFace",76,"Gd","TA","PConc","Gd","TA","No","Unf",0,"Unf",0,384,384,"GasA","Gd","Y","SBrkr",802,670,0,1472,0,0,2,1,3,1,"Gd",7,"Typ",1,"TA","Attchd",1991,"RFn",2,402,"TA","TA","Y",164,0,0,0,0,0,NA,NA,NA,0,5,2007,"WD","Normal",160000,"Train"
"1020",1020,120,"RL",43,3013,"Pave",NA,"Reg","Lvl","AllPub","Inside","Gtl","Blmngtn","Norm","Norm","TwnhsE","1Story","7","5",2005,2005,"Gable","CompShg","VinylSd","VinylSd","BrkFace",145,"Gd","TA","PConc","Gd","TA","Gd","GLQ",16,"Unf",0,1346,1362,"GasA","Ex","Y","SBrkr",1506,0,0,1506,0,0,2,0,2,1,"Gd",6,"Typ",1,"Gd","Attchd",2005,"Fin",2,440,"TA","TA","Y",142,20,0,0,0,0,NA,NA,NA,0,4,2006,"WD","Normal",213490,"Train"
"1021",1021,20,"RL",60,7024,"Pave",NA,"Reg","Lvl","AllPub","Inside","Gtl","Edwards","Norm","Norm","1Fam","1Story","4","5",2005,2005,"Gable","CompShg","VinylSd","VinylSd","None",0,"TA","TA","PConc","Gd","TA","No","GLQ",1024,"Unf",0,108,1132,"GasA","Ex","Y","SBrkr",1132,0,0,1132,1,0,1,1,2,1,"Gd",5,"Typ",0,NA,"Attchd",2005,"Fin",2,451,"TA","TA","Y",252,64,0,0,0,0,NA,NA,NA,0,6,2008,"WD","Normal",176000,"Train"
"1022",1022,20,"RL",64,7406,"Pave",NA,"Reg","Lvl","AllPub","Inside","Gtl","CollgCr","Norm","Norm","1Fam","1Story","7","5",2006,2006,"Gable","CompShg","VinylSd","VinylSd","Stone",84,"Gd","TA","PConc","Gd","TA","Av","GLQ",684,"Unf",0,515,1199,"GasA","Ex","Y","SBrkr",1220,0,0,1220,1,0,2,0,2,1,"Gd",6,"Typ",0,NA,"Attchd",2006,"RFn",2,632,"TA","TA","Y",105,54,0,0,0,0,NA,NA,NA,0,7,2006,"New","Partial",194000,"Train"
"1023",1023,50,"RM",52,9439,"Pave",NA,"Reg","Lvl","AllPub","Inside","Gtl","OldTown","Norm","Norm","1Fam","1.5Fin","5","5",1930,1950,"Gable","CompShg","Wd Sdng","Wd Sdng","None",0,"TA","TA","CBlock","TA","TA","No","LwQ",324,"Unf",0,588,912,"GasA","Gd","Y","FuseA",912,336,0,1248,0,0,1,0,2,1,"TA",6,"Typ",0,NA,"Detchd",1957,"Unf",1,160,"Fa","Fa","Y",0,0,192,0,0,0,NA,NA,NA,0,3,2007,"WD","Normal",87000,"Train"
"1024",1024,120,"RL",43,3182,"Pave",NA,"Reg","Lvl","AllPub","Inside","Gtl","Blmngtn","Norm","Norm","TwnhsE","1Story","7","5",2005,2006,"Gable","CompShg","VinylSd","VinylSd","BrkFace",14,"Gd","TA","PConc","Gd","Gd","No","GLQ",16,"Unf",0,1330,1346,"GasA","Ex","Y","SBrkr",1504,0,0,1504,0,0,2,0,2,1,"Gd",7,"Typ",1,"Gd","Attchd",2005,"Fin",2,437,"TA","TA","Y",156,20,0,0,0,0,NA,NA,NA,0,5,2008,"WD","Normal",191000,"Train"
"1025",1025,20,"RL",NA,15498,"Pave",NA,"IR1","Lvl","AllPub","Corner","Gtl","Timber","Norm","Norm","1Fam","1Story","8","6",1976,1976,"Hip","WdShake","Stone","HdBoard","None",0,"Gd","TA","CBlock","Gd","TA","Av","ALQ",1165,"LwQ",400,0,1565,"GasA","TA","Y","SBrkr",2898,0,0,2898,1,0,2,0,2,1,"Gd",10,"Typ",1,"Gd","Attchd",1976,"Fin",2,665,"TA","TA","Y",0,72,174,0,0,0,NA,NA,NA,0,5,2008,"COD","Abnorml",287000,"Train"
"1026",1026,20,"RL",70,7700,"Pave",NA,"Reg","Lvl","AllPub","Corner","Gtl","CollgCr","Norm","Norm","1Fam","1Story","5","5",1972,1972,"Gable","CompShg","VinylSd","VinylSd","None",0,"TA","TA","CBlock","TA","TA","No","LwQ",138,"Rec",468,276,882,"GasA","TA","Y","SBrkr",882,0,0,882,1,0,1,0,3,1,"TA",5,"Typ",0,NA,"Detchd",1980,"Unf",2,461,"TA","TA","Y",96,0,0,0,0,0,NA,"MnPrv",NA,0,3,2007,"WD","Normal",112500,"Train"
"1027",1027,20,"RL",73,9300,"Pave",NA,"Reg","Lvl","AllPub","Inside","Gtl","NAmes","Feedr","Norm","1Fam","1Story","5","5",1960,1960,"Gable","CompShg","MetalSd","HdBoard","BrkFace",324,"TA","TA","CBlock","TA","TA","No","Rec",697,"Unf",0,571,1268,"GasA","TA","Y","SBrkr",1264,0,0,1264,1,0,1,0,3,1,"TA",6,"Typ",2,"Gd","Attchd",1960,"Unf",2,461,"TA","TA","Y",0,0,0,0,143,0,NA,NA,NA,0,4,2010,"WD","Normal",167500,"Train"
"1028",1028,20,"RL",71,9520,"Pave",NA,"IR1","HLS","AllPub","Inside","Gtl","Timber","Norm","Norm","1Fam","1Story","8","5",2007,2008,"Gable","CompShg","VinylSd","VinylSd","Stone",338,"Gd","TA","PConc","Gd","TA","Gd","GLQ",1513,"Unf",0,125,1638,"GasA","Ex","Y","SBrkr",1646,0,0,1646,1,0,2,0,3,1,"Gd",7,"Typ",1,"Gd","Attchd",2008,"RFn",3,800,"TA","TA","Y",192,44,0,0,0,0,NA,NA,NA,0,4,2008,"New","Partial",293077,"Train"
"1029",1029,50,"RL",79,9492,"Pave",NA,"Reg","Lvl","AllPub","Inside","Gtl","NAmes","Artery","Norm","1Fam","1.5Fin","5","5",1941,1950,"Gable","CompShg","WdShing","Wd Shng","None",0,"TA","TA","CBlock","TA","TA","No","Rec",368,"BLQ",41,359,768,"GasA","TA","Y","SBrkr",968,408,0,1376,1,0,1,0,3,1,"TA",6,"Typ",1,"Gd","Attchd",1941,"Unf",1,240,"TA","TA","Y",0,0,0,0,0,0,NA,NA,NA,0,4,2007,"WD","Normal",105000,"Train"
"1030",1030,160,"RM",21,1680,"Pave",NA,"Reg","Lvl","AllPub","Inside","Gtl","BrDale","Norm","Norm","Twnhs","2Story","6","7",1972,1972,"Gable","CompShg","HdBoard","HdBoard","BrkFace",281,"TA","TA","CBlock","TA","TA","No","BLQ",317,"Unf",0,355,672,"GasA","Gd","Y","SBrkr",672,546,0,1218,0,1,1,1,3,1,"TA",7,"Typ",0,NA,"Detchd",1972,"Unf",1,264,"TA","TA","Y",0,28,0,0,0,0,NA,NA,NA,0,5,2006,"WD","Normal",118000,"Train"
"1031",1031,190,"RH",NA,7082,"Pave",NA,"Reg","Lvl","AllPub","Inside","Gtl","SWISU","Norm","Norm","2fmCon","2Story","5","8",1916,1995,"Gable","CompShg","VinylSd","VinylSd","None",0,"TA","TA","PConc","TA","TA","Mn","Unf",0,"Unf",0,686,686,"GasA","Gd","Y","SBrkr",948,980,0,1928,0,0,2,0,5,2,"TA",10,"Typ",0,NA,NA,NA,NA,0,0,NA,NA,"N",0,0,228,0,0,0,NA,NA,NA,0,7,2006,"WD","Normal",160000,"Train"
"1032",1032,75,"RL",102,15863,"Pave",NA,"Reg","Lvl","AllPub","Corner","Gtl","SWISU","Norm","Norm","1Fam","2.5Fin","7","3",1920,1970,"Gable","CompShg","Wd Sdng","Plywood","None",0,"TA","TA","BrkTil","TA","TA","No","GLQ",523,"Unf",0,301,824,"GasA","Ex","Y","SBrkr",1687,998,397,3082,1,0,2,1,5,1,"TA",12,"Typ",2,"TA","Basment",1970,"Fin",2,672,"TA","TA","Y",136,63,0,0,0,0,NA,NA,NA,0,8,2009,"WD","Normal",197000,"Train"
"1033",1033,60,"RL",NA,14541,"Pave",NA,"IR1","Lvl","AllPub","Corner","Gtl","NoRidge","Norm","Norm","1Fam","2Story","8","7",1993,1993,"Gable","CompShg","MetalSd","MetalSd","None",0,"Gd","Gd","PConc","Gd","Gd","No","GLQ",1012,"Unf",0,326,1338,"GasA","Ex","Y","SBrkr",1352,1168,0,2520,1,0,2,1,5,1,"Gd",10,"Typ",1,"TA","Attchd",1993,"RFn",3,796,"TA","TA","Y",209,55,0,0,0,0,NA,NA,NA,0,11,2006,"WD","Abnorml",310000,"Train"
"1034",1034,20,"RL",NA,8125,"Pave",NA,"Reg","Lvl","AllPub","Inside","Gtl","CollgCr","Norm","Norm","1Fam","1Story","7","5",2002,2002,"Gable","CompShg","VinylSd","VinylSd","Stone",295,"Gd","TA","PConc","Gd","TA","No","GLQ",986,"Unf",0,668,1654,"GasA","Ex","Y","SBrkr",1654,0,0,1654,1,0,2,0,3,1,"Gd",6,"Typ",0,NA,"Attchd",2002,"Unf",3,900,"TA","TA","Y",0,136,0,0,0,0,NA,NA,NA,0,2,2006,"WD","Normal",230000,"Train"
"1035",1035,30,"RL",50,6305,"Pave",NA,"Reg","Bnk","AllPub","Inside","Gtl","Crawfor","Norm","Norm","1Fam","1Story","5","7",1938,1950,"Gable","CompShg","MetalSd","MetalSd","None",0,"TA","Gd","PConc","Fa","Fa","No","Unf",0,"Unf",0,920,920,"GasA","Ex","Y","SBrkr",954,0,0,954,0,0,1,0,2,1,"Fa",5,"Typ",1,"Gd","Basment",1938,"Unf",1,240,"Fa","TA","Y",0,0,0,0,0,0,NA,"MnPrv",NA,0,6,2007,"WD","Normal",119750,"Train"
"1036",1036,20,"RL",NA,11500,"Pave",NA,"IR1","Lvl","AllPub","CulDSac","Gtl","Edwards","Norm","Norm","1Fam","1Story","4","3",1957,1957,"Gable","CompShg","Wd Sdng","Wd Sdng","None",0,"TA","Gd","Slab",NA,NA,NA,NA,0,NA,0,0,0,"GasA","Ex","N","SBrkr",845,0,0,845,0,0,1,0,3,1,"TA",5,"Typ",0,NA,"Detchd",1957,"Unf",1,290,"TA","TA","N",186,0,0,0,0,0,NA,NA,NA,0,1,2009,"WD","Normal",84000,"Train"
"1037",1037,20,"RL",89,12898,"Pave",NA,"IR1","HLS","AllPub","Inside","Gtl","Timber","Norm","Norm","1Fam","1Story","9","5",2007,2008,"Hip","CompShg","VinylSd","VinylSd","Stone",70,"Gd","TA","PConc","Ex","TA","Gd","GLQ",1022,"Unf",0,598,1620,"GasA","Ex","Y","SBrkr",1620,0,0,1620,1,0,2,0,2,1,"Ex",6,"Typ",1,"Ex","Attchd",2008,"Fin",3,912,"TA","TA","Y",228,0,0,0,0,0,NA,NA,NA,0,9,2009,"WD","Normal",315500,"Train"
"1038",1038,60,"RL",NA,9240,"Pave",NA,"Reg","Lvl","AllPub","Inside","Gtl","CollgCr","Norm","Norm","1Fam","2Story","8","5",2001,2002,"Gable","CompShg","VinylSd","VinylSd","BrkFace",396,"Gd","TA","PConc","Gd","TA","No","Unf",0,"Unf",0,1055,1055,"GasA","Ex","Y","SBrkr",1055,1208,0,2263,0,0,2,1,3,1,"Gd",7,"Typ",1,"TA","BuiltIn",2001,"Fin",2,905,"TA","TA","Y",0,45,0,0,189,0,NA,NA,NA,0,9,2008,"WD","Normal",287000,"Train"
"1039",1039,160,"RM",21,1533,"Pave",NA,"Reg","Lvl","AllPub","Inside","Gtl","MeadowV","Norm","Norm","Twnhs","2Story","4","6",1970,2008,"Gable","CompShg","CemntBd","CmentBd","None",0,"TA","TA","CBlock","TA","TA","No","Unf",0,"Unf",0,546,546,"GasA","TA","Y","SBrkr",798,546,0,1344,0,0,1,1,3,1,"TA",6,"Typ",1,"TA",NA,NA,NA,0,0,NA,NA,"Y",0,0,0,0,0,0,NA,NA,NA,0,5,2009,"WD","Normal",97000,"Train"
"1040",1040,180,"RM",21,1477,"Pave",NA,"Reg","Lvl","AllPub","Inside","Gtl","MeadowV","Norm","Norm","TwnhsE","SFoyer","4","4",1970,1970,"Gable","CompShg","CemntBd","CmentBd","None",0,"TA","TA","CBlock","Gd","TA","Av","GLQ",509,"Unf",0,121,630,"GasA","TA","Y","SBrkr",630,0,0,630,1,0,1,0,1,1,"TA",3,"Typ",0,NA,"Attchd",1970,"Unf",1,286,"TA","TA","Y",0,0,0,0,0,0,NA,NA,NA,0,4,2009,"WD","Normal",80000,"Train"
"1041",1041,20,"RL",88,13125,"Pave",NA,"Reg","Lvl","AllPub","Corner","Gtl","Sawyer","Norm","Norm","1Fam","1Story","5","4",1957,2000,"Gable","CompShg","Wd Sdng","Wd Sdng","BrkCmn",67,"TA","TA","CBlock","TA","TA","No","Rec",168,"BLQ",682,284,1134,"GasA","Ex","Y","SBrkr",1803,0,0,1803,1,0,2,0,3,1,"TA",8,"Maj1",1,"TA","Attchd",1957,"RFn",2,484,"TA","TA","Y",0,0,0,0,0,0,NA,"GdPrv",NA,0,1,2006,"WD","Normal",155000,"Train"
"1042",1042,60,"RL",NA,9130,"Pave",NA,"Reg","Lvl","AllPub","Inside","Gtl","NWAmes","Feedr","Norm","1Fam","2Story","6","8",1966,2000,"Hip","CompShg","HdBoard","HdBoard","BrkFace",252,"TA","TA","CBlock","TA","TA","No","GLQ",400,"Rec",64,336,800,"GasA","Gd","Y","SBrkr",800,832,0,1632,0,1,1,1,4,1,"Gd",7,"Typ",0,NA,"Attchd",1966,"Unf",2,484,"TA","TA","Y",0,40,0,0,0,0,NA,NA,NA,0,7,2008,"WD","Normal",173000,"Train"
"1043",1043,120,"RL",34,5381,"Pave",NA,"IR1","Lvl","AllPub","Inside","Gtl","NridgHt","Norm","Norm","Twnhs","1Story","6","5",2005,2005,"Gable","CompShg","VinylSd","VinylSd","Stone",135,"Gd","TA","PConc","Gd","TA","Av","ALQ",900,"Unf",0,406,1306,"GasA","Ex","Y","SBrkr",1306,0,0,1306,1,0,2,0,1,1,"Gd",5,"Typ",1,"Gd","Attchd",2005,"RFn",2,624,"TA","TA","Y",170,63,0,0,0,0,NA,NA,NA,0,8,2009,"WD","Normal",196000,"Train"
"1044",1044,60,"RL",86,11839,"Pave",NA,"Reg","Lvl","AllPub","Inside","Gtl","SawyerW","Norm","Norm","1Fam","2Story","7","5",1990,1990,"Hip","CompShg","HdBoard","HdBoard","BrkFace",99,"TA","TA","PConc","Gd","TA","No","GLQ",1085,"Unf",0,390,1475,"GasA","Ex","Y","SBrkr",1532,797,0,2329,1,0,2,1,4,1,"Gd",10,"Typ",1,"Ex","Attchd",1990,"Unf",2,514,"TA","TA","Y",192,121,0,0,0,0,NA,NA,NA,0,5,2008,"WD","Normal",262280,"Train"
"1045",1045,20,"RL",80,9600,"Pave",NA,"Reg","Lvl","AllPub","Inside","Gtl","NWAmes","PosN","Norm","1Fam","1Story","8","5",1981,1981,"Hip","WdShngl","BrkFace","BrkFace","None",0,"Gd","TA","PConc","Gd","TA","No","ALQ",1104,"Unf",0,1420,2524,"GasA","TA","Y","SBrkr",2524,0,0,2524,1,0,2,1,4,1,"Gd",9,"Typ",1,"Gd","Attchd",1981,"Fin",2,542,"TA","TA","Y",474,120,0,0,0,0,NA,"MnPrv",NA,0,7,2009,"WD","Normal",278000,"Train"
"1046",1046,20,"RL",NA,13680,"Pave",NA,"IR1","Lvl","AllPub","CulDSac","Gtl","Edwards","Norm","Norm","1Fam","1Story","3","5",1955,1955,"Hip","CompShg","BrkFace","Wd Sdng","None",0,"TA","TA","Slab",NA,NA,NA,NA,0,NA,0,0,0,"GasA","Ex","Y","FuseA",1733,0,0,1733,0,0,2,0,4,1,"TA",8,"Min2",1,"Gd","Attchd",1955,"Unf",2,452,"TA","TA","Y",0,0,0,0,0,0,NA,NA,NA,0,6,2009,"WD","Normal",139600,"Train"
"1047",1047,60,"RL",85,16056,"Pave",NA,"IR1","Lvl","AllPub","Inside","Gtl","StoneBr","Norm","Norm","1Fam","2Story","9","5",2005,2006,"Hip","CompShg","CemntBd","CmentBd","Stone",208,"Gd","TA","PConc","Ex","TA","Av","GLQ",240,"Unf",0,1752,1992,"GasA","Ex","Y","SBrkr",1992,876,0,2868,0,0,3,1,4,1,"Ex",11,"Typ",1,"Gd","BuiltIn",2005,"Fin",3,716,"TA","TA","Y",214,108,0,0,0,0,NA,NA,NA,0,7,2006,"New","Partial",556581,"Train"
"1048",1048,20,"RL",57,9245,"Pave",NA,"IR2","Lvl","AllPub","Inside","Gtl","CollgCr","Norm","Norm","1Fam","1Story","5","5",1994,1995,"Gable","CompShg","VinylSd","VinylSd","None",0,"TA","TA","PConc","Gd","TA","No","GLQ",686,"Unf",0,304,990,"GasA","Ex","Y","SBrkr",990,0,0,990,0,1,1,0,3,1,"TA",5,"Typ",0,NA,"Detchd",1996,"Unf",2,672,"TA","TA","Y",0,0,0,0,0,0,NA,NA,NA,0,2,2008,"WD","Normal",145000,"Train"
"1049",1049,20,"RL",100,21750,"Pave",NA,"Reg","Lvl","AllPub","Inside","Gtl","Mitchel","Norm","Norm","1Fam","1Story","5","4",1960,2006,"Hip","CompShg","HdBoard","HdBoard","BrkFace",75,"TA","Fa","Slab",NA,NA,NA,NA,0,NA,0,0,0,"GasA","TA","Y","SBrkr",1771,0,0,1771,0,0,1,0,3,1,"TA",9,"Min1",1,"TA","Attchd",1960,"Unf",2,336,"TA","TA","Y",0,0,0,0,0,0,NA,"GdPrv",NA,0,11,2009,"WD","Normal",115000,"Train"
"1050",1050,20,"RL",60,11100,"Pave",NA,"Reg","Low","AllPub","Inside","Gtl","Edwards","Norm","Norm","1Fam","1Story","4","7",1946,2006,"Gable","CompShg","MetalSd","MetalSd","None",0,"TA","TA","CBlock",NA,NA,NA,NA,0,NA,0,0,0,"GasA","Ex","Y","SBrkr",930,0,0,930,0,0,1,0,2,1,"Gd",6,"Typ",0,NA,"Detchd",1946,"Unf",1,308,"TA","TA","Y",0,0,0,0,0,0,NA,NA,NA,0,4,2010,"WD","Abnorml",84900,"Train"
"1051",1051,20,"RL",73,8993,"Pave",NA,"IR1","Lvl","AllPub","Inside","Gtl","Gilbert","Norm","Norm","1Fam","1Story","7","5",2007,2007,"Gable","CompShg","VinylSd","VinylSd","None",0,"Gd","TA","PConc","Gd","TA","Av","Unf",0,"Unf",0,1302,1302,"GasA","Ex","Y","SBrkr",1302,0,0,1302,0,0,2,0,3,1,"Gd",6,"Typ",0,NA,"Attchd",2007,"Fin",2,436,"TA","TA","Y",0,22,0,0,0,0,NA,NA,NA,0,8,2007,"New","Partial",176485,"Train"
"1052",1052,20,"RL",103,11175,"Pave",NA,"IR1","Lvl","AllPub","Corner","Gtl","CollgCr","Norm","Norm","1Fam","1Story","7","5",2007,2007,"Gable","CompShg","VinylSd","VinylSd","None",0,"Gd","TA","PConc","Gd","TA","Av","Unf",0,"Unf",0,1316,1316,"GasA","Ex","Y","SBrkr",1316,0,0,1316,0,0,2,0,3,1,"Gd",6,"Typ",1,"Gd","Attchd",2007,"Fin",2,440,"TA","TA","Y",0,20,0,0,0,0,NA,NA,NA,0,10,2007,"New","Partial",200141,"Train"
"1053",1053,60,"RL",100,9500,"Pave",NA,"Reg","Lvl","AllPub","Corner","Gtl","NAmes","Artery","Norm","1Fam","2Story","6","6",1964,1978,"Gable","CompShg","VinylSd","VinylSd","BrkCmn",272,"TA","TA","CBlock","TA","TA","No","Rec",442,"Unf",0,374,816,"GasA","TA","Y","SBrkr",1127,850,0,1977,0,1,1,1,4,1,"TA",9,"Typ",1,"TA","Attchd",1964,"RFn",2,540,"TA","TA","Y",0,52,0,0,0,0,NA,"GdPrv",NA,0,6,2007,"WD","Normal",165000,"Train"
"1054",1054,20,"RL",68,8562,"Pave",NA,"Reg","Lvl","AllPub","Inside","Mod","Edwards","Norm","Norm","1Fam","1Story","5","6",1957,2002,"Hip","CompShg","HdBoard","HdBoard","Stone",145,"TA","TA","CBlock","TA","TA","Av","Rec",383,"Unf",0,833,1216,"GasA","Ex","Y","FuseA",1526,0,0,1526,0,0,1,0,4,1,"TA",7,"Min2",1,"Gd","Basment",1957,"Unf",1,364,"TA","TA","Y",116,78,0,0,0,0,NA,NA,NA,0,5,2010,"WD","Normal",144500,"Train"
"1055",1055,60,"RL",90,11367,"Pave",NA,"Reg","Lvl","AllPub","Corner","Gtl","CollgCr","Norm","Norm","1Fam","2Story","8","5",2002,2002,"Gable","CompShg","VinylSd","VinylSd","BrkFace",210,"Gd","TA","PConc","Gd","TA","Mn","GLQ",932,"Unf",0,133,1065,"GasA","Ex","Y","SBrkr",1091,898,0,1989,1,0,2,1,3,1,"Gd",7,"Typ",1,"Gd","Attchd",2002,"Fin",2,586,"TA","TA","Y",199,60,0,0,0,0,NA,NA,NA,0,11,2006,"WD","Normal",255000,"Train"
"1056",1056,20,"RL",104,11361,"Pave",NA,"Reg","Lvl","AllPub","Inside","Gtl","NWAmes","Norm","Norm","1Fam","1Story","6","5",1976,1976,"Gable","CompShg","Plywood","Plywood","BrkFace",160,"TA","TA","CBlock","Gd","TA","No","ALQ",644,"Unf",0,549,1193,"GasA","TA","Y","SBrkr",1523,0,0,1523,0,1,2,0,3,1,"TA",7,"Typ",1,"TA","Attchd",1976,"Fin",2,478,"TA","TA","Y",0,0,0,0,189,0,NA,"MnPrv",NA,0,5,2008,"COD","Abnorml",180000,"Train"
"1057",1057,120,"RL",43,7052,"Pave",NA,"IR1","Lvl","AllPub","Inside","Gtl","NridgHt","Norm","Norm","TwnhsE","1Story","7","5",2005,2005,"Gable","CompShg","VinylSd","VinylSd","Stone",240,"Gd","TA","PConc","Gd","TA","Av","GLQ",659,"Unf",0,705,1364,"GasA","Ex","Y","SBrkr",1364,0,0,1364,1,0,2,0,2,1,"Gd",6,"Typ",1,"Gd","Attchd",2005,"RFn",2,484,"TA","TA","Y",192,36,0,0,0,0,NA,NA,NA,0,6,2006,"WD","Normal",185850,"Train"
"1058",1058,60,"RL",NA,29959,"Pave",NA,"IR2","Lvl","AllPub","FR2","Gtl","NoRidge","Norm","Norm","1Fam","2Story","7","6",1994,1994,"Gable","CompShg","HdBoard","HdBoard","None",0,"Gd","TA","PConc","Gd","TA","No","GLQ",595,"Unf",0,378,973,"GasA","Ex","Y","SBrkr",979,871,0,1850,0,0,2,1,3,1,"Gd",7,"Typ",1,"Gd","BuiltIn",1994,"Fin",2,467,"TA","TA","Y",168,98,0,0,0,0,NA,NA,NA,0,1,2009,"WD","Normal",248000,"Train"
"1059",1059,60,"RL",96,11308,"Pave",NA,"IR1","Lvl","AllPub","Inside","Gtl","NridgHt","Norm","Norm","1Fam","2Story","9","5",2008,2008,"Gable","CompShg","VinylSd","VinylSd","Stone",154,"Ex","TA","PConc","Ex","TA","Av","GLQ",936,"Unf",0,168,1104,"GasA","Ex","Y","SBrkr",1130,1054,0,2184,1,0,2,1,3,1,"Ex",10,"Typ",1,"Gd","Attchd",2008,"Fin",3,836,"TA","TA","Y",0,102,0,0,0,0,NA,NA,NA,0,7,2009,"WD","Normal",335000,"Train"
"1060",1060,50,"RL",NA,11275,"Pave",NA,"IR1","HLS","AllPub","Corner","Mod","Crawfor","Norm","Norm","1Fam","1.5Fin","6","7",1932,1950,"Gable","CompShg","MetalSd","MetalSd","BrkFace",480,"TA","TA","CBlock","TA","TA","Mn","Rec",297,"LwQ",557,0,854,"GasA","TA","Y","SBrkr",1096,895,0,1991,0,0,1,1,3,1,"TA",7,"Typ",1,"Gd","Detchd",1977,"Unf",2,432,"TA","Fa","Y",0,0,19,0,0,0,NA,NA,NA,0,3,2007,"WD","Normal",220000,"Train"
"1061",1061,120,"RL",41,4920,"Pave",NA,"Reg","Lvl","AllPub","Inside","Gtl","StoneBr","Norm","Norm","TwnhsE","1Story","8","5",2001,2001,"Gable","CompShg","CemntBd","CmentBd","None",0,"Gd","TA","PConc","Gd","TA","Mn","GLQ",616,"Unf",0,722,1338,"GasA","Ex","Y","SBrkr",1338,0,0,1338,1,0,2,0,2,1,"Gd",6,"Typ",0,NA,"Attchd",2001,"Fin",2,582,"TA","TA","Y",0,0,170,0,0,0,NA,NA,NA,0,4,2010,"WD","Normal",213500,"Train"
"1062",1062,30,"C (all)",120,18000,"Grvl",NA,"Reg","Low","AllPub","Inside","Gtl","IDOTRR","Norm","Norm","1Fam","1Story","3","4",1935,1950,"Gable","CompShg","MetalSd","MetalSd","None",0,"Fa","TA","CBlock","TA","TA","No","Unf",0,"Unf",0,894,894,"GasA","TA","Y","SBrkr",894,0,0,894,0,0,1,0,2,1,"TA",6,"Typ",0,NA,"Detchd",1994,"RFn",3,1248,"TA","TA","Y",0,20,0,0,0,0,NA,NA,"Shed",560,8,2008,"ConLD","Normal",81000,"Train"
"1063",1063,190,"RM",85,13600,"Pave","Grvl","Reg","Lvl","AllPub","Inside","Gtl","OldTown","Norm","Norm","2fmCon","2Story","5","5",1900,1950,"Gable","CompShg","Wd Sdng","Wd Sdng","None",0,"TA","TA","BrkTil","TA","TA","No","Unf",0,"Unf",0,662,662,"GasA","TA","N","SBrkr",1422,915,0,2337,0,0,2,0,5,2,"TA",10,"Min2",0,NA,"Detchd",1945,"Unf",2,560,"TA","TA","Y",0,57,0,0,0,0,NA,NA,NA,0,9,2007,"WD","Normal",90000,"Train"
"1064",1064,30,"RM",50,6000,"Pave",NA,"Reg","Lvl","AllPub","Inside","Gtl","OldTown","Artery","Norm","1Fam","1Story","6","6",1925,1980,"Gable","CompShg","MetalSd","MetalSd","None",0,"TA","Gd","BrkTil","TA","TA","No","BLQ",397,"Unf",0,706,1103,"GasA","Gd","Y","SBrkr",1103,0,0,1103,0,0,1,0,2,1,"Gd",5,"Typ",1,"Gd","Detchd",1976,"Unf",2,440,"TA","TA","Y",166,120,0,0,0,0,NA,"MnPrv",NA,0,7,2006,"WD","Normal",110500,"Train"
"1065",1065,20,"RL",NA,11000,"Pave",NA,"IR1","Lvl","AllPub","CulDSac","Gtl","NAmes","Norm","Norm","1Fam","1Story","5","6",1966,1966,"Gable","CompShg","Plywood","Plywood","BrkFace",200,"TA","TA","CBlock","TA","TA","Mn","BLQ",740,"Rec",230,184,1154,"GasA","Ex","Y","SBrkr",1154,0,0,1154,0,0,1,1,3,1,"TA",6,"Typ",1,"Po","Attchd",1966,"RFn",2,480,"TA","TA","Y",0,58,0,0,0,0,NA,"MnPrv",NA,0,11,2009,"WD","Normal",154000,"Train"
"1066",1066,60,"RL",80,14000,"Pave",NA,"Reg","Lvl","AllPub","Inside","Mod","ClearCr","Norm","Norm","1Fam","2Story","7","5",1996,1997,"Gable","CompShg","Wd Sdng","Wd Sdng","None",0,"Gd","TA","PConc","Ex","TA","Gd","GLQ",1201,"Unf",0,105,1306,"GasA","Ex","Y","SBrkr",1306,954,0,2260,1,0,2,1,3,1,"Gd",7,"Typ",0,NA,"Attchd",1996,"RFn",2,533,"TA","TA","Y",296,44,0,0,0,0,NA,NA,NA,0,4,2010,"WD","Normal",328000,"Train"
"1067",1067,60,"RL",59,7837,"Pave",NA,"IR1","Lvl","AllPub","Inside","Gtl","Gilbert","Norm","Norm","1Fam","2Story","6","7",1993,1994,"Gable","CompShg","VinylSd","VinylSd","None",0,"Gd","TA","PConc","Gd","TA","No","Unf",0,"Unf",0,799,799,"GasA","Gd","Y","SBrkr",799,772,0,1571,0,0,2,1,3,1,"TA",7,"Typ",1,"TA","Attchd",1993,"RFn",2,380,"TA","TA","Y",0,40,0,0,0,0,NA,NA,NA,0,5,2009,"WD","Normal",178000,"Train"
"1068",1068,60,"RL",80,9760,"Pave",NA,"Reg","Lvl","AllPub","Inside","Mod","NAmes","Norm","Norm","1Fam","2Story","6","6",1964,1964,"Gable","CompShg","HdBoard","HdBoard","BrkFace",360,"TA","TA","CBlock","TA","TA","Gd","GLQ",674,"LwQ",106,0,780,"GasA","TA","Y","SBrkr",798,813,0,1611,1,0,1,1,4,1,"TA",7,"Typ",0,NA,"Attchd",1964,"RFn",2,442,"TA","TA","Y",328,128,0,0,189,0,NA,NA,NA,0,6,2008,"WD","Normal",167900,"Train"
"1069",1069,160,"RM",42,3964,"Pave",NA,"Reg","Lvl","AllPub","Inside","Gtl","MeadowV","Norm","Norm","TwnhsE","2Story","6","4",1973,1973,"Gable","CompShg","CemntBd","CmentBd","None",0,"TA","TA","CBlock","Gd","TA","No","ALQ",837,"Unf",0,105,942,"GasA","Gd","Y","SBrkr",1291,1230,0,2521,1,0,2,1,5,1,"TA",10,"Maj1",1,"Gd","Attchd",1973,"Fin",2,576,"TA","TA","Y",728,20,0,0,0,0,NA,"GdPrv",NA,0,6,2006,"WD","Normal",151400,"Train"
"1070",1070,45,"RL",60,9600,"Pave",NA,"Reg","Lvl","AllPub","Inside","Gtl","NAmes","Norm","Norm","1Fam","1.5Unf","5","7",1949,2003,"Gable","CompShg","MetalSd","MetalSd","None",0,"TA","TA","CBlock","TA","TA","No","ALQ",220,"Unf",0,625,845,"GasA","TA","Y","SBrkr",893,0,0,893,0,1,1,0,2,1,"Gd",4,"Typ",0,NA,"Detchd",1985,"Unf",2,576,"TA","TA","Y",0,0,0,0,0,0,NA,NA,NA,0,5,2007,"WD","Normal",135000,"Train"
"1071",1071,20,"RL",72,10152,"Pave",NA,"Reg","Lvl","AllPub","Inside","Gtl","NAmes","Norm","Norm","1Fam","1Story","5","5",1956,1956,"Hip","CompShg","MetalSd","MetalSd","BrkFace",120,"TA","TA","CBlock","TA","TA","No","BLQ",586,"Unf",0,462,1048,"GasA","TA","Y","SBrkr",1048,0,0,1048,1,0,1,0,3,1,"TA",6,"Typ",0,NA,"Attchd",1956,"Unf",1,286,"TA","TA","Y",0,20,0,0,192,0,NA,NA,NA,0,6,2007,"WD","Normal",135000,"Train"
"1072",1072,60,"RL",78,11700,"Pave",NA,"Reg","Lvl","AllPub","Inside","Gtl","NWAmes","RRAn","Norm","1Fam","2Story","6","6",1968,1968,"Gable","CompShg","MetalSd","MetalSd","None",0,"TA","TA","CBlock","TA","TA","No","Rec",298,"Unf",0,429,727,"GasA","Ex","Y","SBrkr",829,727,0,1556,0,0,1,1,4,1,"TA",8,"Typ",0,NA,"Attchd",1968,"Unf",2,441,"TA","TA","Y",0,0,0,0,0,0,NA,NA,NA,0,5,2009,"WD","Normal",154000,"Train"
"1073",1073,50,"RL",50,7585,"Pave",NA,"Reg","Lvl","AllPub","Inside","Gtl","Edwards","Artery","Norm","1Fam","1.5Fin","5","3",1948,1950,"Gable","CompShg","MetalSd","MetalSd","None",0,"TA","TA","CBlock","Fa","Fa","Mn","Unf",0,"Unf",0,810,810,"GasA","Fa","Y","FuseA",1002,454,0,1456,1,1,1,0,4,1,"TA",7,"Typ",1,"TA","Detchd",1954,"Unf",1,280,"TA","TA","P",0,0,0,0,0,0,NA,NA,NA,0,8,2006,"WD","Normal",91500,"Train"
"1074",1074,60,"RL",75,7950,"Pave",NA,"IR1","Bnk","AllPub","Corner","Gtl","Edwards","Norm","Norm","1Fam","2Story","6","6",1977,1977,"Hip","CompShg","HdBoard","Plywood","BrkFace",140,"TA","TA","CBlock","TA","TA","No","BLQ",535,"Unf",0,155,690,"GasA","TA","Y","SBrkr",698,728,0,1426,0,0,1,1,3,1,"TA",6,"Typ",0,NA,"Attchd",1977,"Fin",2,440,"TA","TA","Y",252,0,0,0,0,0,NA,"MnPrv",NA,0,7,2009,"WD","Normal",159500,"Train"
"1075",1075,20,"RL",74,8556,"Pave",NA,"Reg","Lvl","AllPub","Inside","Gtl","CollgCr","Norm","Norm","1Fam","1Story","7","5",2006,2006,"Gable","CompShg","VinylSd","VinylSd","None",0,"Gd","TA","PConc","Gd","TA","Av","Unf",0,"Unf",0,1240,1240,"GasA","Ex","Y","SBrkr",1240,0,0,1240,0,0,2,0,2,1,"Gd",5,"Typ",0,NA,"Attchd",2006,"RFn",3,826,"TA","TA","Y",140,93,0,0,0,0,NA,NA,NA,0,5,2007,"WD","Normal",194000,"Train"
"1076",1076,70,"RL",75,13125,"Pave",NA,"Reg","Lvl","AllPub","Inside","Gtl","Crawfor","Norm","Norm","1Fam","2Story","7","6",1940,1984,"Gable","CompShg","Wd Sdng","Wd Sdng","None",0,"TA","TA","CBlock","TA","TA","No","BLQ",410,"Unf",0,390,800,"GasA","TA","Y","SBrkr",960,780,0,1740,0,0,1,1,3,1,"TA",6,"Typ",2,"Gd","Attchd",1940,"Unf",1,240,"TA","TA","Y",0,0,0,0,0,0,NA,NA,NA,0,7,2007,"CWD","Normal",219500,"Train"
"1077",1077,50,"RL",60,10800,"Pave","Grvl","Reg","Lvl","AllPub","Inside","Gtl","OldTown","Norm","Norm","1Fam","1.5Fin","5","8",1936,1989,"Gable","CompShg","Wd Sdng","Wd Sdng","None",0,"TA","TA","CBlock","Fa","TA","No","ALQ",626,"Unf",0,170,796,"GasA","Gd","Y","SBrkr",1096,370,0,1466,0,1,2,0,3,1,"Gd",7,"Min1",1,"TA","Attchd",1950,"Unf",2,566,"TA","TA","Y",436,21,0,0,0,0,NA,NA,"Shed",500,4,2006,"WD","Normal",170000,"Train"
"1078",1078,20,"RL",NA,15870,"Pave",NA,"IR1","Lvl","AllPub","Corner","Gtl","NAmes","Norm","Norm","1Fam","1Story","5","5",1969,1969,"Gable","CompShg","VinylSd","Plywood","None",0,"TA","TA","CBlock","TA","TA","Mn","BLQ",75,"Rec",791,230,1096,"GasA","Ex","Y","SBrkr",1096,0,0,1096,1,0,1,0,3,1,"TA",6,"Typ",0,NA,"Attchd",1969,"Fin",1,299,"TA","TA","Y",240,32,0,0,0,0,NA,NA,NA,0,3,2006,"WD","Abnorml",138800,"Train"
"1079",1079,120,"RM",37,4435,"Pave",NA,"Reg","Lvl","AllPub","Inside","Gtl","CollgCr","Norm","Norm","TwnhsE","1Story","6","5",2004,2004,"Gable","CompShg","VinylSd","VinylSd","BrkFace",169,"Gd","TA","PConc","Gd","TA","Mn","GLQ",662,"Unf",0,186,848,"GasA","Ex","Y","SBrkr",848,0,0,848,1,0,1,0,1,1,"Gd",3,"Typ",1,"Gd","Attchd",2004,"RFn",2,420,"TA","TA","Y",140,0,0,0,0,0,NA,NA,NA,0,5,2006,"WD","Normal",155900,"Train"
"1080",1080,20,"RL",65,8775,"Pave",NA,"Reg","Lvl","AllPub","Inside","Gtl","CollgCr","Norm","Norm","1Fam","1Story","5","5",1994,1994,"Gable","CompShg","VinylSd","VinylSd","None",0,"TA","TA","PConc","Gd","TA","No","GLQ",495,"Unf",0,495,990,"GasA","Gd","Y","SBrkr",990,0,0,990,0,0,1,0,3,1,"TA",5,"Typ",0,NA,"Attchd",1996,"Unf",1,299,"TA","TA","Y",0,64,0,0,0,0,NA,NA,NA,0,4,2007,"WD","Normal",126000,"Train"
"1081",1081,20,"RL",80,11040,"Pave",NA,"Reg","Lvl","AllPub","Inside","Gtl","NWAmes","Norm","Norm","1Fam","1Story","6","7",1971,2004,"Gable","CompShg","VinylSd","VinylSd","BrkFace",144,"Gd","Gd","CBlock","TA","TA","No","ALQ",656,"Unf",0,602,1258,"GasA","Ex","Y","SBrkr",1258,0,0,1258,0,1,2,0,3,1,"Gd",5,"Typ",0,NA,"Attchd",1971,"RFn",2,528,"TA","TA","Y",55,0,0,216,0,0,NA,NA,NA,0,10,2008,"COD","Abnorml",145000,"Train"
"1082",1082,20,"RL",75,7500,"Pave",NA,"Reg","Lvl","AllPub","Corner","Gtl","Sawyer","Feedr","Norm","1Fam","1Story","5","5",1963,1963,"Gable","CompShg","HdBoard","HdBoard","None",0,"TA","TA","CBlock","TA","TA","No","ALQ",824,"Unf",0,216,1040,"GasA","Fa","Y","SBrkr",1040,0,0,1040,1,0,1,1,3,1,"TA",5,"Typ",0,NA,"Attchd",1963,"Fin",1,308,"TA","TA","Y",0,0,220,0,0,0,NA,"MnPrv",NA,0,6,2010,"WD","Normal",133000,"Train"
"1083",1083,20,"RL",70,8749,"Pave",NA,"Reg","Lvl","AllPub","Inside","Gtl","CollgCr","Norm","Norm","1Fam","1Story","7","5",2002,2002,"Gable","CompShg","VinylSd","VinylSd","BrkFace",100,"Gd","TA","PConc","Gd","TA","No","Unf",0,"Unf",0,1459,1459,"GasA","Ex","Y","SBrkr",1459,0,0,1459,0,0,2,0,3,1,"Gd",6,"Typ",1,"Gd","Attchd",2002,"RFn",2,527,"TA","TA","Y",192,39,0,0,0,0,NA,NA,NA,0,9,2007,"WD","Normal",192000,"Train"
"1084",1084,20,"RL",80,8800,"Pave",NA,"Reg","Lvl","AllPub","Inside","Gtl","NAmes","Norm","Norm","1Fam","1Story","6","6",1964,1964,"Hip","CompShg","HdBoard","HdBoard","BrkFace",425,"TA","TA","CBlock","TA","TA","No","BLQ",553,"Unf",0,698,1251,"GasA","TA","Y","SBrkr",1251,0,0,1251,1,0,1,0,3,1,"TA",6,"Typ",2,"Gd","Attchd",1964,"RFn",1,461,"TA","TA","Y",0,116,0,0,0,0,NA,"MnPrv","Shed",700,3,2006,"WD","Normal",160000,"Train"
"1085",1085,60,"RL",NA,13031,"Pave",NA,"IR2","Lvl","AllPub","Corner","Gtl","Gilbert","Norm","Norm","1Fam","2Story","6","5",1995,1996,"Gable","CompShg","HdBoard","HdBoard","None",0,"TA","TA","PConc","Gd","TA","No","ALQ",592,"Unf",0,99,691,"GasA","Gd","Y","SBrkr",691,807,0,1498,0,0,2,1,3,1,"TA",6,"Typ",1,"TA","Attchd",1995,"Fin",2,409,"TA","TA","Y",315,44,0,0,0,0,NA,NA,NA,0,7,2006,"WD","Normal",187500,"Train"
"1086",1086,85,"RL",73,9069,"Pave",NA,"Reg","Lvl","AllPub","Inside","Gtl","SawyerW","Norm","Norm","1Fam","SFoyer","6","6",1992,1992,"Gable","CompShg","HdBoard","HdBoard","None",0,"TA","TA","PConc","Gd","TA","Av","GLQ",747,"Unf",0,189,936,"GasA","Ex","Y","SBrkr",996,0,0,996,1,0,1,0,2,1,"Gd",5,"Typ",0,NA,"Attchd",1992,"Unf",2,564,"TA","TA","Y",120,0,0,0,0,0,NA,NA,NA,0,4,2010,"WD","Normal",147000,"Train"
"1087",1087,160,"RM",NA,1974,"Pave",NA,"Reg","Lvl","AllPub","Inside","Gtl","MeadowV","Norm","Norm","TwnhsE","2Story","4","5",1973,1973,"Gable","CompShg","CemntBd","CmentBd","None",0,"TA","TA","CBlock","TA","TA","No","BLQ",334,"Unf",0,212,546,"GasA","TA","Y","SBrkr",546,546,0,1092,0,0,1,1,3,1,"TA",6,"Typ",0,NA,"Attchd",1973,"RFn",1,286,"TA","TA","Y",120,96,0,0,0,0,NA,NA,NA,0,5,2010,"WD","Normal",83500,"Train"
"1088",1088,60,"FV",85,10574,"Pave",NA,"Reg","Lvl","AllPub","Inside","Gtl","Somerst","Norm","Norm","1Fam","2Story","8","5",2005,2006,"Gable","CompShg","VinylSd","VinylSd","None",0,"Gd","TA","PConc","Gd","TA","Mn","Unf",0,"Unf",0,1082,1082,"GasA","Ex","Y","SBrkr",1082,871,0,1953,0,0,2,1,3,1,"Gd",9,"Typ",1,"Gd","Attchd",2005,"RFn",3,1043,"TA","TA","Y",160,50,0,0,0,0,NA,NA,NA,0,5,2009,"WD","Normal",252000,"Train"
"1089",1089,160,"RM",24,2522,"Pave",NA,"Reg","Lvl","AllPub","Inside","Gtl","Edwards","Norm","Norm","Twnhs","2Story","7","5",2004,2004,"Gable","CompShg","VinylSd","VinylSd","Stone",50,"Gd","TA","PConc","Gd","TA","No","Unf",0,"Unf",0,970,970,"GasA","Ex","Y","SBrkr",970,739,0,1709,0,0,2,0,3,1,"Gd",7,"Maj1",0,NA,"Detchd",2004,"Unf",2,380,"TA","TA","Y",0,40,0,0,0,0,NA,NA,NA,0,4,2006,"WD","Normal",137500,"Train"
"1090",1090,120,"FV",37,3316,"Pave","Pave","IR1","Lvl","AllPub","Inside","Gtl","Somerst","Norm","Norm","TwnhsE","1Story","8","5",2005,2005,"Gable","CompShg","MetalSd","MetalSd","None",0,"Gd","TA","PConc","Gd","TA","No","GLQ",1039,"Unf",0,208,1247,"GasA","Ex","Y","SBrkr",1247,0,0,1247,1,0,1,1,1,1,"Gd",4,"Typ",1,"Gd","Attchd",2005,"Fin",2,550,"TA","TA","Y",0,84,0,0,0,0,NA,NA,NA,0,4,2006,"WD","Normal",197000,"Train"
"1091",1091,90,"RL",60,8544,"Pave",NA,"Reg","Lvl","AllPub","Corner","Gtl","NAmes","Norm","Norm","Duplex","1Story","3","4",1950,1950,"Gable","CompShg","BrkFace","BrkFace","None",0,"TA","TA","Slab",NA,NA,NA,NA,0,NA,0,0,0,"Wall","Fa","N","FuseA",1040,0,0,1040,0,0,2,0,2,2,"TA",6,"Typ",0,NA,"Detchd",1987,"Unf",2,400,"TA","TA","Y",0,0,0,0,0,0,NA,NA,NA,0,6,2009,"WD","Normal",92900,"Train"
"1092",1092,160,"FV",24,2160,"Pave","Pave","Reg","Lvl","AllPub","Inside","Gtl","Somerst","Norm","Norm","Twnhs","2Story","7","5",1999,2000,"Gable","CompShg","MetalSd","MetalSd","BrkFace",212,"Gd","TA","PConc","Gd","TA","No","BLQ",510,"Unf",0,90,600,"GasA","Ex","Y","SBrkr",624,628,0,1252,1,0,2,1,2,1,"Gd",4,"Typ",0,NA,"Detchd",1999,"Unf",2,462,"TA","TA","Y",0,48,0,0,0,0,NA,NA,NA,0,3,2008,"WD","Normal",160000,"Train"
"1093",1093,50,"RL",60,8400,"Pave",NA,"Reg","Bnk","AllPub","Inside","Gtl","SWISU","Norm","Norm","1Fam","1.5Fin","6","5",1925,1950,"Gable","CompShg","MetalSd","MetalSd","None",0,"TA","TA","PConc","TA","TA","No","Rec",423,"Unf",0,758,1181,"GasA","Fa","Y","SBrkr",1390,304,0,1694,0,0,2,0,4,1,"TA",7,"Typ",1,"Gd","Detchd",1925,"Unf",2,576,"TA","TA","Y",342,0,128,0,0,0,NA,NA,NA,0,6,2008,"WD","Normal",136500,"Train"
"1094",1094,20,"RL",71,9230,"Pave",NA,"Reg","Lvl","AllPub","Corner","Gtl","NAmes","Feedr","Norm","1Fam","1Story","5","8",1965,1998,"Hip","CompShg","MetalSd","MetalSd","BrkFace",166,"TA","TA","CBlock","TA","TA","Mn","GLQ",661,"Unf",0,203,864,"GasA","Gd","Y","SBrkr",1200,0,0,1200,1,0,1,1,1,1,"Gd",6,"Typ",0,NA,"Detchd",1977,"Unf",2,884,"TA","TA","Y",0,64,0,0,0,0,NA,"MnPrv",NA,0,10,2006,"WD","Normal",146000,"Train"
"1095",1095,20,"RL",74,5868,"Pave",NA,"Reg","Lvl","AllPub","Inside","Gtl","NAmes","Norm","Norm","1Fam","1Story","5","7",1956,2000,"Gable","CompShg","MetalSd","MetalSd","None",0,"TA","TA","CBlock","TA","TA","No","BLQ",248,"Rec",240,448,936,"GasA","Ex","Y","SBrkr",936,0,0,936,1,0,1,0,2,1,"TA",4,"Typ",0,NA,"Attchd",1956,"Fin",1,308,"TA","TA","Y",0,0,80,0,160,0,NA,NA,NA,0,5,2010,"WD","Normal",129000,"Train"
"1096",1096,20,"RL",78,9317,"Pave",NA,"IR1","Lvl","AllPub","Inside","Gtl","CollgCr","Norm","Norm","1Fam","1Story","6","5",2006,2006,"Gable","CompShg","VinylSd","VinylSd","None",0,"Gd","TA","PConc","Gd","TA","No","GLQ",24,"Unf",0,1290,1314,"GasA","Gd","Y","SBrkr",1314,0,0,1314,0,0,2,0,3,1,"Gd",6,"Typ",1,"Gd","Attchd",2006,"RFn",2,440,"TA","TA","Y",0,22,0,0,0,0,NA,NA,NA,0,3,2007,"WD","Normal",176432,"Train"
"1097",1097,70,"RM",60,6882,"Pave",NA,"Reg","Lvl","AllPub","Inside","Gtl","IDOTRR","Norm","Norm","1Fam","2Story","6","7",1914,2006,"Gable","CompShg","Wd Sdng","Wd Sdng","None",0,"TA","TA","PConc","TA","TA","No","Unf",0,"Unf",0,684,684,"GasA","TA","Y","SBrkr",773,582,0,1355,0,0,1,1,3,1,"Gd",7,"Typ",0,NA,NA,NA,NA,0,0,NA,NA,"Y",136,0,115,0,0,0,NA,NA,NA,0,3,2007,"WD","Normal",127000,"Train"
"1098",1098,120,"RL",NA,3696,"Pave",NA,"Reg","Lvl","AllPub","Inside","Gtl","StoneBr","Norm","Norm","TwnhsE","1Story","8","5",1986,1986,"Gable","CompShg","HdBoard","HdBoard","None",0,"Gd","TA","CBlock","Gd","TA","No","Unf",0,"Unf",0,1074,1074,"GasA","Ex","Y","SBrkr",1088,0,0,1088,0,0,1,1,2,1,"Gd",5,"Typ",0,NA,"Attchd",1987,"RFn",2,461,"TA","TA","Y",0,74,137,0,0,0,NA,NA,NA,0,10,2007,"WD","Normal",170000,"Train"
"1099",1099,50,"RM",50,6000,"Pave",NA,"Reg","Lvl","AllPub","Inside","Gtl","BrkSide","Norm","Norm","1Fam","1.5Fin","4","6",1936,1950,"Gable","CompShg","MetalSd","MetalSd","None",0,"TA","TA","BrkTil","TA","TA","No","BLQ",672,"Unf",0,0,672,"GasA","TA","Y","SBrkr",757,567,0,1324,0,0,1,0,3,1,"TA",6,"Typ",0,NA,"Detchd",1936,"Unf",1,240,"TA","TA","Y",0,0,0,0,0,0,NA,NA,NA,0,7,2009,"WD","Normal",128000,"Train"
"1100",1100,20,"RL",82,11880,"Pave",NA,"IR1","Lvl","AllPub","Inside","Gtl","NWAmes","RRAn","Norm","1Fam","1Story","7","5",1978,1978,"Gable","CompShg","Plywood","Plywood","BrkFace",206,"TA","TA","CBlock","Gd","TA","No","ALQ",704,"Unf",0,567,1271,"GasA","TA","Y","SBrkr",1601,0,0,1601,0,0,2,0,3,1,"TA",7,"Typ",1,"TA","Attchd",1978,"RFn",2,478,"TA","TA","Y",0,0,0,0,0,0,NA,NA,NA,0,4,2009,"COD","Abnorml",157000,"Train"
"1101",1101,30,"RL",60,8400,"Pave",NA,"Reg","Bnk","AllPub","Inside","Gtl","SWISU","Norm","Norm","1Fam","1Story","2","5",1920,1950,"Gable","CompShg","Wd Sdng","Wd Sdng","None",0,"TA","TA","CBlock","TA","Fa","No","Rec",290,"Unf",0,0,290,"GasA","TA","N","FuseF",438,0,0,438,0,0,1,0,1,1,"Fa",3,"Typ",0,NA,"Detchd",1930,"Unf",1,246,"TA","TA","N",0,0,0,0,0,0,NA,NA,NA,0,1,2009,"WD","Normal",60000,"Train"
"1102",1102,20,"RL",61,9758,"Pave",NA,"IR1","Lvl","AllPub","Inside","Gtl","NAmes","Norm","Norm","1Fam","1Story","5","5",1971,1971,"Gable","CompShg","HdBoard","MetalSd","None",0,"TA","TA","CBlock","TA","TA","No","BLQ",412,"LwQ",287,251,950,"GasA","TA","Y","SBrkr",950,0,0,950,0,0,1,0,3,1,"TA",5,"Typ",0,NA,"Detchd",1981,"Unf",1,280,"TA","TA","Y",0,0,0,0,0,0,NA,NA,NA,0,7,2007,"WD","Normal",119500,"Train"
"1103",1103,20,"RL",70,7000,"Pave",NA,"Reg","Lvl","AllPub","Inside","Gtl","NAmes","Norm","Norm","1Fam","1Story","5","7",1960,2002,"Gable","CompShg","Wd Sdng","Wd Sdng","BrkFace",45,"TA","TA","CBlock","TA","TA","No","Rec",588,"Unf",0,422,1010,"GasA","Ex","Y","SBrkr",1134,0,0,1134,0,0,1,0,2,1,"TA",6,"Typ",0,NA,"Attchd",1960,"RFn",1,254,"TA","TA","Y",0,16,0,0,0,0,NA,"MnWw",NA,0,4,2007,"WD","Family",135000,"Train"
"1104",1104,20,"RL",79,8910,"Pave",NA,"Reg","Lvl","AllPub","Corner","Gtl","NAmes","Norm","Norm","1Fam","1Story","6","6",1959,1959,"Hip","CompShg","BrkFace","BrkFace","None",0,"TA","TA","CBlock","TA","TA","Mn","ALQ",655,"Unf",0,0,655,"GasA","Ex","Y","SBrkr",1194,0,0,1194,0,1,1,0,3,1,"TA",6,"Typ",1,"Fa","BuiltIn",1954,"Fin",2,539,"TA","TA","Y",0,0,192,0,0,0,NA,NA,NA,0,7,2006,"WD","Normal",159500,"Train"
"1105",1105,160,"RM",24,2016,"Pave",NA,"Reg","Lvl","AllPub","Inside","Gtl","BrDale","Norm","Norm","TwnhsE","2Story","5","5",1970,1970,"Gable","CompShg","HdBoard","HdBoard","BrkFace",304,"TA","TA","CBlock","TA","TA","No","Unf",0,"Unf",0,630,630,"GasA","TA","Y","SBrkr",630,672,0,1302,0,0,2,1,3,1,"TA",6,"Typ",0,NA,"Detchd",1970,"Unf",2,440,"TA","TA","Y",0,0,0,0,0,0,NA,NA,NA,0,4,2007,"WD","Normal",106000,"Train"
"1106",1106,60,"RL",98,12256,"Pave",NA,"IR1","Lvl","AllPub","Corner","Gtl","NoRidge","Norm","Norm","1Fam","2Story","8","5",1994,1995,"Gable","CompShg","HdBoard","HdBoard","BrkFace",362,"Gd","TA","PConc","Ex","TA","Av","GLQ",1032,"Unf",0,431,1463,"GasA","Ex","Y","SBrkr",1500,1122,0,2622,1,0,2,1,3,1,"Gd",9,"Typ",2,"TA","Attchd",1994,"RFn",2,712,"TA","TA","Y",186,32,0,0,0,0,NA,NA,NA,0,4,2010,"WD","Normal",325000,"Train"
"1107",1107,20,"RL",114,10357,"Pave",NA,"IR1","Lvl","AllPub","Corner","Gtl","SawyerW","Feedr","Norm","1Fam","1Story","7","5",1990,1991,"Hip","CompShg","HdBoard","HdBoard","None",0,"Gd","TA","PConc","Gd","TA","Mn","GLQ",738,"Unf",0,172,910,"GasA","Gd","Y","SBrkr",1442,0,0,1442,1,0,2,0,3,1,"Gd",6,"Typ",1,"TA","Attchd",1990,"Fin",2,719,"TA","TA","Y",0,244,0,0,0,0,NA,NA,NA,0,5,2007,"WD","Normal",179900,"Train"
"1108",1108,60,"RL",168,23257,"Pave",NA,"IR3","HLS","AllPub","CulDSac","Gtl","Gilbert","Norm","Norm","1Fam","2Story","7","5",2006,2006,"Gable","CompShg","VinylSd","VinylSd","None",0,"Gd","TA","PConc","Ex","Gd","No","Unf",0,"Unf",0,868,868,"GasA","Ex","Y","SBrkr",887,1134,0,2021,0,0,2,1,3,1,"Gd",9,"Typ",1,"Gd","BuiltIn",2006,"RFn",2,422,"TA","TA","Y",0,100,0,0,0,0,NA,NA,NA,0,9,2006,"New","Partial",274725,"Train"
"1109",1109,60,"RL",NA,8063,"Pave",NA,"Reg","Lvl","AllPub","Inside","Gtl","Gilbert","Norm","Norm","1Fam","2Story","6","5",2000,2000,"Gable","CompShg","VinylSd","VinylSd","None",0,"TA","TA","PConc","Gd","TA","No","Unf",0,"Unf",0,924,924,"GasA","Ex","Y","SBrkr",948,742,0,1690,0,0,2,1,3,1,"TA",7,"Typ",1,"TA","Attchd",2000,"RFn",2,463,"TA","TA","Y",100,48,0,0,0,0,NA,NA,NA,0,11,2007,"WD","Abnorml",181000,"Train"
"1110",1110,20,"RL",107,11362,"Pave",NA,"IR1","Lvl","AllPub","Inside","Gtl","NridgHt","Norm","Norm","1Fam","1Story","8","5",2004,2005,"Gable","CompShg","MetalSd","MetalSd","Stone",42,"Gd","TA","PConc","Ex","TA","Mn","GLQ",1039,"Unf",0,797,1836,"GasA","Ex","Y","SBrkr",1836,0,0,1836,1,0,2,0,3,1,"Gd",7,"Typ",1,"Gd","Attchd",2004,"Fin",3,862,"TA","TA","Y",125,185,0,0,0,0,NA,NA,NA,0,3,2009,"WD","Normal",280000,"Train"
"1111",1111,60,"RL",NA,8000,"Pave",NA,"Reg","Lvl","AllPub","Inside","Gtl","Gilbert","Norm","Norm","1Fam","2Story","6","5",1995,1996,"Gable","CompShg","HdBoard","HdBoard","None",0,"TA","TA","PConc","Gd","TA","No","GLQ",219,"Unf",0,554,773,"GasA","Gd","Y","SBrkr",773,885,0,1658,1,0,2,1,3,1,"TA",8,"Typ",1,"TA","Attchd",1995,"Fin",2,431,"TA","TA","Y",224,84,0,0,0,0,NA,NA,NA,0,6,2008,"WD","Normal",188000,"Train"
"1112",1112,60,"RL",80,10480,"Pave",NA,"Reg","Lvl","AllPub","Inside","Gtl","NWAmes","Norm","Norm","1Fam","2Story","7","6",1976,1976,"Hip","CompShg","Plywood","Plywood","BrkFace",660,"TA","TA","CBlock","TA","TA","No","ALQ",403,"Unf",0,400,803,"GasA","TA","Y","SBrkr",1098,866,0,1964,0,0,2,1,4,1,"TA",8,"Typ",1,"Gd","Attchd",1976,"RFn",2,483,"TA","TA","Y",0,69,0,0,0,0,NA,NA,NA,0,9,2008,"WD","Normal",205000,"Train"
"1113",1113,20,"RL",73,7100,"Pave",NA,"IR1","Lvl","AllPub","Corner","Gtl","NAmes","Norm","Norm","1Fam","1Story","5","7",1957,1957,"Gable","CompShg","WdShing","Wd Shng","None",0,"TA","TA","CBlock","TA","TA","No","GLQ",708,"Unf",0,108,816,"GasA","TA","Y","FuseA",816,0,0,816,1,0,1,0,2,1,"TA",5,"Typ",0,NA,"Detchd",1957,"Unf",1,308,"TA","TA","Y",0,0,0,0,0,0,NA,NA,NA,0,7,2006,"WD","Normal",129900,"Train"
"1114",1114,20,"RL",66,8923,"Pave",NA,"Reg","Lvl","AllPub","Inside","Gtl","NAmes","Norm","Norm","1Fam","1Story","5","7",1953,2006,"Gable","CompShg","Wd Sdng","Wd Sdng","None",0,"TA","TA","CBlock","TA","TA","No","BLQ",643,"Unf",0,365,1008,"GasA","Gd","Y","SBrkr",1008,0,0,1008,1,0,1,0,2,1,"Gd",6,"Typ",0,NA,"Attchd",1953,"Unf",1,240,"TA","TA","Y",0,18,0,0,0,0,NA,NA,NA,0,5,2007,"WD","Normal",134500,"Train"
"1115",1115,20,"RL",90,5400,"Pave",NA,"Reg","Lvl","AllPub","Inside","Gtl","OldTown","Norm","Norm","1Fam","1Story","5","7",1954,2000,"Gable","CompShg","MetalSd","MetalSd","None",0,"TA","Gd","CBlock","TA","TA","No","Rec",415,"Unf",0,418,833,"GasA","Ex","Y","SBrkr",833,0,0,833,0,0,1,0,2,1,"Gd",4,"Typ",0,NA,"Detchd",1955,"Unf",1,326,"TA","TA","Y",0,0,0,0,0,0,NA,"MnPrv",NA,0,8,2006,"WD","Normal",117000,"Train"
"1116",1116,20,"RL",93,12085,"Pave",NA,"Reg","Lvl","AllPub","Inside","Gtl","NridgHt","Norm","Norm","1Fam","1Story","8","5",2007,2007,"Hip","CompShg","VinylSd","VinylSd","Stone",328,"Gd","TA","PConc","Ex","TA","No","GLQ",1004,"Unf",0,730,1734,"GasA","Ex","Y","SBrkr",1734,0,0,1734,1,0,2,0,3,1,"Ex",7,"Typ",1,"Gd","Attchd",2007,"RFn",3,928,"TA","TA","Y",0,0,0,0,0,0,NA,NA,NA,0,11,2007,"New","Partial",318000,"Train"
"1117",1117,80,"RL",NA,7750,"Pave",NA,"Reg","Lvl","AllPub","Inside","Gtl","Gilbert","Norm","Norm","1Fam","SLvl","8","5",2002,2002,"Hip","CompShg","VinylSd","VinylSd","None",0,"Gd","TA","PConc","Gd","TA","No","GLQ",353,"Unf",0,55,408,"GasA","Ex","Y","SBrkr",779,640,0,1419,1,0,2,1,3,1,"Gd",7,"Typ",1,"TA","BuiltIn",2002,"Fin",2,527,"TA","TA","Y",120,0,0,0,0,0,NA,NA,NA,0,3,2009,"WD","Normal",184100,"Train"
"1118",1118,20,"RL",57,9764,"Pave",NA,"IR1","Lvl","AllPub","FR2","Gtl","Sawyer","Feedr","Norm","1Fam","1Story","5","7",1967,2003,"Gable","CompShg","VinylSd","VinylSd","None",0,"TA","TA","CBlock","TA","TA","No","BLQ",702,"Unf",0,192,894,"GasA","Ex","Y","SBrkr",894,0,0,894,1,0,1,0,3,1,"Gd",5,"Typ",0,NA,"Attchd",1967,"RFn",2,450,"TA","TA","Y",0,0,0,0,0,0,NA,NA,NA,0,5,2008,"WD","Normal",130000,"Train"
"1119",1119,80,"RL",85,13825,"Pave",NA,"Reg","Lvl","AllPub","Inside","Gtl","Sawyer","Norm","Norm","1Fam","SLvl","5","6",1958,1987,"Gable","CompShg","MetalSd","MetalSd","None",0,"TA","Gd","CBlock","TA","TA","No","Unf",0,"Unf",0,533,533,"GasA","TA","Y","SBrkr",1021,580,0,1601,0,1,1,0,3,1,"TA",6,"Min2",0,NA,"BuiltIn",1958,"RFn",1,300,"TA","TA","Y",280,34,0,0,0,0,NA,NA,NA,0,12,2008,"WD","Normal",140000,"Train"
"1120",1120,20,"RL",70,7560,"Pave",NA,"Reg","Lvl","AllPub","Inside","Gtl","NAmes","Norm","Norm","1Fam","1Story","5","5",1959,1959,"Gable","CompShg","BrkFace","Wd Sdng","None",0,"TA","TA","CBlock","TA","TA","No","LwQ",369,"Unf",0,671,1040,"GasA","TA","Y","FuseA",1040,0,0,1040,0,0,1,0,3,1,"TA",6,"Typ",0,NA,"Attchd",1959,"RFn",1,286,"TA","TA","Y",140,0,252,0,0,0,NA,"GdWo",NA,0,7,2006,"WD","Normal",133700,"Train"
"1121",1121,30,"RM",59,8263,"Pave",NA,"Reg","Bnk","AllPub","Inside","Mod","IDOTRR","Norm","Norm","1Fam","1Story","6","5",1920,1950,"Gable","CompShg","BrkFace","BrkFace","None",0,"TA","TA","BrkTil","TA","TA","No","Unf",0,"Unf",0,1012,1012,"GasA","TA","Y","FuseA",1012,0,0,1012,0,0,1,0,2,1,"TA",6,"Typ",1,"Gd","Detchd",1920,"Unf",1,308,"TA","TA","Y",0,22,112,0,0,0,NA,"MnPrv",NA,0,5,2007,"WD","Normal",118400,"Train"
"1122",1122,20,"RL",84,10084,"Pave",NA,"Reg","Lvl","AllPub","Inside","Gtl","CollgCr","Norm","Norm","1Fam","1Story","7","5",2005,2006,"Gable","CompShg","VinylSd","VinylSd","BrkFace",196,"Gd","TA","PConc","Gd","TA","Av","GLQ",24,"Unf",0,1528,1552,"GasA","Ex","Y","SBrkr",1552,0,0,1552,0,0,2,0,3,1,"Gd",7,"Typ",0,NA,"Attchd",2005,"RFn",3,782,"TA","TA","Y",144,20,0,0,0,0,NA,NA,NA,0,7,2006,"New","Partial",212900,"Train"
"1123",1123,20,"RL",NA,8926,"Pave",NA,"IR1","Lvl","AllPub","Corner","Gtl","Edwards","Norm","Norm","1Fam","1Story","4","3",1956,1956,"Gable","CompShg","AsbShng","AsbShng","None",0,"TA","TA","CBlock","TA","TA","No","Unf",0,"Unf",0,672,672,"GasA","Ex","Y","FuseA",960,0,0,960,0,0,1,0,3,1,"TA",5,"Typ",0,NA,"Basment",1956,"Unf",1,288,"TA","TA","Y",64,0,0,0,160,0,NA,"MnPrv",NA,0,10,2009,"COD","Abnorml",112000,"Train"
"1124",1124,20,"RL",50,9405,"Pave",NA,"Reg","Lvl","AllPub","Inside","Gtl","Edwards","Norm","Norm","1Fam","1Story","5","9",1947,2008,"Hip","CompShg","VinylSd","VinylSd","None",0,"TA","Ex","CBlock","TA","TA","No","Unf",0,"Unf",0,698,698,"GasA","Ex","Y","SBrkr",698,0,0,698,0,1,1,0,2,1,"TA",4,"Typ",0,NA,NA,NA,NA,0,0,NA,NA,"Y",0,200,0,0,0,0,NA,NA,NA,0,6,2009,"WD","Normal",118000,"Train"
"1125",1125,80,"RL",NA,9125,"Pave",NA,"IR1","Lvl","AllPub","Inside","Gtl","Gilbert","Norm","Norm","1Fam","SLvl","7","5",1992,1992,"Gable","CompShg","HdBoard","HdBoard","BrkFace",170,"TA","TA","PConc","Gd","TA","No","Unf",0,"Unf",0,384,384,"GasA","Gd","Y","SBrkr",812,670,0,1482,0,0,2,1,3,1,"Gd",7,"Typ",1,"TA","Attchd",1992,"Fin",2,392,"TA","TA","Y",100,25,0,0,0,0,NA,NA,NA,0,7,2007,"WD","Normal",163900,"Train"
"1126",1126,20,"RL",60,10434,"Pave",NA,"Reg","Lvl","AllPub","Inside","Gtl","NAmes","Norm","Norm","1Fam","1Story","4","5",1955,1955,"Gable","CompShg","Plywood","Plywood","None",0,"TA","TA","CBlock","TA","TA","No","Unf",0,"Unf",0,1005,1005,"GasA","TA","Y","SBrkr",1005,0,0,1005,0,0,1,0,2,1,"Fa",5,"Typ",1,"TA","Detchd",1977,"Unf",2,672,"Fa","Fa","Y",0,0,0,0,0,0,NA,NA,NA,0,11,2009,"WD","Normal",115000,"Train"
"1127",1127,120,"RL",53,3684,"Pave",NA,"Reg","Lvl","AllPub","Inside","Gtl","Blmngtn","Norm","Norm","TwnhsE","1Story","7","5",2007,2007,"Hip","CompShg","VinylSd","VinylSd","BrkFace",130,"Gd","TA","PConc","Gd","TA","No","Unf",0,"Unf",0,1373,1373,"GasA","Ex","Y","SBrkr",1555,0,0,1555,0,0,2,0,2,1,"Gd",7,"Typ",1,"TA","Attchd",2007,"Fin",3,660,"TA","TA","Y",143,20,0,0,0,0,NA,NA,NA,0,6,2009,"WD","Normal",174000,"Train"
"1128",1128,20,"RL",182,14572,"Pave",NA,"IR3","Lvl","AllPub","Corner","Gtl","Gilbert","Norm","Norm","1Fam","1Story","7","5",2004,2004,"Hip","CompShg","VinylSd","VinylSd","None",0,"Gd","TA","PConc","Gd","TA","Av","GLQ",1300,"Unf",0,230,1530,"GasA","Ex","Y","SBrkr",1530,0,0,1530,1,0,2,0,3,1,"Gd",7,"Typ",1,"Gd","Attchd",2004,"Fin",3,630,"TA","TA","Y",144,36,0,0,0,0,NA,NA,NA,0,11,2007,"WD","Family",259000,"Train"
"1129",1129,60,"RL",59,11796,"Pave",NA,"IR1","Lvl","AllPub","Inside","Gtl","Gilbert","Norm","Norm","1Fam","2Story","7","5",2004,2005,"Gable","CompShg","VinylSd","VinylSd","None",0,"Gd","TA","PConc","Gd","TA","Av","Unf",0,"Unf",0,847,847,"GasA","Ex","Y","SBrkr",847,1112,0,1959,0,0,2,1,4,1,"Gd",8,"Typ",1,"Gd","BuiltIn",2004,"Fin",2,434,"TA","TA","Y",100,48,0,0,0,0,NA,NA,NA,0,7,2007,"WD","Normal",215000,"Train"
"1130",1130,90,"RM",60,7200,"Pave","Grvl","Reg","Lvl","AllPub","Inside","Gtl","OldTown","Norm","Norm","Duplex","SFoyer","5","5",1980,1980,"Gable","CompShg","MetalSd","MetalSd","BrkFace",180,"TA","TA","CBlock","Gd","TA","Gd","GLQ",936,"Unf",0,0,936,"GasA","TA","Y","SBrkr",936,0,0,936,1,0,1,0,2,1,"TA",4,"Typ",0,NA,"Detchd",1980,"Unf",2,672,"TA","TA","Y",49,0,0,0,0,0,NA,NA,NA,0,8,2007,"WD","Normal",140000,"Train"
"1131",1131,50,"RL",65,7804,"Pave",NA,"Reg","Lvl","AllPub","Inside","Gtl","SWISU","Norm","Norm","1Fam","1.5Fin","4","3",1928,1950,"Gable","CompShg","WdShing","Plywood","None",0,"TA","TA","BrkTil","TA","TA","No","BLQ",622,"Unf",0,500,1122,"GasA","TA","Y","SBrkr",1328,653,0,1981,1,0,2,0,4,1,"Gd",7,"Min2",2,"TA","Detchd",1981,"Unf",2,576,"TA","TA","Y",431,44,0,0,0,0,NA,"MnPrv",NA,0,12,2009,"WD","Normal",135000,"Train"
"1132",1132,20,"RL",63,10712,"Pave",NA,"Reg","Lvl","AllPub","Inside","Gtl","Mitchel","Norm","Norm","1Fam","1Story","5","5",1991,1992,"Gable","CompShg","HdBoard","HdBoard","None",0,"TA","TA","PConc","Gd","TA","Mn","BLQ",212,"Unf",0,762,974,"GasA","TA","Y","SBrkr",974,0,0,974,0,0,1,0,3,1,"TA",5,"Typ",0,NA,NA,NA,NA,0,0,NA,NA,"Y",0,28,0,0,0,0,NA,"MnPrv",NA,0,9,2007,"Oth","Abnorml",93500,"Train"
"1133",1133,70,"RM",90,9900,"Pave",NA,"Reg","Lvl","AllPub","Inside","Gtl","OldTown","Norm","Norm","1Fam","2Story","6","4",1880,1950,"Gable","CompShg","Wd Sdng","Wd Sdng","None",0,"TA","TA","BrkTil","TA","TA","Mn","Unf",0,"Unf",0,1008,1008,"GasW","TA","Y","SBrkr",1178,1032,0,2210,0,0,2,0,5,1,"Fa",8,"Typ",0,NA,"Detchd",1930,"Unf",1,205,"Fa","TA","N",0,48,0,0,0,0,NA,NA,NA,0,5,2007,"WD","Normal",117500,"Train"
"1134",1134,60,"RL",80,9828,"Pave",NA,"IR1","Lvl","AllPub","Inside","Gtl","SawyerW","Norm","Norm","1Fam","2Story","8","5",1995,1995,"Gable","CompShg","VinylSd","VinylSd","None",0,"Gd","TA","PConc","Gd","TA","No","GLQ",584,"Unf",0,544,1128,"GasA","Ex","Y","SBrkr",1142,878,0,2020,0,0,2,1,3,1,"Gd",8,"Typ",1,"TA","Attchd",1995,"RFn",2,466,"TA","TA","Y",0,155,0,0,0,0,NA,NA,NA,0,6,2009,"WD","Normal",239500,"Train"
"1135",1135,60,"RL",57,8773,"Pave",NA,"IR1","HLS","AllPub","Inside","Gtl","Gilbert","Norm","Norm","1Fam","2Story","6","5",1997,1997,"Gable","CompShg","VinylSd","VinylSd","None",0,"TA","TA","PConc","Gd","TA","Av","Unf",0,"Unf",0,916,916,"GasA","Gd","Y","SBrkr",916,684,0,1600,0,0,2,1,3,1,"TA",7,"Typ",1,"TA","Attchd",1997,"Fin",2,460,"TA","TA","Y",100,38,0,0,0,0,NA,NA,NA,0,8,2007,"WD","Normal",169000,"Train"
"1136",1136,30,"RM",60,6180,"Pave",NA,"Reg","Lvl","AllPub","Corner","Gtl","BrkSide","Norm","Norm","1Fam","1Story","6","5",1926,1950,"Gable","CompShg","Wd Sdng","Wd Sdng","None",0,"TA","TA","BrkTil","TA","TA","No","Unf",0,"Unf",0,960,960,"GasA","TA","N","SBrkr",986,0,0,986,0,0,1,0,2,1,"TA",5,"Typ",1,"Gd","Detchd",1926,"Unf",1,180,"TA","TA","Y",0,128,0,0,0,0,NA,NA,NA,0,5,2007,"WD","Normal",102000,"Train"
"1137",1137,50,"RL",80,9600,"Pave",NA,"Reg","Lvl","AllPub","Inside","Gtl","NAmes","Norm","Norm","1Fam","1.5Fin","6","5",1950,1950,"Gable","CompShg","VinylSd","VinylSd","None",0,"TA","TA","CBlock","TA","TA","No","BLQ",280,"Unf",0,752,1032,"GasA","TA","Y","FuseA",1032,220,0,1252,0,0,1,0,3,1,"TA",6,"Typ",0,NA,"Attchd",1950,"Unf",1,288,"TA","TA","Y",0,0,96,0,0,0,NA,NA,NA,0,4,2008,"WD","Abnorml",119000,"Train"
"1138",1138,50,"RL",54,6342,"Pave",NA,"Reg","Lvl","AllPub","Inside","Gtl","Sawyer","Feedr","Norm","1Fam","1.5Fin","5","8",1875,1996,"Gable","CompShg","VinylSd","VinylSd","None",0,"TA","Gd","CBlock","TA","TA","No","Unf",0,"Unf",0,780,780,"GasA","Gd","N","SBrkr",780,240,0,1020,0,0,1,0,2,1,"TA",6,"Typ",0,NA,NA,NA,NA,0,0,NA,NA,"N",0,0,176,0,0,0,NA,NA,NA,0,5,2010,"WD","Normal",94000,"Train"
"1139",1139,20,"RL",NA,9819,"Pave",NA,"IR1","Lvl","AllPub","Inside","Mod","Mitchel","Norm","Norm","1Fam","1Story","6","5",1977,1977,"Gable","CompShg","Plywood","ImStucc","None",0,"TA","TA","PConc","TA","TA","Gd","ALQ",1567,"Unf",0,0,1567,"GasA","TA","Y","SBrkr",1567,0,0,1567,1,0,2,0,2,1,"Gd",5,"Typ",2,"TA","Attchd",1977,"RFn",2,714,"TA","TA","Y",264,32,0,0,0,0,NA,NA,NA,0,5,2009,"WD","Normal",196000,"Train"
"1140",1140,30,"RL",98,8731,"Pave",NA,"IR1","Lvl","AllPub","Inside","Gtl","BrkSide","Norm","Norm","1Fam","1Story","5","5",1920,1950,"Gable","CompShg","Stucco","Stucco","None",0,"TA","Fa","BrkTil","TA","TA","No","BLQ",645,"Unf",0,270,915,"GasA","TA","Y","SBrkr",1167,0,0,1167,0,0,1,0,3,1,"TA",6,"Maj1",1,"Gd","Detchd",1972,"Unf",2,495,"TA","TA","Y",0,0,216,0,126,0,NA,NA,NA,0,5,2007,"WD","Normal",144000,"Train"
"1141",1141,20,"RL",60,7350,"Pave",NA,"Reg","Lvl","AllPub","Corner","Gtl","NAmes","Norm","Norm","1Fam","1Story","5","7",1951,1951,"Gable","CompShg","HdBoard","HdBoard","None",0,"TA","TA","CBlock","TA","TA","Mn","ALQ",852,"Unf",0,100,952,"GasA","TA","Y","SBrkr",952,0,0,952,1,0,1,0,2,1,"TA",4,"Typ",0,NA,"Detchd",1988,"Unf",2,840,"TA","TA","Y",0,0,0,0,0,0,NA,NA,NA,0,6,2008,"COD","Abnorml",139000,"Train"
"1142",1142,60,"RL",NA,10304,"Pave",NA,"IR1","Lvl","AllPub","CulDSac","Gtl","NWAmes","PosN","Norm","1Fam","2Story","5","7",1976,1976,"Gable","CompShg","Plywood","Plywood","BrkFace",44,"TA","Gd","CBlock","TA","TA","No","ALQ",381,"Unf",0,399,780,"GasA","Ex","Y","SBrkr",1088,780,0,1868,1,0,2,1,4,1,"Gd",9,"Typ",1,"TA","Attchd",1976,"Unf",2,484,"TA","TA","Y",448,96,0,0,0,0,NA,NA,NA,0,10,2009,"WD","Normal",197500,"Train"
"1143",1143,60,"RL",77,9965,"Pave",NA,"Reg","Lvl","AllPub","Inside","Gtl","CollgCr","Norm","Norm","1Fam","2Story","8","5",2006,2007,"Hip","CompShg","VinylSd","VinylSd","Stone",340,"Gd","TA","PConc","Ex","TA","Gd","GLQ",1150,"Unf",0,316,1466,"GasA","Ex","Y","SBrkr",1466,1362,0,2828,1,0,3,0,4,1,"Gd",11,"Typ",1,"TA","BuiltIn",2006,"RFn",3,1052,"TA","TA","Y",125,144,0,0,0,0,NA,NA,NA,0,4,2007,"New","Partial",424870,"Train"
"1144",1144,20,"RL",NA,9000,"Pave",NA,"Reg","Lvl","AllPub","Inside","Gtl","Sawyer","Norm","Norm","1Fam","1Story","5","3",1959,1959,"Gable","CompShg","Wd Sdng","Plywood","None",0,"TA","TA","CBlock","TA","TA","No","GLQ",288,"Unf",0,718,1006,"GasA","TA","Y","SBrkr",1006,0,0,1006,0,0,1,0,3,1,"TA",5,"Typ",0,NA,NA,NA,NA,0,0,NA,NA,"Y",0,24,0,0,0,0,NA,NA,NA,0,7,2008,"WD","Normal",80000,"Train"
"1145",1145,190,"RL",60,12180,"Pave",NA,"Reg","Lvl","AllPub","Inside","Gtl","Edwards","Norm","Norm","2fmCon","1.5Fin","4","4",1941,1950,"Gable","CompShg","MetalSd","MetalSd","None",0,"TA","Fa","BrkTil","Gd","TA","No","BLQ",348,"Unf",0,324,672,"Grav","Fa","N","FuseA",672,252,0,924,1,0,1,0,2,1,"Fa",5,"Typ",0,NA,"Detchd",1941,"Unf",1,280,"TA","TA","Y",0,0,0,0,0,0,NA,"MnPrv",NA,0,7,2010,"WD","Normal",80000,"Train"
"1146",1146,50,"RM",52,6240,"Pave",NA,"Reg","Lvl","AllPub","Inside","Gtl","BrkSide","Norm","Norm","1Fam","1.5Fin","5","6",1928,1950,"Gable","CompShg","MetalSd","MetalSd","None",0,"TA","TA","BrkTil","TA","TA","No","Unf",0,"Unf",0,1042,1042,"GasA","Ex","Y","SBrkr",1042,534,0,1576,0,0,1,0,3,1,"TA",8,"Typ",1,"Gd","Detchd",1928,"Unf",1,225,"TA","TA","Y",0,0,0,0,0,0,NA,NA,NA,0,8,2006,"WD","Family",149000,"Train"
"1147",1147,20,"RL",NA,11200,"Pave",NA,"Reg","Lvl","AllPub","Inside","Gtl","SawyerW","Norm","Norm","1Fam","1Story","6","5",1985,1985,"Gable","CompShg","Wd Sdng","Wd Shng","BrkFace",85,"Gd","TA","CBlock","Gd","TA","No","GLQ",1258,"Unf",0,40,1298,"GasA","TA","Y","SBrkr",1298,0,0,1298,1,0,2,0,3,1,"Gd",5,"Typ",1,"TA","Attchd",1985,"Unf",2,403,"TA","TA","Y",165,26,0,0,0,0,NA,NA,NA,0,5,2006,"WD","Normal",180000,"Train"
"1148",1148,70,"RL",75,12000,"Pave",NA,"Reg","Bnk","AllPub","Inside","Gtl","Crawfor","Norm","Norm","1Fam","2Story","7","7",1941,1950,"Gable","CompShg","MetalSd","MetalSd","None",0,"TA","TA","CBlock","TA","TA","No","Rec",275,"Unf",0,429,704,"GasA","Ex","Y","SBrkr",860,704,0,1564,0,0,1,1,3,1,"Fa",7,"Typ",1,"Gd","Attchd",1941,"Unf",1,234,"TA","TA","Y",0,0,0,0,0,0,NA,NA,NA,0,7,2009,"WD","Normal",174500,"Train"
"1149",1149,50,"RM",NA,5700,"Pave",NA,"Reg","Lvl","AllPub","Inside","Gtl","OldTown","Norm","Norm","1Fam","1.5Fin","7","7",1926,1950,"Gable","CompShg","Wd Sdng","Wd Sdng","None",0,"TA","TA","PConc","TA","TA","No","Unf",0,"Unf",0,572,572,"GasA","TA","Y","SBrkr",572,539,0,1111,0,0,1,0,2,1,"TA",5,"Typ",1,"Gd","Detchd",1982,"Unf",1,288,"TA","TA","Y",0,0,176,0,0,0,NA,NA,NA,0,8,2008,"WD","Normal",116900,"Train"
"1150",1150,70,"RM",50,9000,"Pave",NA,"Reg","Lvl","AllPub","Inside","Gtl","OldTown","Artery","Norm","1Fam","2Story","7","9",1920,1988,"Hip","CompShg","VinylSd","VinylSd","None",0,"TA","Gd","PConc","TA","TA","No","ALQ",624,"Unf",0,26,650,"GasA","Ex","Y","SBrkr",832,650,0,1482,0,1,1,0,3,1,"TA",7,"Typ",0,NA,"Detchd",1930,"Unf",2,324,"TA","TA","Y",0,0,0,0,0,0,NA,NA,NA,0,7,2009,"WD","Normal",143000,"Train"
"1151",1151,20,"RL",57,8280,"Pave",NA,"IR1","Lvl","AllPub","Inside","Gtl","NAmes","Norm","Norm","1Fam","1Story","6","5",1950,1950,"Gable","CompShg","BrkFace","BrkFace","None",0,"TA","TA","CBlock","TA","TA","No","Unf",0,"Unf",0,932,932,"GasA","Ex","Y","FuseA",932,0,0,932,0,0,1,0,2,1,"Gd",4,"Typ",1,"Gd","Attchd",1950,"Unf",1,306,"TA","TA","Y",0,0,214,0,0,0,NA,"GdPrv",NA,0,11,2007,"WD","Normal",124000,"Train"
"1152",1152,20,"RL",134,17755,"Pave",NA,"Reg","Lvl","AllPub","Inside","Gtl","Edwards","Norm","Norm","1Fam","1Story","5","4",1959,1959,"Gable","CompShg","HdBoard","Plywood","BrkFace",132,"TA","TA","CBlock","TA","TA","No","BLQ",176,"Unf",0,1290,1466,"GasA","TA","Y","SBrkr",1466,0,0,1466,0,0,1,1,3,1,"Fa",6,"Typ",2,"Gd","Attchd",1959,"Fin",2,528,"TA","TA","Y",0,140,0,0,100,0,NA,NA,NA,0,11,2006,"WD","Normal",149900,"Train"
"1153",1153,20,"RL",90,14115,"Pave",NA,"IR1","Lvl","AllPub","Inside","Gtl","Crawfor","Norm","Norm","1Fam","1Story","6","7",1956,2004,"Gable","CompShg","Stone","Stone","None",0,"TA","TA","PConc","TA","TA","No","ALQ",296,"GLQ",547,230,1073,"GasA","Ex","Y","SBrkr",1811,0,0,1811,0,0,1,0,2,1,"Ex",6,"Typ",1,"Gd","Attchd",1956,"Fin",2,470,"TA","TA","Y",0,0,280,0,0,0,NA,NA,NA,0,7,2006,"WD","Abnorml",230000,"Train"
"1154",1154,30,"RM",NA,5890,"Pave",NA,"Reg","Lvl","AllPub","Corner","Gtl","IDOTRR","Norm","Norm","1Fam","1Story","6","8",1930,2007,"Gable","CompShg","Wd Sdng","Wd Sdng","None",0,"Gd","Gd","BrkTil","TA","TA","Av","ALQ",538,"Unf",0,278,816,"GasA","Ex","Y","SBrkr",816,0,0,816,0,0,1,0,2,1,"TA",5,"Typ",0,NA,"Detchd",2002,"Unf",1,432,"TA","TA","Y",0,0,96,0,0,0,NA,NA,NA,0,6,2008,"WD","Normal",120500,"Train"
"1155",1155,60,"RL",NA,13700,"Pave",NA,"IR1","Lvl","AllPub","Inside","Gtl","NAmes","Norm","Norm","1Fam","2Story","7","6",1965,1988,"Gable","CompShg","VinylSd","VinylSd","Stone",288,"TA","TA","CBlock","TA","TA","Gd","ALQ",454,"Unf",0,410,864,"GasA","TA","Y","SBrkr",902,918,0,1820,0,0,1,2,4,1,"Gd",8,"Typ",2,"Gd","Attchd",1965,"Unf",2,492,"TA","TA","Y",60,84,0,0,273,0,NA,"GdPrv",NA,0,5,2008,"WD","Normal",201800,"Train"
"1156",1156,20,"RL",90,10768,"Pave",NA,"IR1","Lvl","AllPub","Corner","Gtl","Veenker","Norm","Norm","1Fam","1Story","5","8",1976,2004,"Gable","CompShg","Plywood","Plywood","None",0,"Gd","Gd","CBlock","Gd","TA","Gd","ALQ",1157,"Unf",0,280,1437,"GasA","TA","Y","SBrkr",1437,0,0,1437,1,0,2,0,3,1,"Gd",6,"Typ",1,"Fa","Attchd",1976,"RFn",2,528,"TA","TA","Y",0,21,0,0,180,0,NA,NA,NA,0,7,2007,"WD","Normal",218000,"Train"
"1157",1157,80,"RL",85,9350,"Pave",NA,"Reg","Lvl","AllPub","Inside","Gtl","NAmes","Norm","Norm","1Fam","SLvl","5","8",1965,1999,"Gable","CompShg","BrkFace","BrkFace","None",0,"TA","Gd","PConc","TA","TA","Gd","ALQ",633,"Unf",0,586,1219,"GasA","Gd","Y","SBrkr",1265,0,0,1265,0,1,2,0,3,1,"Gd",6,"Typ",1,"Gd","Attchd",1965,"RFn",2,502,"TA","TA","Y",0,92,0,96,0,0,NA,"MnPrv",NA,0,10,2008,"WD","Normal",179900,"Train"
"1158",1158,120,"RL",34,5001,"Pave",NA,"IR1","Lvl","AllPub","Inside","Gtl","NridgHt","Norm","Norm","Twnhs","1Story","7","5",2007,2008,"Gable","CompShg","VinylSd","VinylSd","Stone",166,"Gd","TA","PConc","Gd","TA","No","GLQ",904,"Unf",0,410,1314,"GasA","Ex","Y","SBrkr",1314,0,0,1314,1,0,2,0,2,1,"Gd",6,"Typ",1,"Gd","Attchd",2008,"RFn",2,626,"TA","TA","Y",172,62,0,0,0,0,NA,NA,NA,0,7,2009,"WD","Normal",230000,"Train"
"1159",1159,20,"RL",92,11932,"Pave",NA,"Reg","Lvl","AllPub","FR2","Gtl","Somerst","Feedr","Norm","1Fam","1Story","8","5",2007,2008,"Gable","CompShg","VinylSd","VinylSd","Stone",186,"Gd","TA","PConc","Gd","TA","No","Unf",0,"Unf",0,1580,1580,"GasA","Ex","Y","SBrkr",1580,0,0,1580,0,0,2,0,3,1,"Gd",7,"Typ",0,NA,"Attchd",2008,"RFn",3,830,"TA","TA","Y",0,24,0,0,0,0,NA,NA,NA,0,6,2008,"ConLD","Partial",235128,"Train"
"1160",1160,60,"RL",76,9120,"Pave",NA,"Reg","Lvl","AllPub","Inside","Gtl","NWAmes","Norm","Norm","1Fam","2Story","6","6",1974,1974,"Hip","CompShg","HdBoard","HdBoard","BrkFace",270,"Gd","TA","CBlock","TA","TA","No","ALQ",442,"Unf",0,459,901,"GasA","TA","Y","SBrkr",943,933,0,1876,0,0,2,1,4,1,"Gd",8,"Typ",1,"TA","Attchd",1974,"RFn",2,540,"Gd","TA","Y",0,69,0,0,0,0,NA,NA,NA,0,7,2008,"WD","Normal",185000,"Train"
"1161",1161,160,"RL",24,2280,"Pave",NA,"Reg","Lvl","AllPub","Inside","Gtl","NPkVill","Norm","Norm","Twnhs","2Story","6","5",1978,1978,"Gable","CompShg","Plywood","Brk Cmn","None",0,"TA","TA","CBlock","Gd","TA","No","ALQ",311,"Unf",0,544,855,"GasA","Fa","Y","SBrkr",855,601,0,1456,0,0,2,1,3,1,"TA",7,"Typ",1,"TA","Attchd",1978,"Unf",2,440,"TA","TA","Y",26,0,0,0,0,0,NA,NA,NA,0,7,2010,"WD","Normal",146000,"Train"
"1162",1162,20,"RL",NA,14778,"Pave",NA,"IR1","Low","AllPub","CulDSac","Gtl","Crawfor","PosN","Norm","1Fam","1Story","6","7",1954,2006,"Hip","CompShg","HdBoard","HdBoard","BrkFace",72,"Gd","TA","CBlock","TA","TA","No","BLQ",728,"Unf",0,568,1296,"GasA","Ex","Y","SBrkr",1640,0,0,1640,1,0,1,0,3,1,"Gd",7,"Typ",1,"Gd","Detchd",1993,"Unf",2,924,"TA","TA","Y",108,0,0,216,0,0,NA,NA,NA,0,11,2008,"WD","Normal",224000,"Train"
"1163",1163,20,"RL",109,8724,"Pave",NA,"Reg","Lvl","AllPub","Inside","Gtl","Sawyer","Norm","Norm","1Fam","1Story","5","5",1968,1968,"Gable","CompShg","VinylSd","VinylSd","None",0,"TA","TA","CBlock","Gd","TA","No","BLQ",492,"Unf",0,402,894,"GasA","Gd","Y","SBrkr",894,0,0,894,0,0,1,0,3,1,"TA",5,"Typ",1,"Po","Attchd",1968,"Fin",2,450,"TA","TA","Y",0,0,0,0,0,0,NA,NA,NA,0,5,2007,"WD","Normal",129000,"Train"
"1164",1164,90,"RL",60,12900,"Pave",NA,"Reg","Lvl","AllPub","Inside","Gtl","Sawyer","Feedr","Norm","Duplex","SFoyer","4","4",1969,1969,"Gable","CompShg","Plywood","Plywood","None",0,"TA","TA","CBlock","Gd","TA","Av","GLQ",1198,"Unf",0,0,1198,"GasA","TA","Y","SBrkr",1258,0,0,1258,2,0,0,2,0,2,"TA",6,"Typ",0,NA,"CarPort",1969,"Unf",2,400,"Fa","TA","Y",120,0,0,0,0,0,NA,NA,NA,0,1,2008,"WD","Alloca",108959,"Train"
"1165",1165,80,"RL",NA,16157,"Pave",NA,"IR1","Lvl","AllPub","FR2","Gtl","Veenker","Feedr","Norm","1Fam","SLvl","5","7",1978,1978,"Gable","CompShg","Plywood","Plywood","None",0,"TA","TA","PConc","Gd","TA","Gd","ALQ",680,"Rec",391,289,1360,"GasA","Ex","Y","SBrkr",1432,0,0,1432,1,0,1,1,2,1,"Gd",5,"Typ",1,"TA","Attchd",1978,"Unf",2,588,"TA","TA","Y",168,180,0,0,0,0,NA,NA,NA,0,6,2007,"WD","Normal",194000,"Train"
"1166",1166,20,"RL",79,9541,"Pave",NA,"IR1","Lvl","AllPub","Inside","Gtl","NridgHt","Norm","Norm","1Fam","1Story","7","5",2009,2009,"Gable","CompShg","VinylSd","VinylSd","Stone",268,"Gd","TA","PConc","Gd","TA","No","Unf",0,"Unf",0,1502,1502,"GasA","Ex","Y","SBrkr",1502,0,0,1502,0,0,2,0,3,1,"Gd",7,"Typ",0,NA,"Attchd",2009,"RFn",2,644,"TA","TA","Y",0,114,0,0,0,0,NA,NA,NA,0,9,2009,"New","Partial",233170,"Train"
"1167",1167,20,"RL",64,10475,"Pave",NA,"IR1","Lvl","AllPub","Corner","Gtl","CollgCr","Norm","Norm","1Fam","1Story","8","5",2008,2008,"Gable","CompShg","VinylSd","VinylSd","Stone",72,"Gd","TA","PConc","Gd","TA","Av","Unf",0,"Unf",0,1694,1694,"GasA","Ex","Y","SBrkr",1694,0,0,1694,0,0,2,0,3,1,"Gd",7,"Typ",0,NA,"Attchd",2008,"RFn",3,776,"TA","TA","Y",160,33,0,0,0,0,NA,NA,NA,0,2,2010,"WD","Normal",245350,"Train"
"1168",1168,60,"RL",58,10852,"Pave",NA,"IR1","Lvl","AllPub","Inside","Gtl","Gilbert","RRAn","Norm","1Fam","2Story","6","5",2000,2000,"Gable","CompShg","VinylSd","VinylSd","None",0,"TA","TA","PConc","Gd","TA","No","GLQ",786,"Unf",0,173,959,"GasA","Ex","Y","SBrkr",959,712,0,1671,1,0,2,1,3,1,"TA",7,"Typ",1,"TA","Attchd",2000,"Fin",2,472,"TA","TA","Y",0,38,0,0,0,0,NA,NA,NA,0,2,2006,"WD","Normal",173000,"Train"
"1169",1169,70,"RL",120,13728,"Pave",NA,"Reg","Lvl","AllPub","Corner","Gtl","Edwards","Norm","Norm","1Fam","2Story","6","7",1935,1986,"Hip","CompShg","Stucco","Stucco","None",0,"TA","TA","CBlock","TA","TA","No","Rec",626,"Unf",0,501,1127,"GasA","Ex","Y","SBrkr",1236,872,0,2108,0,0,2,0,4,1,"Gd",7,"Typ",2,"TA","Basment",1935,"Unf",2,540,"TA","TA","Y",0,0,0,0,90,0,NA,NA,NA,0,7,2008,"WD","Normal",235000,"Train"
"1170",1170,60,"RL",118,35760,"Pave",NA,"IR1","Lvl","AllPub","CulDSac","Gtl","NoRidge","Norm","Norm","1Fam","2Story","10","5",1995,1996,"Hip","CompShg","HdBoard","HdBoard","BrkFace",1378,"Gd","Gd","PConc","Ex","TA","Gd","GLQ",1387,"Unf",0,543,1930,"GasA","Ex","Y","SBrkr",1831,1796,0,3627,1,0,3,1,4,1,"Gd",10,"Typ",1,"TA","Attchd",1995,"Fin",3,807,"TA","TA","Y",361,76,0,0,0,0,NA,NA,NA,0,7,2006,"WD","Normal",625000,"Train"
"1171",1171,80,"RL",76,9880,"Pave",NA,"Reg","Lvl","AllPub","Inside","Gtl","Mitchel","Norm","Norm","1Fam","SLvl","6","6",1977,1977,"Gable","CompShg","Plywood","Plywood","None",0,"TA","TA","CBlock","TA","TA","Av","ALQ",522,"Unf",0,574,1096,"GasA","TA","Y","SBrkr",1118,0,0,1118,1,0,1,0,3,1,"TA",6,"Typ",1,"Po","Attchd",1977,"Fin",1,358,"TA","TA","Y",203,0,0,0,0,576,"Gd","GdPrv",NA,0,7,2008,"WD","Normal",171000,"Train"
"1172",1172,20,"RL",76,9120,"Pave",NA,"Reg","Lvl","AllPub","Inside","Gtl","NAmes","Norm","Norm","1Fam","1Story","6","6",1958,1958,"Hip","CompShg","MetalSd","MetalSd","None",0,"TA","TA","CBlock","TA","TA","No","ALQ",662,"Unf",0,599,1261,"GasA","Ex","Y","SBrkr",1261,0,0,1261,1,0,1,0,3,1,"TA",6,"Typ",1,"TA","Attchd",1958,"RFn",2,433,"TA","TA","Y",0,0,0,0,288,0,NA,NA,"Shed",1400,11,2008,"WD","Normal",163000,"Train"
"1173",1173,160,"FV",35,4017,"Pave","Pave","IR1","Lvl","AllPub","Inside","Gtl","Somerst","Norm","Norm","TwnhsE","2Story","7","5",2006,2007,"Gable","CompShg","MetalSd","MetalSd","None",0,"Gd","TA","PConc","Gd","TA","No","Unf",0,"Unf",0,625,625,"GasA","Ex","Y","SBrkr",625,625,0,1250,0,0,2,1,2,1,"Gd",5,"Typ",0,NA,"Detchd",2006,"Fin",2,625,"TA","TA","Y",0,54,0,0,0,0,NA,NA,NA,0,3,2008,"WD","Normal",171900,"Train"
"1174",1174,50,"RL",138,18030,"Pave",NA,"IR1","Bnk","AllPub","Inside","Gtl","ClearCr","Norm","Norm","1Fam","1.5Fin","5","6",1946,1994,"Gable","CompShg","MetalSd","MetalSd","None",0,"TA","TA","CBlock","TA","TA","No","Rec",152,"BLQ",469,977,1598,"GasA","TA","Y","SBrkr",1636,971,479,3086,0,0,3,0,3,1,"Ex",12,"Maj1",1,"Gd",NA,NA,NA,0,0,NA,NA,"Y",122,0,0,0,0,0,NA,"MnPrv",NA,0,3,2007,"WD","Normal",200500,"Train"
"1175",1175,70,"RL",80,16560,"Pave",NA,"IR1","Lvl","AllPub","Inside","Gtl","Crawfor","Norm","Norm","1Fam","2Story","6","8",1932,1950,"Gable","CompShg","Wd Sdng","Wd Sdng","None",0,"TA","TA","BrkTil","Gd","TA","No","Rec",503,"Unf",0,449,952,"GasA","TA","Y","SBrkr",1170,1175,0,2345,0,0,2,1,4,1,"TA",9,"Typ",1,"Gd","Detchd",1932,"Unf",2,360,"TA","TA","Y",0,0,0,0,0,0,NA,NA,NA,0,7,2006,"WD","Normal",239000,"Train"
"1176",1176,50,"RL",85,10678,"Pave",NA,"Reg","Lvl","AllPub","Inside","Gtl","NoRidge","Norm","Norm","1Fam","1.5Fin","8","5",1992,2000,"Hip","CompShg","HdBoard","HdBoard","BrkFace",337,"Gd","TA","PConc","Gd","TA","No","GLQ",700,"Unf",0,983,1683,"GasA","Ex","Y","SBrkr",2129,743,0,2872,0,0,2,1,4,1,"Gd",9,"Typ",1,"TA","Attchd",1992,"Fin",2,541,"TA","TA","Y",0,33,0,0,0,0,NA,NA,NA,0,4,2007,"WD","Normal",285000,"Train"
"1177",1177,20,"RL",37,6951,"Pave",NA,"IR1","Lvl","AllPub","CulDSac","Gtl","Mitchel","Norm","Norm","1Fam","1Story","5","5",1984,1985,"Gable","CompShg","HdBoard","Plywood","None",0,"TA","TA","CBlock","TA","TA","No","ALQ",658,"Unf",0,218,876,"GasA","TA","Y","SBrkr",923,0,0,923,1,0,1,0,3,1,"TA",5,"Typ",0,NA,"Attchd",1984,"Unf",1,264,"TA","TA","Y",362,0,0,0,0,0,NA,"MnPrv",NA,0,10,2008,"WD","Normal",119500,"Train"
"1178",1178,50,"RM",NA,3950,"Pave","Grvl","Reg","Bnk","AllPub","Inside","Gtl","OldTown","Artery","Norm","1Fam","1.5Fin","6","8",1926,2004,"Gable","CompShg","MetalSd","MetalSd","None",0,"TA","TA","CBlock","TA","TA","No","Rec",468,"Unf",0,350,818,"GasA","TA","Y","SBrkr",818,406,0,1224,0,0,1,0,3,1,"TA",5,"Typ",0,NA,"Detchd",1926,"Unf",1,210,"TA","TA","N",0,0,116,0,0,0,NA,NA,NA,0,12,2009,"WD","Normal",115000,"Train"
"1179",1179,50,"RL",54,7681,"Pave",NA,"IR1","Lvl","AllPub","FR2","Gtl","Crawfor","Norm","Norm","1Fam","1.5Fin","5","6",1921,1950,"Gable","CompShg","Wd Sdng","Wd Sdng","None",0,"TA","TA","BrkTil","TA","TA","No","Unf",0,"Unf",0,731,731,"GasA","Ex","Y","SBrkr",820,523,0,1343,0,0,1,1,3,1,"TA",7,"Typ",1,"Gd","Detchd",1921,"Unf",1,186,"Fa","TA","Y",192,0,102,0,0,0,NA,NA,NA,0,7,2009,"WD","Normal",154900,"Train"
"1180",1180,20,"RL",77,8335,"Pave",NA,"Reg","Lvl","AllPub","Corner","Gtl","Edwards","Norm","Norm","1Fam","1Story","5","5",1954,1954,"Gable","CompShg","Wd Sdng","Wd Sdng","None",0,"TA","TA","Slab",NA,NA,NA,NA,0,NA,0,0,0,"GasA","Gd","Y","SBrkr",1124,0,0,1124,0,0,1,0,3,1,"TA",5,"Min2",1,"Gd",NA,NA,NA,0,0,NA,NA,"N",0,36,190,0,0,0,NA,NA,NA,0,4,2006,"WD","Normal",93000,"Train"
"1181",1181,60,"RL",NA,11170,"Pave",NA,"IR2","Lvl","AllPub","Corner","Gtl","Timber","Norm","Norm","1Fam","2Story","7","5",1990,1991,"Gable","CompShg","MetalSd","MetalSd","None",0,"TA","TA","Wood","Gd","TA","No","LwQ",1216,"Unf",0,0,1216,"GasA","Ex","Y","SBrkr",1298,1216,0,2514,0,0,2,1,4,1,"TA",8,"Typ",0,NA,"Attchd",1990,"Fin",2,693,"TA","TA","Y",0,0,0,0,0,0,NA,"GdPrv",NA,0,4,2006,"WD","Normal",250000,"Train"
"1182",1182,120,"RM",64,5587,"Pave",NA,"IR1","HLS","AllPub","Inside","Mod","Crawfor","Norm","Norm","TwnhsE","1Story","8","5",2008,2008,"Hip","CompShg","CemntBd","CmentBd","Stone",186,"Ex","TA","PConc","Ex","TA","Gd","GLQ",1480,"Unf",0,120,1600,"GasA","Ex","Y","SBrkr",1652,0,0,1652,1,1,2,0,2,1,"Gd",5,"Typ",1,"Gd","Attchd",2008,"Fin",2,482,"TA","TA","Y",162,53,0,153,0,0,NA,NA,NA,0,11,2008,"New","Partial",392500,"Train"
"1183",1183,60,"RL",160,15623,"Pave",NA,"IR1","Lvl","AllPub","Corner","Gtl","NoRidge","Norm","Norm","1Fam","2Story","10","5",1996,1996,"Hip","CompShg","Wd Sdng","ImStucc","None",0,"Gd","TA","PConc","Ex","TA","Av","GLQ",2096,"Unf",0,300,2396,"GasA","Ex","Y","SBrkr",2411,2065,0,4476,1,0,3,1,4,1,"Ex",10,"Typ",2,"TA","Attchd",1996,"Fin",3,813,"TA","TA","Y",171,78,0,0,0,555,"Ex","MnPrv",NA,0,7,2007,"WD","Abnorml",745000,"Train"
"1184",1184,30,"RL",60,10800,"Pave","Grvl","Reg","Lvl","AllPub","Inside","Gtl","OldTown","Norm","Norm","1Fam","1Story","5","6",1920,1950,"Hip","CompShg","Stucco","Stucco","None",0,"TA","TA","BrkTil","TA","TA","No","Rec",821,"Unf",0,299,1120,"GasA","Ex","Y","SBrkr",1130,0,0,1130,1,0,1,0,2,1,"TA",5,"Typ",1,"Gd","Detchd",1970,"Unf",2,720,"TA","TA","Y",229,0,0,0,0,0,NA,NA,NA,0,6,2006,"WD","Normal",120000,"Train"
"1185",1185,20,"RL",50,35133,"Grvl",NA,"Reg","Lvl","AllPub","Inside","Mod","Timber","Norm","Norm","1Fam","1Story","5","4",1963,1963,"Hip","CompShg","MetalSd","MetalSd","BrkFace",226,"TA","TA","CBlock","TA","TA","Gd","Rec",1159,"Unf",0,413,1572,"GasA","Gd","Y","SBrkr",1572,0,0,1572,1,0,1,1,3,1,"TA",5,"Typ",2,"TA","2Types",1963,"RFn",3,995,"TA","TA","Y",0,263,0,0,263,0,NA,NA,NA,0,5,2007,"WD","Normal",186700,"Train"
"1186",1186,50,"RL",60,9738,"Pave",NA,"Reg","Lvl","AllPub","Inside","Gtl","Edwards","Norm","Norm","1Fam","1.5Fin","5","7",1924,1950,"Gable","CompShg","AsbShng","AsbShng","None",0,"TA","Gd","BrkTil","TA","TA","No","BLQ",392,"Unf",0,392,784,"GasA","Gd","Y","SBrkr",949,272,0,1221,1,0,1,0,4,1,"TA",7,"Typ",0,NA,"Attchd",1965,"Unf",1,392,"TA","TA","Y",0,0,236,0,0,0,NA,NA,NA,0,3,2006,"WD","Normal",104900,"Train"
"1187",1187,190,"RL",107,10615,"Pave",NA,"IR1","Bnk","AllPub","Corner","Mod","OldTown","Artery","Artery","2fmCon","2Story","3","5",1900,1970,"Gable","CompShg","HdBoard","HdBoard","None",0,"TA","TA","CBlock","Fa","TA","Mn","BLQ",440,"Unf",0,538,978,"GasA","TA","Y","SBrkr",1014,685,0,1699,1,0,2,0,3,2,"TA",7,"Typ",0,NA,"CarPort",1920,"Unf",2,420,"Fa","Fa","Y",0,74,0,0,0,0,NA,NA,NA,0,8,2009,"WD","Abnorml",95000,"Train"
"1188",1188,20,"RL",89,12461,"Pave",NA,"Reg","Lvl","AllPub","Corner","Gtl","NoRidge","Norm","Norm","1Fam","1Story","8","5",1994,1995,"Gable","CompShg","ImStucc","ImStucc","None",0,"Gd","TA","PConc","Gd","TA","No","GLQ",1456,"Unf",0,168,1624,"GasA","Ex","Y","SBrkr",1624,0,0,1624,1,0,2,0,2,1,"Gd",5,"Typ",1,"Fa","Attchd",1994,"RFn",3,757,"TA","TA","Y",0,114,192,0,0,0,NA,"GdPrv",NA,0,7,2006,"WD","Normal",262000,"Train"
"1189",1189,60,"RL",68,8935,"Pave",NA,"IR1","Lvl","AllPub","Inside","Gtl","CollgCr","Norm","Norm","1Fam","2Story","7","5",2002,2002,"Gable","CompShg","VinylSd","VinylSd","BrkFace",95,"Gd","TA","PConc","Gd","TA","No","Unf",0,"Unf",0,831,831,"GasA","Ex","Y","SBrkr",831,829,0,1660,0,0,2,1,3,1,"Gd",7,"Typ",0,NA,"Attchd",2002,"RFn",2,493,"TA","TA","Y",144,68,0,0,0,0,NA,NA,NA,0,7,2009,"WD","Normal",195000,"Train"
"1190",1190,60,"RL",60,7500,"Pave",NA,"Reg","Lvl","AllPub","Inside","Gtl","Gilbert","Norm","Norm","1Fam","2Story","7","5",1999,1999,"Gable","CompShg","VinylSd","VinylSd","None",0,"TA","TA","PConc","TA","TA","No","Unf",0,"Unf",0,994,994,"GasA","Gd","Y","SBrkr",1028,776,0,1804,0,0,2,1,3,1,"Gd",7,"Typ",1,"TA","Attchd",1999,"Fin",2,442,"TA","TA","Y",140,60,0,0,0,0,NA,NA,NA,0,6,2010,"WD","Normal",189000,"Train"
"1191",1191,190,"RL",NA,32463,"Pave",NA,"Reg","Low","AllPub","Inside","Mod","Mitchel","Norm","Norm","2fmCon","1Story","4","4",1961,1975,"Gable","CompShg","MetalSd","MetalSd","Stone",149,"TA","Gd","CBlock","TA","TA","Av","BLQ",1159,"Unf",0,90,1249,"GasA","Ex","Y","SBrkr",1622,0,0,1622,1,0,1,0,3,1,"TA",7,"Typ",1,"TA","2Types",1975,"Fin",4,1356,"TA","TA","Y",439,0,0,0,0,0,NA,NA,NA,0,3,2007,"WD","Normal",168000,"Train"
"1192",1192,160,"FV",24,2645,"Pave","Pave","Reg","Lvl","AllPub","Inside","Gtl","Somerst","Norm","Norm","Twnhs","2Story","8","5",1999,2000,"Gable","CompShg","MetalSd","MetalSd","BrkFace",456,"Gd","TA","PConc","Gd","TA","No","Unf",0,"Unf",0,776,776,"GasA","Ex","Y","SBrkr",764,677,0,1441,0,0,2,1,2,1,"Gd",5,"Typ",0,NA,"Detchd",1999,"Unf",2,492,"TA","TA","Y",206,0,0,0,0,0,NA,NA,NA,0,11,2007,"WD","Normal",174000,"Train"
"1193",1193,50,"RM",60,9600,"Pave","Grvl","Reg","Lvl","AllPub","Inside","Gtl","OldTown","Norm","Norm","1Fam","1.5Fin","5","8",1925,1994,"Gambrel","CompShg","VinylSd","VinylSd","None",0,"TA","TA","PConc","TA","TA","Mn","Unf",0,"Unf",0,702,702,"GasA","Gd","Y","SBrkr",842,630,0,1472,0,0,1,0,3,1,"Gd",6,"Typ",0,NA,"Detchd",1925,"Unf",1,250,"TA","Fa","P",0,0,84,0,0,0,NA,"GdWo",NA,0,7,2007,"WD","Normal",125000,"Train"
"1194",1194,120,"RM",NA,4500,"Pave",NA,"Reg","Lvl","AllPub","FR2","Gtl","Mitchel","Norm","Norm","TwnhsE","1Story","6","5",1999,1999,"Hip","CompShg","VinylSd","VinylSd","BrkFace",425,"TA","TA","PConc","Ex","TA","No","GLQ",883,"Unf",0,341,1224,"GasA","Ex","Y","SBrkr",1224,0,0,1224,1,0,2,0,2,1,"TA",5,"Typ",0,NA,"Attchd",1999,"Fin",2,402,"TA","TA","Y",0,304,0,0,0,0,NA,NA,NA,0,6,2009,"WD","Normal",165000,"Train"
"1195",1195,60,"RL",80,9364,"Pave",NA,"Reg","Lvl","AllPub","Corner","Gtl","Sawyer","Norm","Norm","1Fam","2Story","6","7",1969,1969,"Gable","CompShg","HdBoard","HdBoard","Stone",143,"TA","TA","CBlock","TA","TA","No","ALQ",371,"Unf",0,292,663,"GasA","TA","Y","SBrkr",663,689,0,1352,0,0,1,1,4,1,"TA",7,"Typ",0,NA,"Attchd",1969,"Fin",1,299,"TA","TA","Y",379,36,0,0,0,0,NA,"MnPrv",NA,0,3,2010,"WD","Normal",158000,"Train"
"1196",1196,60,"RL",51,8029,"Pave",NA,"IR1","Lvl","AllPub","Inside","Gtl","Gilbert","Norm","Norm","1Fam","2Story","6","5",2005,2005,"Gable","CompShg","VinylSd","VinylSd","None",0,"TA","TA","PConc","Gd","TA","No","Unf",0,"Unf",0,728,728,"GasA","Ex","Y","SBrkr",728,728,0,1456,0,0,2,1,3,1,"Gd",8,"Typ",0,NA,"Attchd",2005,"Fin",2,400,"TA","TA","Y",100,24,0,0,0,0,NA,NA,NA,0,7,2008,"WD","Normal",176000,"Train"
"1197",1197,60,"RL",58,14054,"Pave",NA,"IR1","Lvl","AllPub","Inside","Gtl","Gilbert","Norm","Norm","1Fam","2Story","7","5",2006,2006,"Gable","CompShg","VinylSd","VinylSd","None",0,"Gd","TA","PConc","Gd","TA","Av","Unf",0,"Unf",0,879,879,"GasA","Ex","Y","SBrkr",879,984,0,1863,0,0,2,1,4,1,"Gd",9,"Typ",1,"Gd","BuiltIn",2006,"Fin",3,660,"TA","TA","Y",100,17,0,0,0,0,NA,NA,NA,0,11,2006,"New","Partial",219210,"Train"
"1198",1198,75,"RM",65,8850,"Pave",NA,"IR1","Bnk","AllPub","Corner","Gtl","OldTown","Norm","Norm","1Fam","2.5Unf","7","6",1916,1950,"Gable","CompShg","MetalSd","MetalSd","None",0,"TA","TA","BrkTil","TA","TA","No","Unf",0,"Unf",0,815,815,"GasA","Ex","Y","SBrkr",815,875,0,1690,0,0,1,0,3,1,"TA",7,"Typ",1,"Gd","Detchd",1916,"Unf",1,225,"TA","TA","Y",0,0,330,0,0,0,NA,NA,NA,0,7,2006,"ConLw","Normal",144000,"Train"
"1199",1199,20,"RL",70,9100,"Pave",NA,"Reg","Lvl","AllPub","Inside","Gtl","CollgCr","Norm","Norm","1Fam","1Story","7","5",2001,2001,"Gable","CompShg","VinylSd","VinylSd","None",0,"Gd","TA","PConc","Gd","TA","No","Unf",0,"Unf",0,1212,1212,"GasA","Ex","Y","SBrkr",1212,0,0,1212,0,0,2,0,3,1,"Gd",6,"Typ",0,NA,"Attchd",2001,"RFn",2,573,"TA","TA","Y",356,0,0,0,0,0,NA,NA,NA,0,6,2009,"WD","Normal",178000,"Train"
"1200",1200,20,"RL",75,11235,"Pave",NA,"Reg","Lvl","AllPub","Inside","Gtl","Sawyer","Norm","Norm","1Fam","1Story","4","5",1963,1979,"Gable","CompShg","HdBoard","HdBoard","BrkFace",51,"TA","TA","CBlock","TA","TA","No","Rec",547,"Unf",0,504,1051,"GasA","Gd","Y","SBrkr",1382,0,0,1382,0,0,1,1,3,1,"TA",6,"Typ",1,"Po","Attchd",1974,"Unf",2,459,"TA","TA","Y",0,82,0,0,0,0,NA,NA,NA,0,10,2006,"WD","Normal",148000,"Train"
"1201",1201,20,"RL",71,9353,"Pave",NA,"Reg","Lvl","AllPub","Inside","Gtl","NAmes","Norm","Norm","1Fam","1Story","4","5",1970,1970,"Gable","CompShg","MetalSd","MetalSd","None",0,"TA","TA","CBlock","TA","TA","No","Unf",0,"Unf",0,864,864,"GasA","Gd","Y","SBrkr",864,0,0,864,0,0,1,0,3,1,"TA",5,"Typ",0,NA,"Attchd",1972,"Unf",1,280,"TA","TA","Y",0,0,0,0,0,0,NA,NA,"Shed",0,7,2006,"Oth","Abnorml",116050,"Train"
"1202",1202,60,"RL",80,10400,"Pave",NA,"Reg","Lvl","AllPub","Corner","Gtl","CollgCr","Norm","Norm","1Fam","2Story","7","5",1998,1998,"Gable","CompShg","VinylSd","VinylSd","None",0,"TA","TA","PConc","Gd","TA","Av","Unf",0,"Unf",0,866,866,"GasA","Ex","Y","SBrkr",866,913,0,1779,0,0,2,1,3,1,"Gd",6,"Typ",0,NA,"Attchd",1998,"RFn",2,546,"TA","TA","Y",198,36,0,0,0,0,NA,NA,NA,0,3,2009,"WD","Normal",197900,"Train"
"1203",1203,50,"RM",50,6000,"Pave",NA,"Reg","Lvl","AllPub","Corner","Gtl","BrkSide","Norm","Norm","1Fam","1.5Fin","5","8",1925,1997,"Gable","CompShg","Wd Sdng","Wd Sdng","None",0,"TA","TA","BrkTil","TA","TA","No","Unf",0,"Unf",0,884,884,"GasA","Ex","Y","SBrkr",884,464,0,1348,1,0,1,0,3,1,"TA",5,"Typ",1,"Fa","Detchd",1960,"Unf",1,216,"TA","TA","N",0,0,208,0,0,0,NA,NA,NA,0,5,2009,"WD","Normal",117000,"Train"
"1204",1204,20,"RL",75,9750,"Pave",NA,"Reg","Lvl","AllPub","Inside","Gtl","CollgCr","Norm","Norm","1Fam","1Story","7","5",2000,2001,"Gable","CompShg","VinylSd","VinylSd","BrkFace",171,"Gd","TA","PConc","Gd","TA","No","Unf",0,"Unf",0,1630,1630,"GasA","Ex","Y","SBrkr",1630,0,0,1630,0,0,2,0,3,1,"Gd",6,"Typ",1,"TA","Attchd",2000,"Unf",2,451,"TA","TA","Y",74,234,0,0,0,0,NA,NA,NA,0,10,2009,"WD","Normal",213000,"Train"
"1205",1205,20,"RL",78,10140,"Pave",NA,"Reg","Lvl","AllPub","Inside","Gtl","NWAmes","Norm","Norm","1Fam","1Story","5","6",1975,1975,"Gable","CompShg","HdBoard","HdBoard","None",0,"TA","TA","CBlock","Gd","TA","No","ALQ",788,"Unf",0,268,1056,"GasA","Ex","Y","SBrkr",1074,0,0,1074,1,0,1,1,3,1,"TA",6,"Typ",0,NA,"Attchd",1975,"RFn",2,495,"TA","TA","Y",0,88,0,0,0,0,NA,"MnPrv",NA,0,7,2006,"WD","Normal",153500,"Train"
"1206",1206,20,"RL",90,14684,"Pave",NA,"IR1","Lvl","AllPub","CulDSac","Gtl","SawyerW","Norm","Norm","1Fam","1Story","7","7",1990,1991,"Hip","CompShg","HdBoard","HdBoard","BrkFace",234,"Gd","TA","CBlock","Gd","TA","Mn","ALQ",485,"BLQ",177,1496,2158,"GasA","Gd","Y","SBrkr",2196,0,0,2196,0,0,2,0,3,1,"Gd",7,"Typ",1,"TA","Attchd",1990,"RFn",3,701,"TA","TA","Y",84,70,0,0,0,0,NA,NA,NA,0,6,2009,"WD","Normal",271900,"Train"
"1207",1207,20,"RH",NA,8900,"Pave",NA,"Reg","Lvl","AllPub","Inside","Gtl","SawyerW","Norm","Norm","1Fam","1Story","4","4",1966,1966,"Gable","CompShg","HdBoard","HdBoard","None",0,"TA","TA","CBlock","TA","TA","No","Rec",1056,"Unf",0,0,1056,"GasA","TA","Y","SBrkr",1056,0,0,1056,1,0,1,0,2,1,"TA",5,"Typ",0,NA,"Detchd",1966,"Unf",1,384,"TA","TA","Y",0,42,0,0,0,0,NA,"MnPrv",NA,0,11,2006,"WD","Normal",107000,"Train"
"1208",1208,20,"RL",70,9135,"Pave",NA,"Reg","Lvl","AllPub","Inside","Gtl","CollgCr","Norm","Norm","1Fam","1Story","6","5",2003,2003,"Gable","CompShg","VinylSd","VinylSd","BrkFace",120,"Gd","TA","PConc","Gd","TA","Av","GLQ",340,"Unf",0,1342,1682,"GasA","Ex","Y","SBrkr",1700,0,0,1700,1,0,2,0,3,1,"Gd",7,"Typ",0,NA,"Attchd",2003,"RFn",2,544,"TA","TA","Y",192,23,0,0,0,0,NA,NA,NA,0,5,2006,"WD","Normal",2e+05,"Train"
"1209",1209,20,"RL",70,7763,"Pave",NA,"Reg","Lvl","AllPub","Inside","Gtl","NAmes","Norm","Norm","1Fam","1Story","5","7",1962,1980,"Gable","CompShg","MetalSd","MetalSd","None",0,"TA","Gd","CBlock","TA","TA","No","Rec",504,"BLQ",108,319,931,"GasA","TA","Y","SBrkr",1283,0,0,1283,1,0,1,0,3,1,"TA",6,"Typ",0,NA,"Detchd",1980,"Unf",2,506,"TA","TA","Y",0,0,0,0,0,0,NA,NA,NA,0,10,2008,"WD","Normal",140000,"Train"
"1210",1210,20,"RL",85,10182,"Pave",NA,"IR1","Lvl","AllPub","CulDSac","Gtl","Somerst","RRNn","Norm","1Fam","1Story","8","5",2006,2006,"Hip","CompShg","VinylSd","VinylSd","Stone",420,"Gd","TA","PConc","Ex","TA","Mn","GLQ",1220,"Unf",0,440,1660,"GasA","Ex","Y","SBrkr",1660,0,0,1660,1,0,2,0,3,1,"Gd",8,"Typ",1,"Gd","Attchd",2006,"RFn",2,500,"TA","TA","Y",322,50,0,0,0,0,NA,NA,NA,0,5,2006,"New","Partial",290000,"Train"
"1211",1211,60,"RL",70,11218,"Pave",NA,"Reg","Lvl","AllPub","Inside","Gtl","SawyerW","Norm","Norm","1Fam","2Story","6","5",1992,1992,"Gable","CompShg","Wd Sdng","Wd Sdng","None",0,"Gd","TA","PConc","Gd","TA","No","Unf",0,"Unf",0,1055,1055,"GasA","Ex","Y","SBrkr",1055,790,0,1845,0,0,2,1,3,1,"Gd",8,"Typ",1,"TA","Attchd",1992,"RFn",2,462,"TA","TA","Y",635,104,0,0,0,0,NA,"GdPrv","Shed",400,5,2010,"WD","Normal",189000,"Train"
"1212",1212,50,"RL",152,12134,"Pave",NA,"IR1","Bnk","AllPub","Inside","Mod","Gilbert","Norm","Norm","1Fam","1.5Fin","8","7",1988,2005,"Gable","CompShg","Wd Sdng","Wd Sdng","None",0,"Gd","TA","Wood","Gd","TA","Av","GLQ",427,"Unf",0,132,559,"GasA","Gd","Y","SBrkr",1080,672,0,1752,0,0,2,0,4,1,"TA",8,"Typ",0,NA,"Basment",1988,"RFn",2,492,"TA","TA","Y",325,12,0,0,0,0,NA,NA,NA,0,6,2010,"WD","Normal",164000,"Train"
"1213",1213,30,"RL",50,9340,"Pave",NA,"Reg","Lvl","AllPub","Inside","Gtl","Edwards","Norm","Norm","1Fam","1Story","4","6",1941,1950,"Hip","CompShg","MetalSd","MetalSd","None",0,"TA","TA","CBlock","TA","TA","No","Rec",344,"Unf",0,328,672,"GasA","TA","Y","SBrkr",672,0,0,672,1,0,1,0,2,1,"TA",4,"Typ",0,NA,"Attchd",1941,"Unf",1,234,"TA","TA","N",0,113,0,0,0,0,NA,NA,NA,0,8,2009,"WD","Normal",113000,"Train"
"1214",1214,80,"RL",NA,10246,"Pave",NA,"IR1","Lvl","AllPub","CulDSac","Gtl","Sawyer","Norm","Norm","1Fam","SLvl","4","9",1965,2001,"Gable","CompShg","VinylSd","VinylSd","None",0,"TA","Gd","CBlock","TA","Gd","Av","GLQ",648,"Unf",0,0,648,"GasA","Ex","Y","SBrkr",960,0,0,960,1,1,0,0,0,1,"TA",3,"Typ",0,NA,"Attchd",1965,"Unf",1,364,"TA","TA","Y",88,0,0,0,0,0,NA,NA,NA,0,5,2006,"WD","Normal",145000,"Train"
"1215",1215,85,"RL",69,10205,"Pave",NA,"IR1","Lvl","AllPub","Inside","Gtl","NAmes","Norm","Norm","1Fam","SFoyer","5","5",1962,1962,"Gable","CompShg","MetalSd","MetalSd","None",0,"TA","TA","CBlock","TA","TA","Av","BLQ",784,"Unf",0,141,925,"GasA","TA","Y","SBrkr",999,0,0,999,1,0,1,0,3,1,"TA",6,"Typ",0,NA,"Attchd",1962,"Unf",1,300,"TA","TA","Y",150,72,0,0,0,0,NA,NA,NA,0,5,2006,"WD","Normal",134500,"Train"
"1216",1216,20,"RL",99,7094,"Pave",NA,"IR1","Lvl","AllPub","Inside","Gtl","Sawyer","Norm","Norm","1Fam","1Story","5","5",1966,1966,"Gable","CompShg","VinylSd","VinylSd","None",0,"TA","TA","CBlock","TA","TA","No","Rec",180,"LwQ",374,340,894,"GasA","TA","Y","SBrkr",894,0,0,894,0,0,1,0,3,1,"TA",5,"Typ",0,NA,"Detchd",1966,"RFn",1,384,"TA","TA","Y",0,0,0,0,0,0,NA,"MnPrv",NA,0,5,2007,"WD","Normal",125000,"Train"
"1217",1217,90,"RM",68,8930,"Pave",NA,"Reg","Lvl","AllPub","Inside","Gtl","Sawyer","RRAe","Norm","Duplex","1.5Fin","6","5",1978,1978,"Gable","CompShg","VinylSd","VinylSd","None",0,"TA","TA","Slab",NA,NA,NA,NA,0,NA,0,0,0,"GasA","TA","Y","SBrkr",1318,584,0,1902,0,0,2,0,4,2,"TA",8,"Typ",0,NA,"Attchd",1978,"Unf",2,539,"TA","TA","Y",0,0,0,0,0,0,NA,NA,NA,0,4,2010,"WD","Normal",112000,"Train"
"1218",1218,20,"FV",72,8640,"Pave",NA,"Reg","Lvl","AllPub","Inside","Gtl","Somerst","Norm","Norm","1Fam","1Story","8","5",2009,2009,"Gable","CompShg","CemntBd","CmentBd","Stone",72,"Gd","TA","PConc","Gd","TA","Mn","GLQ",936,"Unf",0,364,1300,"GasA","Ex","Y","SBrkr",1314,0,0,1314,1,0,2,0,3,1,"Gd",6,"Typ",0,NA,"Attchd",2009,"RFn",2,552,"TA","TA","Y",135,112,0,0,0,0,NA,NA,NA,0,9,2009,"New","Partial",229456,"Train"
"1219",1219,50,"RM",52,6240,"Pave",NA,"Reg","Lvl","AllPub","Inside","Gtl","BrkSide","Norm","Norm","1Fam","1.5Fin","4","5",1947,1950,"Gable","CompShg","AsbShng","AsbShng","None",0,"TA","TA","Slab",NA,NA,NA,NA,0,NA,0,0,0,"GasA","Gd","N","SBrkr",672,240,0,912,0,0,1,0,2,1,"TA",3,"Typ",0,NA,NA,NA,NA,0,0,NA,NA,"N",0,0,0,0,0,0,NA,NA,NA,0,7,2006,"WD","Normal",80500,"Train"
"1220",1220,160,"RM",21,1680,"Pave",NA,"Reg","Lvl","AllPub","Inside","Gtl","BrDale","Norm","Norm","Twnhs","2Story","6","5",1971,1971,"Gable","CompShg","CemntBd","CmentBd","BrkFace",236,"TA","TA","CBlock","TA","TA","No","Unf",0,"Unf",0,672,672,"GasA","TA","Y","SBrkr",672,546,0,1218,0,0,1,1,3,1,"TA",7,"Typ",0,NA,NA,NA,NA,0,0,NA,NA,"N",201,0,0,0,0,0,NA,NA,NA,0,4,2006,"WD","Abnorml",91500,"Train"
"1221",1221,20,"RL",66,7800,"Pave",NA,"IR1","Lvl","AllPub","Inside","Gtl","NAmes","Norm","Norm","1Fam","1Story","5","5",1964,1964,"Gable","CompShg","Wd Sdng","Wd Sdng","None",0,"TA","TA","CBlock","TA","TA","No","Rec",312,"LwQ",600,0,912,"GasA","TA","Y","SBrkr",912,0,0,912,0,0,1,0,2,1,"TA",5,"Typ",0,NA,"Attchd",1964,"Unf",1,288,"TA","TA","Y",0,0,0,0,0,0,NA,NA,NA,0,11,2006,"WD","Abnorml",115000,"Train"
"1222",1222,20,"RL",55,8250,"Pave",NA,"Reg","Lvl","AllPub","Inside","Gtl","Sawyer","Feedr","Norm","1Fam","1Story","5","5",1968,1968,"Hip","CompShg","HdBoard","HdBoard","None",0,"TA","TA","CBlock","TA","TA","No","BLQ",250,"LwQ",492,210,952,"GasA","Ex","Y","SBrkr",1211,0,0,1211,0,0,1,0,3,1,"TA",5,"Typ",1,"TA","Attchd",1968,"Unf",1,322,"TA","TA","Y",0,63,0,0,0,0,NA,NA,NA,0,8,2008,"WD","Normal",134000,"Train"
"1223",1223,50,"RL",78,10496,"Pave",NA,"Reg","Lvl","AllPub","Inside","Gtl","NAmes","Artery","Norm","1Fam","1.5Fin","6","6",1949,1950,"Gable","CompShg","Wd Sdng","Wd Sdng","BrkFace",320,"TA","TA","CBlock","TA","TA","Mn","Rec",196,"Unf",0,844,1040,"GasA","Ex","Y","SBrkr",1168,678,0,1846,0,0,2,0,3,1,"TA",7,"Typ",1,"Gd","Attchd",1949,"Unf",1,315,"TA","TA","Y",0,0,0,0,0,0,NA,"GdWo",NA,0,1,2007,"WD","Normal",143000,"Train"
"1224",1224,20,"RL",89,10680,"Pave",NA,"Reg","Lvl","AllPub","Inside","Gtl","NAmes","Norm","Norm","1Fam","1Story","5","3",1951,1951,"Hip","CompShg","Wd Sdng","Wd Sdng","BrkFace",44,"TA","TA","CBlock","TA","Fa","No","LwQ",756,"Unf",0,1380,2136,"GasA","TA","N","FuseA",2136,0,0,2136,0,0,2,0,4,1,"TA",7,"Mod",0,NA,"Detchd",1951,"Unf",2,528,"TA","TA","Y",0,30,0,0,0,0,NA,"MnPrv",NA,0,10,2006,"WD","Normal",137900,"Train"
"1225",1225,60,"RL",60,15384,"Pave",NA,"IR1","Lvl","AllPub","Inside","Gtl","Gilbert","RRAn","Norm","1Fam","2Story","7","5",2004,2005,"Gable","CompShg","VinylSd","VinylSd","None",0,"Gd","TA","PConc","Gd","TA","Av","GLQ",724,"Unf",0,64,788,"GasA","Ex","Y","SBrkr",788,702,0,1490,1,0,2,1,3,1,"Gd",8,"Typ",1,"Gd","Attchd",2004,"Fin",2,388,"TA","TA","Y",100,75,0,0,0,0,NA,NA,NA,0,2,2008,"WD","Normal",184000,"Train"
"1226",1226,80,"RL",65,10482,"Pave",NA,"Reg","Lvl","AllPub","Inside","Gtl","NAmes","Norm","Norm","1Fam","SLvl","6","8",1958,1958,"Hip","CompShg","VinylSd","VinylSd","BrkFace",63,"TA","Gd","CBlock","TA","TA","Av","GLQ",507,"Unf",0,81,588,"GasA","Ex","Y","SBrkr",1138,0,0,1138,0,1,1,0,3,1,"TA",6,"Typ",0,NA,"Attchd",1958,"RFn",1,264,"TA","TA","Y",224,0,0,0,0,0,NA,"MnWw",NA,0,6,2007,"WD","Normal",145000,"Train"
"1227",1227,60,"RL",86,14598,"Pave",NA,"IR1","Lvl","AllPub","CulDSac","Gtl","Somerst","Feedr","Norm","1Fam","2Story","6","5",2007,2007,"Gable","CompShg","VinylSd","VinylSd","Stone",74,"Gd","TA","PConc","Gd","TA","Mn","Unf",0,"Unf",0,894,894,"GasA","Ex","Y","SBrkr",894,1039,0,1933,0,0,2,1,4,1,"Gd",9,"Typ",1,"Gd","BuiltIn",2007,"Fin",3,668,"TA","TA","Y",100,18,0,0,0,0,NA,NA,NA,0,1,2008,"WD","Normal",214000,"Train"
"1228",1228,20,"RL",72,8872,"Pave",NA,"Reg","Lvl","AllPub","Corner","Gtl","NAmes","Norm","Norm","1Fam","1Story","5","8",1965,2008,"Gable","CompShg","VinylSd","VinylSd","BrkFace",300,"TA","TA","CBlock","TA","TA","No","ALQ",595,"Unf",0,317,912,"GasA","Ex","Y","SBrkr",912,0,0,912,1,0,1,0,2,1,"Gd",5,"Typ",0,NA,"Detchd",1992,"Unf",2,576,"TA","TA","Y",0,240,0,0,0,0,NA,NA,NA,0,12,2008,"WD","Normal",147000,"Train"
"1229",1229,120,"RL",65,8769,"Pave",NA,"Reg","Lvl","AllPub","Corner","Gtl","NridgHt","Norm","Norm","TwnhsE","1Story","9","5",2008,2008,"Hip","CompShg","MetalSd","MetalSd","BrkFace",766,"Ex","TA","PConc","Ex","TA","No","GLQ",1540,"Unf",0,162,1702,"GasA","Ex","Y","SBrkr",1702,0,0,1702,1,0,1,1,1,1,"Ex",7,"Typ",1,"Gd","Attchd",2008,"Fin",3,1052,"TA","TA","Y",0,72,0,0,224,0,NA,NA,NA,0,10,2008,"New","Partial",367294,"Train"
"1230",1230,80,"RL",70,7910,"Pave",NA,"Reg","Lvl","AllPub","Inside","Gtl","NAmes","Norm","Norm","1Fam","SLvl","5","5",1960,1960,"Hip","CompShg","BrkFace","HdBoard","None",0,"TA","TA","CBlock","TA","TA","No","ALQ",666,"Unf",0,409,1075,"GasA","Gd","Y","SBrkr",1507,0,0,1507,0,0,2,0,4,1,"TA",7,"Maj1",0,NA,"Basment",1960,"Unf",1,404,"TA","TA","Y",0,0,0,0,0,0,NA,"GdWo",NA,0,8,2008,"WD","Normal",127000,"Train"
"1231",1231,90,"RL",NA,18890,"Pave",NA,"IR1","Lvl","AllPub","Inside","Gtl","Sawyer","Feedr","RRAe","Duplex","1.5Fin","5","5",1977,1977,"Shed","CompShg","Plywood","Plywood","None",1,"TA","TA","CBlock","Gd","TA","No","GLQ",498,"Rec",211,652,1361,"GasA","Ex","Y","SBrkr",1361,1259,0,2620,0,0,2,2,4,2,"TA",12,"Typ",1,"TA","BuiltIn",1977,"RFn",2,600,"TA","TA","N",155,24,145,0,0,0,NA,NA,"Gar2",8300,8,2007,"WD","Normal",190000,"Train"
"1232",1232,90,"RL",70,7728,"Pave",NA,"Reg","Lvl","AllPub","Inside","Gtl","NAmes","Norm","Norm","Duplex","SLvl","5","6",1962,1962,"Hip","CompShg","Wd Sdng","Wd Sdng","BrkFace",120,"TA","TA","CBlock","TA","TA","Av","ALQ",803,"Unf",0,303,1106,"GasA","TA","Y","SBrkr",1190,0,0,1190,1,0,1,0,3,1,"TA",6,"Typ",0,NA,"Attchd",1962,"Unf",2,540,"TA","TA","Y",0,18,0,0,0,0,NA,"GdWo",NA,0,5,2006,"WD","Normal",132500,"Train"
"1233",1233,90,"RL",70,9842,"Pave",NA,"Reg","Lvl","AllPub","FR2","Gtl","NAmes","Norm","Norm","Duplex","1Story","4","5",1962,1962,"Gable","CompShg","HdBoard","HdBoard","None",0,"TA","TA","Slab",NA,NA,NA,NA,0,NA,0,0,0,"GasA","TA","Y","SBrkr",1224,0,0,1224,0,0,2,0,2,2,"TA",6,"Typ",0,NA,"CarPort",1962,"Unf",2,462,"TA","TA","Y",0,0,0,0,0,0,NA,NA,NA,0,3,2007,"WD","Normal",101800,"Train"
"1234",1234,20,"RL",NA,12160,"Pave",NA,"IR1","Lvl","AllPub","Inside","Gtl","NAmes","Norm","Norm","1Fam","1Story","5","5",1959,1959,"Hip","CompShg","Plywood","Plywood","BrkFace",180,"TA","TA","CBlock","TA","TA","No","Rec",1000,"Unf",0,188,1188,"GasA","Fa","Y","SBrkr",1188,0,0,1188,1,0,1,0,3,1,"TA",6,"Typ",0,NA,"Attchd",1959,"RFn",2,531,"TA","TA","Y",0,0,0,0,0,0,NA,"MnPrv",NA,0,5,2010,"COD","Abnorml",142000,"Train"
"1235",1235,70,"RH",55,8525,"Pave",NA,"Reg","Bnk","AllPub","Inside","Gtl","SWISU","Norm","Norm","1Fam","2Story","5","6",1911,1950,"Gable","CompShg","MetalSd","MetalSd","None",0,"TA","TA","PConc","TA","TA","Av","Unf",0,"Unf",0,940,940,"GasA","TA","N","FuseA",1024,940,0,1964,0,0,1,1,4,1,"TA",7,"Typ",0,NA,NA,NA,NA,0,0,NA,NA,"N",0,192,0,0,0,0,NA,NA,NA,0,11,2008,"WD","Abnorml",130000,"Train"
"1236",1236,70,"RL",96,13132,"Pave",NA,"Reg","Lvl","AllPub","Inside","Gtl","Crawfor","Norm","Norm","1Fam","2Story","5","5",1914,1950,"Gable","CompShg","Wd Sdng","Wd Sdng","None",0,"TA","TA","BrkTil","Gd","TA","Mn","Unf",0,"Unf",0,747,747,"GasA","Gd","Y","FuseF",892,892,0,1784,0,0,1,1,4,1,"TA",9,"Typ",0,NA,"Detchd",1914,"Unf",1,180,"Fa","Fa","N",203,40,0,0,0,0,NA,NA,NA,0,7,2006,"WD","Normal",138887,"Train"
"1237",1237,160,"RL",36,2628,"Pave",NA,"Reg","Lvl","AllPub","Inside","Gtl","NridgHt","Norm","Norm","Twnhs","2Story","7","5",2003,2003,"Gable","CompShg","VinylSd","Wd Shng","Stone",106,"Gd","TA","PConc","Gd","TA","No","Unf",0,"Unf",0,764,764,"GasA","Ex","Y","SBrkr",764,862,0,1626,0,0,2,1,2,1,"Gd",6,"Typ",0,NA,"BuiltIn",2003,"RFn",2,474,"TA","TA","Y",0,27,0,0,0,0,NA,NA,NA,0,6,2010,"WD","Normal",175500,"Train"
"1238",1238,60,"RL",41,12393,"Pave",NA,"IR2","Lvl","AllPub","FR2","Gtl","CollgCr","Norm","Norm","1Fam","2Story","7","5",2004,2005,"Gable","CompShg","VinylSd","VinylSd","None",0,"Gd","TA","PConc","Gd","TA","No","Unf",0,"Unf",0,847,847,"GasA","Ex","Y","SBrkr",847,1101,0,1948,0,0,2,1,4,1,"Gd",8,"Typ",1,"Gd","BuiltIn",2004,"Fin",2,434,"TA","TA","Y",100,48,0,0,0,0,NA,NA,NA,0,9,2006,"WD","Normal",195000,"Train"
"1239",1239,20,"RL",63,13072,"Pave",NA,"Reg","Lvl","AllPub","Inside","Gtl","SawyerW","RRAe","Norm","1Fam","1Story","6","5",2005,2005,"Gable","CompShg","VinylSd","VinylSd","None",0,"Gd","TA","PConc","Gd","TA","No","Unf",0,"Unf",0,1141,1141,"GasA","Ex","Y","SBrkr",1141,0,0,1141,0,0,1,1,3,1,"TA",6,"Typ",0,NA,"Detchd",2005,"Unf",2,484,"TA","TA","Y",0,0,0,0,0,0,NA,NA,NA,0,3,2006,"WD","Abnorml",142500,"Train"
"1240",1240,20,"RL",64,9037,"Pave",NA,"IR1","HLS","AllPub","Inside","Gtl","Timber","Norm","Norm","1Fam","1Story","8","5",2006,2006,"Hip","CompShg","VinylSd","VinylSd","BrkFace",32,"Gd","TA","PConc","Gd","TA","Av","GLQ",428,"Unf",0,1048,1476,"GasA","Ex","Y","SBrkr",1484,0,0,1484,0,0,2,0,2,1,"Ex",6,"Typ",1,"Gd","Attchd",2006,"RFn",2,472,"TA","TA","Y",120,33,0,0,0,0,NA,NA,NA,0,12,2007,"WD","Normal",265900,"Train"
"1241",1241,60,"RL",65,8158,"Pave",NA,"Reg","Lvl","AllPub","Inside","Gtl","CollgCr","Norm","Norm","1Fam","2Story","7","5",2003,2003,"Gable","CompShg","VinylSd","VinylSd","BrkFace",252,"Gd","TA","PConc","Gd","TA","No","GLQ",550,"Unf",0,334,884,"GasA","Ex","Y","SBrkr",884,884,0,1768,1,0,2,1,3,1,"Gd",8,"Typ",0,NA,"Attchd",2003,"RFn",2,543,"TA","TA","Y",0,63,0,0,0,0,NA,NA,NA,0,7,2008,"WD","Normal",224900,"Train"
"1242",1242,20,"RL",83,9849,"Pave",NA,"Reg","Lvl","AllPub","Inside","Gtl","Somerst","Norm","Norm","1Fam","1Story","7","6",2007,2007,"Hip","CompShg","VinylSd","VinylSd","Stone",0,"Gd","TA","PConc","Gd","TA","Av","Unf",0,"Unf",0,1689,1689,"GasA","Ex","Y","SBrkr",1689,0,0,1689,0,0,2,0,3,1,"Gd",7,"Typ",0,NA,"Attchd",2007,"RFn",3,954,"TA","TA","Y",0,56,0,0,0,0,NA,NA,NA,0,6,2007,"New","Partial",248328,"Train"
"1243",1243,85,"RL",85,10625,"Pave",NA,"Reg","Lvl","AllPub","Inside","Gtl","NWAmes","Norm","Norm","1Fam","SFoyer","7","6",1974,1974,"Gable","CompShg","Plywood","Plywood","BrkFace",81,"TA","TA","CBlock","Gd","TA","Gd","GLQ",885,"LwQ",168,0,1053,"GasA","TA","Y","SBrkr",1173,0,0,1173,1,0,2,0,3,1,"Gd",6,"Typ",2,"TA","Attchd",1974,"RFn",2,528,"TA","TA","Y",0,120,0,0,0,0,NA,"MnPrv",NA,0,1,2010,"WD","Family",170000,"Train"
"1244",1244,20,"RL",107,13891,"Pave",NA,"Reg","Lvl","AllPub","Inside","Gtl","NridgHt","Norm","Norm","1Fam","1Story","10","5",2006,2006,"Gable","CompShg","VinylSd","VinylSd",NA,NA,"Ex","TA","PConc","Ex","Gd","Gd","GLQ",1386,"Unf",0,690,2076,"GasA","Ex","Y","SBrkr",2076,0,0,2076,1,0,2,1,2,1,"Ex",7,"Typ",1,"Gd","Attchd",2006,"Fin",3,850,"TA","TA","Y",216,229,0,0,0,0,NA,NA,NA,0,9,2006,"New","Partial",465000,"Train"
"1245",1245,70,"RL",NA,11435,"Pave",NA,"IR1","HLS","AllPub","Corner","Mod","Crawfor","Norm","Norm","1Fam","2Story","8","7",1929,1950,"Gable","CompShg","BrkFace","Stucco","None",0,"TA","TA","PConc","Gd","TA","No","Unf",0,"Unf",0,792,792,"GasA","Fa","Y","SBrkr",792,725,0,1517,0,0,1,0,3,1,"Gd",7,"Typ",2,"Gd","Detchd",1931,"Unf",2,400,"TA","TA","Y",0,0,0,0,0,0,NA,NA,NA,0,6,2006,"WD","Normal",230000,"Train"
"1246",1246,80,"RL",78,12090,"Pave",NA,"Reg","Lvl","AllPub","Inside","Gtl","NWAmes","Norm","Norm","1Fam","SLvl","6","7",1984,2003,"Hip","CompShg","VinylSd","VinylSd","BrkFace",74,"TA","TA","CBlock","Gd","TA","No","Unf",0,"Unf",0,585,585,"GasA","Ex","Y","SBrkr",1140,728,0,1868,0,0,3,1,3,1,"TA",7,"Typ",1,"TA","BuiltIn",1984,"Fin",2,477,"TA","TA","Y",268,112,0,0,147,0,NA,NA,NA,0,1,2007,"WD","Abnorml",178000,"Train"
"1247",1247,60,"FV",65,8125,"Pave",NA,"Reg","Lvl","AllPub","Inside","Gtl","Somerst","Norm","Norm","1Fam","2Story","7","5",2005,2006,"Gable","CompShg","VinylSd","VinylSd","None",0,"Gd","TA","PConc","Gd","TA","No","Unf",0,"Unf",0,756,756,"GasA","Ex","Y","SBrkr",756,797,0,1553,0,0,2,1,3,1,"Gd",6,"Typ",0,NA,"Attchd",2005,"RFn",2,615,"TA","TA","Y",0,45,0,0,0,0,NA,NA,NA,0,3,2006,"New","Partial",186500,"Train"
"1248",1248,80,"RL",NA,12328,"Pave",NA,"IR1","Lvl","AllPub","Inside","Gtl","Mitchel","Norm","Norm","1Fam","SLvl","6","5",1976,1976,"Gable","CompShg","HdBoard","HdBoard","BrkFace",335,"TA","TA","CBlock","TA","TA","Av","GLQ",539,"Unf",0,473,1012,"GasA","TA","Y","SBrkr",1034,0,0,1034,1,0,1,0,3,1,"TA",6,"Typ",0,NA,"Attchd",1976,"Unf",3,888,"TA","TA","Y",0,0,0,0,0,0,NA,NA,NA,0,5,2010,"WD","Normal",169900,"Train"
"1249",1249,75,"RM",60,9600,"Pave","Grvl","Reg","Lvl","AllPub","Inside","Gtl","OldTown","Norm","Norm","1Fam","2.5Unf","6","5",1917,1950,"Gable","CompShg","AsbShng","AsbShng","None",0,"TA","TA","BrkTil","Gd","TA","No","Rec",319,"Unf",0,416,735,"OthW","Fa","N","SBrkr",1134,924,0,2058,0,0,1,1,3,1,"TA",8,"Typ",1,"Gd","Detchd",1950,"Unf",2,396,"Fa","Fa","P",0,0,259,0,0,0,NA,NA,NA,0,4,2008,"WD","Normal",129500,"Train"
"1250",1250,20,"RL",60,7200,"Pave",NA,"Reg","Lvl","AllPub","Inside","Gtl","NAmes","Norm","Norm","1Fam","1Story","5","7",1950,1950,"Gable","CompShg","MetalSd","MetalSd","None",0,"TA","TA","CBlock","TA","TA","No","BLQ",534,"Rec",96,246,876,"GasA","TA","Y","SBrkr",988,0,0,988,0,0,1,0,3,1,"TA",6,"Typ",0,NA,"Attchd",1950,"Unf",1,276,"TA","TA","Y",0,80,0,0,0,0,NA,NA,NA,0,5,2007,"WD","Normal",119000,"Train"
"1251",1251,20,"RL",93,11160,"Pave",NA,"Reg","Lvl","AllPub","Corner","Gtl","NAmes","Norm","Norm","1Fam","1Story","7","5",1968,1968,"Hip","CompShg","BrkFace","BrkFace","None",0,"Gd","TA","CBlock","TA","TA","No","ALQ",1065,"Unf",0,1045,2110,"GasA","Ex","Y","SBrkr",2110,0,0,2110,1,0,2,1,3,1,"Ex",8,"Typ",2,"TA","Attchd",1968,"Fin",2,522,"TA","TA","Y",0,0,0,0,0,0,NA,NA,NA,0,4,2010,"WD","Normal",244000,"Train"
"1252",1252,120,"RL",NA,3136,"Pave",NA,"IR1","Lvl","AllPub","Corner","Gtl","NridgHt","Norm","Norm","TwnhsE","1Story","7","5",2003,2003,"Gable","CompShg","VinylSd","Wd Shng","Stone",163,"Gd","TA","PConc","Gd","TA","No","Unf",0,"Unf",0,1405,1405,"GasA","Ex","Y","SBrkr",1405,0,0,1405,0,0,2,0,2,1,"Gd",6,"Typ",1,"Gd","Attchd",2003,"RFn",2,478,"TA","TA","Y",148,36,0,0,0,0,NA,NA,NA,0,3,2006,"WD","Normal",171750,"Train"
"1253",1253,20,"RL",62,9858,"Pave",NA,"Reg","Lvl","AllPub","Inside","Gtl","Mitchel","Norm","Norm","1Fam","1Story","5","6",1968,1968,"Gable","CompShg","HdBoard","HdBoard","None",0,"TA","TA","CBlock","TA","TA","No","BLQ",510,"Unf",0,354,864,"GasA","TA","Y","SBrkr",874,0,0,874,1,0,1,0,3,1,"TA",5,"Typ",0,NA,"Attchd",1968,"RFn",1,288,"TA","TA","Y",33,0,0,0,0,0,NA,"GdWo","Shed",600,11,2009,"WD","Normal",130000,"Train"
"1254",1254,60,"RL",NA,17542,"Pave",NA,"IR1","Lvl","AllPub","Inside","Gtl","Veenker","Norm","Norm","1Fam","2Story","7","7",1974,2003,"Gable","CompShg","Wd Sdng","Wd Sdng","None",0,"Gd","TA","CBlock","TA","TA","Gd","LwQ",125,"ALQ",1031,36,1192,"GasA","TA","Y","SBrkr",1516,651,0,2167,1,0,2,1,3,1,"Gd",9,"Typ",2,"Gd","Attchd",1974,"RFn",2,518,"TA","TA","Y",220,47,0,0,0,0,NA,"MnPrv",NA,0,7,2007,"WD","Normal",294000,"Train"
"1255",1255,60,"RL",60,6931,"Pave",NA,"Reg","Lvl","AllPub","Inside","Gtl","Edwards","Norm","Norm","1Fam","2Story","7","5",2003,2004,"Gable","CompShg","VinylSd","VinylSd","Stone",92,"Gd","TA","PConc","Gd","TA","No","Unf",0,"Unf",0,746,746,"GasA","Ex","Y","SBrkr",760,896,0,1656,0,0,2,1,3,1,"Gd",7,"Typ",1,"Gd","BuiltIn",2003,"Fin",2,397,"TA","TA","Y",178,128,0,0,0,0,NA,NA,NA,0,7,2008,"WD","Normal",165400,"Train"
"1256",1256,50,"RM",52,6240,"Pave",NA,"Reg","Lvl","AllPub","Inside","Gtl","BrkSide","Norm","Norm","1Fam","1.5Fin","6","6",1931,1950,"Gable","CompShg","Wd Sdng","Wd Sdng","None",0,"TA","TA","BrkTil","TA","Fa","No","LwQ",425,"Unf",0,459,884,"GasA","TA","Y","FuseA",959,408,0,1367,0,0,1,0,3,1,"TA",6,"Typ",1,"Gd","Detchd",1978,"Unf",1,560,"TA","TA","Y",0,0,0,0,120,0,NA,NA,NA,0,11,2007,"WD","Normal",127500,"Train"
"1257",1257,20,"RL",91,14303,"Pave",NA,"IR1","Lvl","AllPub","Corner","Gtl","NoRidge","Norm","Norm","1Fam","1Story","8","5",1994,1994,"Hip","CompShg","HdBoard","HdBoard","BrkFace",554,"Gd","TA","PConc","Gd","TA","Gd","GLQ",1314,"Unf",0,672,1986,"GasA","Ex","Y","SBrkr",1987,0,0,1987,1,0,2,0,2,1,"Gd",7,"Typ",1,"TA","Attchd",1994,"Fin",2,691,"TA","TA","Y",262,36,0,0,0,0,NA,NA,NA,0,8,2008,"WD","Normal",301500,"Train"
"1258",1258,30,"RL",56,4060,"Pave",NA,"Reg","Lvl","AllPub","Corner","Gtl","Edwards","Feedr","Norm","1Fam","1Story","5","8",1922,1950,"Gable","CompShg","Wd Sdng","Wd Sdng","None",0,"TA","TA","PConc","Fa","TA","No","Unf",0,"Unf",0,864,864,"GasA","Ex","Y","SBrkr",864,0,0,864,0,0,1,0,2,1,"TA",4,"Typ",0,NA,NA,NA,NA,0,0,NA,NA,"Y",0,96,0,0,0,0,NA,NA,NA,0,7,2009,"WD","Normal",99900,"Train"
"1259",1259,80,"RL",59,9587,"Pave",NA,"IR1","Lvl","AllPub","Inside","Gtl","Gilbert","Norm","Norm","1Fam","SLvl","7","5",2005,2005,"Gable","CompShg","VinylSd","VinylSd","Stone",182,"Gd","TA","PConc","Gd","TA","Gd","GLQ",655,"Unf",0,201,856,"GasA","Ex","Y","SBrkr",1166,0,0,1166,1,0,2,0,2,1,"Gd",5,"Typ",0,NA,"Attchd",2005,"Fin",2,400,"TA","TA","Y",212,0,0,0,0,0,NA,NA,NA,0,7,2008,"WD","Normal",190000,"Train"
"1260",1260,20,"RL",65,9750,"Pave",NA,"Reg","Lvl","AllPub","FR2","Gtl","NAmes","Norm","Norm","1Fam","1Story","6","8",1969,1969,"Gable","CompShg","HdBoard","HdBoard","None",0,"TA","TA","CBlock","Gd","TA","No","ALQ",602,"LwQ",438,14,1054,"GasA","Gd","Y","SBrkr",1054,0,0,1054,1,0,1,1,3,1,"TA",6,"Typ",0,NA,"Attchd",1969,"Unf",2,460,"TA","TA","Y",180,0,0,0,80,0,NA,NA,NA,0,7,2008,"WD","Normal",151000,"Train"
"1261",1261,60,"RL",NA,24682,"Pave",NA,"IR3","Lvl","AllPub","CulDSac","Gtl","Gilbert","RRAn","Norm","1Fam","2Story","6","5",1999,1999,"Gable","CompShg","VinylSd","VinylSd","None",0,"TA","TA","PConc","Gd","TA","No","Unf",0,"Unf",0,841,841,"GasA","Ex","Y","SBrkr",892,783,0,1675,0,0,2,1,3,1,"TA",7,"Typ",1,"TA","BuiltIn",1999,"Fin",2,502,"TA","TA","Y",0,103,0,0,0,0,NA,NA,NA,0,6,2009,"WD","Normal",181000,"Train"
"1262",1262,20,"RL",80,9600,"Pave",NA,"Reg","Lvl","AllPub","Inside","Gtl","NAmes","Norm","Norm","1Fam","1Story","5","6",1956,1956,"Hip","CompShg","MetalSd","MetalSd","None",0,"TA","TA","CBlock","TA","TA","No","Rec",504,"Unf",0,546,1050,"GasA","Gd","Y","SBrkr",1050,0,0,1050,0,0,1,0,2,1,"TA",5,"Typ",0,NA,"Attchd",1956,"Unf",1,338,"TA","TA","Y",0,0,0,0,0,0,NA,NA,NA,0,6,2009,"WD","Normal",128900,"Train"
"1263",1263,50,"RL",NA,11250,"Pave",NA,"Reg","Lvl","AllPub","Inside","Gtl","ClearCr","Norm","Norm","1Fam","1.5Fin","4","5",1957,1989,"Gable","CompShg","Wd Sdng","Wd Sdng","None",0,"TA","TA","CBlock","TA","TA","Av","Unf",0,"Unf",0,1104,1104,"GasA","Ex","Y","FuseA",1104,684,0,1788,1,0,1,0,5,1,"TA",8,"Min2",2,"TA","Attchd",1957,"Unf",1,304,"TA","TA","Y",120,0,0,0,0,0,NA,NA,NA,0,11,2009,"WD","Normal",161500,"Train"
"1264",1264,70,"RL",60,13515,"Pave","Pave","Reg","Lvl","AllPub","Inside","Gtl","BrkSide","Norm","Norm","1Fam","2Story","6","6",1919,1950,"Gambrel","CompShg","Wd Sdng","Wd Sdng","None",0,"TA","TA","PConc","TA","TA","No","Unf",0,"Unf",0,764,764,"GasA","Ex","Y","FuseA",1060,764,0,1824,0,0,1,0,3,1,"TA",8,"Typ",1,"Gd","Detchd",1940,"Unf",2,520,"TA","TA","N",0,0,126,0,0,0,NA,"GdPrv",NA,0,7,2007,"WD","Normal",180500,"Train"
"1265",1265,120,"RH",34,4060,"Pave",NA,"Reg","Lvl","AllPub","Inside","Gtl","NAmes","Norm","Norm","TwnhsE","1Story","6","5",1998,1999,"Gable","CompShg","MetalSd","MetalSd","None",0,"Gd","TA","PConc","Gd","TA","No","GLQ",266,"Unf",0,1139,1405,"GasA","Ex","Y","SBrkr",1337,0,0,1337,1,0,2,0,2,1,"Gd",5,"Typ",0,NA,"Attchd",1998,"Fin",2,511,"TA","TA","Y",144,68,0,0,0,0,NA,NA,NA,0,8,2008,"COD","Abnorml",181000,"Train"
"1266",1266,160,"FV",35,3735,"Pave",NA,"Reg","Lvl","AllPub","FR3","Gtl","Somerst","Norm","Norm","TwnhsE","2Story","7","5",1999,1999,"Hip","CompShg","MetalSd","MetalSd","BrkFace",218,"Gd","TA","PConc","Gd","TA","No","GLQ",450,"Unf",0,241,691,"GasA","Ex","Y","SBrkr",713,739,0,1452,1,0,2,1,3,1,"Gd",6,"Typ",0,NA,"Detchd",1999,"Unf",2,506,"TA","TA","Y",0,34,0,0,0,0,NA,NA,NA,0,3,2006,"WD","Normal",183900,"Train"
"1267",1267,190,"RM",60,10120,"Pave",NA,"IR1","Bnk","AllPub","Inside","Gtl","OldTown","Feedr","Norm","2fmCon","2.5Unf","7","4",1910,1950,"Hip","CompShg","Wd Sdng","Wd Sdng","None",0,"Fa","TA","CBlock","TA","TA","No","Unf",0,"Unf",0,925,925,"GasA","TA","N","FuseF",964,925,0,1889,0,0,1,1,4,2,"TA",9,"Typ",1,"Gd","Detchd",1960,"Unf",1,308,"TA","TA","N",0,0,264,0,0,0,NA,"MnPrv",NA,0,1,2007,"WD","Normal",122000,"Train"
"1268",1268,20,"RL",89,13214,"Pave",NA,"IR1","HLS","AllPub","Inside","Gtl","Timber","Norm","Norm","1Fam","1Story","9","5",2008,2009,"Hip","CompShg","Stucco","CmentBd","None",0,"Ex","TA","PConc","Ex","TA","Gd","Unf",0,"Unf",0,2002,2002,"GasA","Ex","Y","SBrkr",2018,0,0,2018,0,0,2,0,3,1,"Ex",10,"Typ",1,"Gd","Attchd",2009,"Fin",3,746,"TA","TA","Y",144,76,0,0,0,0,NA,NA,NA,0,5,2010,"WD","Normal",378500,"Train"
"1269",1269,50,"RL",NA,14100,"Pave",NA,"IR1","Lvl","AllPub","Inside","Mod","Crawfor","Norm","Norm","1Fam","1.5Fin","8","9",1935,1997,"Gable","CompShg","Stucco","Stucco","BrkFace",632,"TA","Gd","CBlock","TA","TA","Mn","Rec",192,"Unf",0,536,728,"GasA","Ex","Y","SBrkr",1968,1479,0,3447,0,0,3,1,4,1,"Gd",11,"Typ",2,"Gd","BuiltIn",1982,"Unf",3,1014,"TA","TA","Y",314,12,0,0,0,0,NA,"GdWo",NA,0,5,2008,"WD","Normal",381000,"Train"
"1270",1270,50,"RL",78,11344,"Pave",NA,"Reg","Lvl","AllPub","Inside","Gtl","NAmes","Feedr","Norm","1Fam","1.5Fin","5","5",1958,1958,"Gable","CompShg","MetalSd","MetalSd","BrkFace",180,"TA","TA","CBlock","TA","TA","No","BLQ",460,"Unf",0,414,874,"GasW","TA","Y","FuseA",874,650,0,1524,0,0,1,1,3,1,"TA",7,"Typ",0,NA,"Attchd",1958,"Unf",1,315,"TA","TA","Y",0,0,0,0,0,0,NA,"GdWo",NA,0,7,2007,"WD","Normal",144000,"Train"
"1271",1271,40,"RL",NA,23595,"Pave",NA,"Reg","Low","AllPub","Inside","Sev","ClearCr","Norm","Norm","1Fam","1Story","7","6",1979,1979,"Shed","WdShake","Plywood","Plywood","None",0,"Gd","TA","PConc","Gd","TA","Gd","GLQ",1258,"Unf",0,74,1332,"GasA","TA","Y","SBrkr",1332,192,0,1524,2,0,0,1,0,1,"Gd",4,"Typ",1,"TA","Attchd",1979,"Fin",2,586,"TA","TA","Y",268,0,0,0,0,0,NA,NA,NA,0,4,2010,"WD","Normal",260000,"Train"
"1272",1272,20,"RL",NA,9156,"Pave",NA,"IR1","Lvl","AllPub","Inside","Gtl","NWAmes","PosN","Norm","1Fam","1Story","6","7",1968,1968,"Hip","CompShg","BrkFace","BrkFace","None",0,"TA","TA","CBlock","TA","TA","No","Unf",0,"Unf",0,1489,1489,"GasA","Gd","Y","SBrkr",1489,0,0,1489,0,0,2,0,3,1,"Gd",7,"Typ",1,"Gd","Attchd",1968,"RFn",2,462,"TA","TA","Y",0,0,0,0,0,0,NA,NA,NA,0,8,2009,"WD","Normal",185750,"Train"
"1273",1273,20,"RL",NA,13526,"Pave",NA,"IR1","Lvl","AllPub","CulDSac","Gtl","Sawyer","Norm","Norm","1Fam","1Story","5","6",1965,1965,"Hip","CompShg","HdBoard","Plywood","BrkFace",114,"TA","TA","CBlock","TA","TA","No","BLQ",560,"LwQ",375,0,935,"GasA","TA","Y","SBrkr",935,0,0,935,1,0,1,0,3,1,"TA",5,"Typ",0,NA,"Attchd",1965,"Unf",1,288,"TA","TA","Y",180,0,0,0,0,0,NA,"MnPrv",NA,0,11,2006,"WD","Normal",137000,"Train"
"1274",1274,80,"RL",124,11512,"Pave",NA,"IR1","Lvl","AllPub","Corner","Gtl","Edwards","Norm","Norm","1Fam","SLvl","6","7",1959,2006,"Gable","CompShg","Plywood","Plywood","BrkFace",84,"TA","TA","CBlock","TA","TA","Av","ALQ",719,"Unf",0,300,1019,"GasA","Gd","Y","SBrkr",1357,0,0,1357,1,0,1,0,2,1,"Ex",5,"Typ",1,"Gd","Basment",1959,"RFn",1,312,"TA","TA","Y",0,0,0,0,163,0,NA,"GdPrv",NA,0,5,2008,"WD","Normal",177000,"Train"
"1275",1275,50,"RL",53,5362,"Pave",NA,"Reg","Lvl","AllPub","Corner","Gtl","Crawfor","Norm","Norm","1Fam","1.5Fin","5","6",1910,2003,"Gable","CompShg","Wd Sdng","Wd Shng","None",0,"TA","TA","PConc","TA","TA","No","Unf",0,"Unf",0,661,661,"GasA","Ex","Y","SBrkr",661,589,0,1250,0,0,2,0,3,1,"TA",8,"Typ",1,"Gd","Detchd",1985,"Unf",2,552,"TA","TA","Y",242,0,81,0,0,0,NA,NA,NA,0,11,2007,"WD","Normal",139000,"Train"
"1276",1276,90,"RL",95,11345,"Pave",NA,"Reg","Lvl","AllPub","Corner","Gtl","NAmes","Feedr","Norm","Duplex","2Story","5","5",1948,1950,"Gable","Roll","AsbShng","AsbShng","Stone",567,"TA","TA","CBlock","TA","TA","No","Rec",220,"Unf",0,708,928,"GasA","Gd","Y","FuseA",928,992,0,1920,0,0,2,0,4,2,"TA",10,"Typ",0,NA,"Detchd",1948,"Unf",2,400,"TA","Fa","Y",0,0,0,0,0,0,NA,NA,NA,0,7,2007,"WD","Normal",137000,"Train"
"1277",1277,60,"RL",NA,12936,"Pave",NA,"IR1","Lvl","AllPub","CulDSac","Gtl","NWAmes","Norm","Norm","1Fam","2Story","6","6",1972,1972,"Gable","CompShg","HdBoard","Plywood","None",0,"TA","TA","CBlock","TA","Gd","No","BLQ",593,"Unf",0,130,723,"GasA","TA","Y","SBrkr",735,660,0,1395,0,1,1,1,3,1,"TA",6,"Typ",1,"TA","Attchd",1972,"Unf",2,497,"TA","TA","Y",294,116,0,0,0,0,NA,NA,NA,0,12,2009,"WD","Normal",162000,"Train"
"1278",1278,80,"RL",NA,17871,"Pave",NA,"IR1","Lvl","AllPub","CulDSac","Gtl","NWAmes","Norm","Norm","1Fam","SLvl","6","5",1967,1976,"Gable","CompShg","HdBoard","HdBoard","BrkFace",359,"TA","TA","CBlock","Gd","TA","Av","ALQ",528,"Unf",0,1152,1680,"GasA","Fa","Y","SBrkr",1724,0,0,1724,1,0,1,1,3,1,"TA",7,"Typ",1,"Gd","Attchd",1967,"RFn",2,480,"TA","TA","Y",0,0,0,0,0,0,NA,NA,NA,0,6,2009,"WD","Normal",197900,"Train"
"1279",1279,60,"RL",75,9473,"Pave",NA,"Reg","Lvl","AllPub","Inside","Gtl","CollgCr","Norm","Norm","1Fam","2Story","8","5",2002,2002,"Gable","CompShg","VinylSd","VinylSd",NA,NA,"Gd","TA","PConc","Gd","TA","No","GLQ",804,"Unf",0,324,1128,"GasA","Ex","Y","SBrkr",1128,903,0,2031,1,0,2,1,3,1,"Gd",7,"Typ",1,"Gd","Attchd",2002,"RFn",2,577,"TA","TA","Y",0,211,0,0,0,0,NA,NA,NA,0,3,2008,"WD","Normal",237000,"Train"
"1280",1280,50,"C (all)",60,7500,"Pave",NA,"Reg","Lvl","AllPub","Inside","Gtl","IDOTRR","Norm","Norm","1Fam","1.5Fin","4","4",1920,1950,"Gable","CompShg","MetalSd","MetalSd","None",0,"TA","Gd","CBlock","TA","TA","No","Unf",0,"Unf",0,698,698,"GasA","TA","Y","FuseA",698,430,0,1128,0,0,1,0,2,1,"TA",6,"Typ",0,NA,"Detchd",1980,"RFn",2,528,"TA","TA","Y",30,0,164,0,0,0,NA,NA,NA,0,4,2010,"COD","Abnorml",68400,"Train"
"1281",1281,20,"RL",67,9808,"Pave",NA,"IR1","Lvl","AllPub","Inside","Gtl","CollgCr","Norm","Norm","1Fam","1Story","7","5",2002,2002,"Gable","CompShg","VinylSd","VinylSd","BrkFace",110,"Gd","TA","PConc","Gd","TA","No","GLQ",788,"Unf",0,785,1573,"GasA","Ex","Y","SBrkr",1573,0,0,1573,1,0,2,0,3,1,"Gd",6,"Typ",0,NA,"Attchd",2002,"RFn",2,544,"TA","TA","Y",0,72,0,0,0,0,NA,NA,NA,0,3,2009,"WD","Normal",227000,"Train"
"1282",1282,20,"RL",50,8049,"Pave",NA,"IR1","Lvl","AllPub","CulDSac","Gtl","Timber","Norm","Norm","1Fam","1Story","7","5",1990,1990,"Hip","CompShg","HdBoard","HdBoard","BrkFace",54,"TA","TA","CBlock","Gd","TA","No","ALQ",1053,"Unf",0,256,1309,"GasA","TA","Y","SBrkr",1339,0,0,1339,1,0,2,0,2,1,"TA",6,"Typ",1,"TA","Attchd",1990,"Fin",2,484,"Gd","Gd","Y",0,58,0,0,90,0,NA,NA,NA,0,7,2006,"WD","Normal",180000,"Train"
"1283",1283,20,"RL",61,8800,"Pave",NA,"IR1","Lvl","AllPub","Inside","Gtl","CollgCr","Norm","Norm","1Fam","1Story","5","7",1977,2008,"Gable","CompShg","HdBoard","HdBoard","None",0,"TA","TA","CBlock","Gd","TA","Mn","LwQ",532,"Rec",144,364,1040,"GasA","TA","Y","SBrkr",1040,0,0,1040,0,0,2,0,3,1,"Gd",5,"Typ",0,NA,"Detchd",1977,"Unf",2,484,"TA","TA","Y",0,0,0,0,288,0,NA,NA,NA,0,9,2009,"WD","Normal",150500,"Train"
"1284",1284,90,"RL",94,9400,"Pave",NA,"Reg","Low","AllPub","Corner","Gtl","Mitchel","Norm","Norm","Duplex","2Story","6","5",1971,1971,"Mansard","CompShg","MetalSd","Wd Shng","None",0,"TA","TA","CBlock","TA","TA","Av","Unf",0,"Unf",0,912,912,"GasA","TA","Y","SBrkr",912,912,0,1824,0,0,2,2,4,2,"TA",8,"Typ",0,NA,NA,NA,NA,0,0,NA,NA,"Y",128,0,0,0,0,0,NA,NA,NA,0,4,2010,"WD","Normal",139000,"Train"
"1285",1285,50,"RL",50,9638,"Pave",NA,"Reg","Lvl","AllPub","Inside","Gtl","SWISU","Feedr","Norm","1Fam","1.5Fin","6","7",1919,1990,"Gable","CompShg","Wd Sdng","Wd Shng","None",0,"TA","TA","PConc","TA","TA","No","Unf",0,"Unf",0,804,804,"GasA","Ex","Y","SBrkr",1699,748,0,2447,0,0,2,0,4,1,"Gd",10,"Min2",1,"Gd","Detchd",1969,"Unf",1,336,"TA","TA","Y",272,0,42,0,116,0,NA,NA,NA,0,3,2010,"WD","Normal",169000,"Train"
"1286",1286,50,"RM",50,6000,"Pave",NA,"Reg","Lvl","AllPub","Inside","Gtl","BrkSide","Norm","Norm","1Fam","1.5Fin","6","6",1939,1950,"Gable","CompShg","MetalSd","MetalSd","None",0,"TA","Fa","CBlock","TA","TA","No","Unf",0,"Unf",0,780,780,"GasA","Ex","Y","FuseF",825,587,0,1412,0,0,1,0,4,1,"TA",6,"Typ",1,"Gd","Detchd",1939,"Unf",1,280,"TA","TA","Y",45,0,0,0,0,0,NA,NA,NA,0,5,2009,"WD","Normal",132500,"Train"
"1287",1287,20,"RL",NA,9790,"Pave",NA,"Reg","Lvl","AllPub","Inside","Gtl","NWAmes","Feedr","Norm","1Fam","1Story","6","5",1963,1963,"Hip","CompShg","HdBoard","HdBoard","BrkFace",451,"TA","TA","CBlock","TA","TA","No","ALQ",569,"Rec",81,678,1328,"GasA","TA","Y","SBrkr",1328,0,0,1328,1,0,1,1,3,1,"TA",6,"Typ",2,"Gd","Attchd",1963,"Unf",2,528,"TA","TA","Y",0,26,0,0,0,0,NA,NA,NA,0,6,2010,"WD","Normal",143000,"Train"
"1288",1288,20,"RL",NA,36500,"Pave",NA,"IR1","Low","AllPub","Inside","Mod","ClearCr","Norm","Norm","1Fam","1Story","5","5",1964,1964,"Gable","CompShg","Wd Sdng","Wd Sdng","BrkCmn",621,"TA","Gd","CBlock","TA","TA","Av","Rec",812,"Unf",0,812,1624,"GasA","Fa","Y","SBrkr",1582,0,0,1582,0,1,2,0,4,1,"TA",7,"Typ",0,NA,"Attchd",1964,"Unf",2,390,"TA","TA","N",168,198,0,0,0,0,NA,NA,NA,0,6,2006,"WD","Normal",190000,"Train"
"1289",1289,120,"RL",40,5664,"Pave",NA,"IR1","Lvl","AllPub","Inside","Gtl","StoneBr","Norm","Norm","TwnhsE","1Story","8","5",2000,2000,"Gable","CompShg","CemntBd","CmentBd","None",0,"Gd","TA","PConc","Gd","TA","No","GLQ",1158,"Unf",0,343,1501,"GasA","Ex","Y","SBrkr",1659,0,0,1659,1,0,2,0,2,1,"Ex",5,"Typ",1,"Ex","Attchd",2000,"Fin",2,499,"TA","TA","Y",212,59,0,0,0,0,NA,NA,NA,0,10,2009,"WD","Normal",278000,"Train"
"1290",1290,60,"RL",86,11065,"Pave",NA,"IR1","Lvl","AllPub","Inside","Gtl","NridgHt","Norm","Norm","1Fam","2Story","8","5",2006,2006,"Gable","CompShg","VinylSd","VinylSd","Stone",788,"Gd","TA","PConc","Gd","TA","Mn","Unf",0,"Unf",0,1085,1085,"GasA","Ex","Y","SBrkr",1120,850,0,1970,0,0,2,1,3,1,"Ex",8,"Typ",1,"Gd","BuiltIn",2006,"Fin",3,753,"TA","TA","Y",177,74,0,0,0,0,NA,NA,NA,0,10,2006,"New","Partial",281000,"Train"
"1291",1291,80,"RL",NA,14112,"Pave",NA,"IR1","Lvl","AllPub","Corner","Gtl","NAmes","Norm","Norm","1Fam","SLvl","5","7",1964,1964,"Hip","CompShg","Wd Sdng","HdBoard","BrkFace",86,"TA","TA","PConc","TA","TA","Av","GLQ",1014,"Unf",0,138,1152,"GasA","TA","Y","SBrkr",1152,0,0,1152,1,0,1,0,3,1,"TA",6,"Typ",1,"Gd","Attchd",1964,"RFn",2,484,"TA","TA","Y",227,0,0,0,0,0,NA,NA,NA,0,4,2010,"WD","Normal",180500,"Train"
"1292",1292,160,"RM",21,1680,"Pave",NA,"Reg","Lvl","AllPub","Inside","Gtl","BrDale","Norm","Norm","Twnhs","2Story","5","7",1972,1972,"Gable","CompShg","CemntBd","CmentBd","BrkFace",268,"TA","TA","CBlock","TA","TA","No","ALQ",231,"Unf",0,399,630,"GasA","TA","Y","SBrkr",630,672,0,1302,0,0,2,1,3,1,"TA",6,"Typ",0,NA,"Detchd",1972,"Unf",1,264,"TA","TA","Y",185,0,0,0,0,0,NA,NA,NA,0,2,2009,"WD","Normal",119500,"Train"
"1293",1293,70,"RM",60,6600,"Pave",NA,"Reg","Lvl","AllPub","Corner","Gtl","OldTown","Norm","Norm","1Fam","2Story","5","4",1892,1965,"Gable","CompShg","Wd Sdng","Wd Sdng","None",0,"TA","TA","Stone","TA","TA","No","Unf",0,"Unf",0,994,994,"GasA","TA","N","SBrkr",1378,994,0,2372,0,0,2,0,4,2,"TA",11,"Min2",0,NA,"Attchd",1985,"RFn",1,432,"TA","TA","Y",0,287,0,0,0,0,NA,NA,NA,0,12,2009,"WD","Normal",107500,"Train"
"1294",1294,60,"RL",78,10140,"Pave",NA,"Reg","Lvl","AllPub","Inside","Gtl","NWAmes","Norm","Norm","1Fam","2Story","7","5",1976,1976,"Gable","CompShg","HdBoard","HdBoard","None",0,"TA","TA","PConc","Gd","TA","No","GLQ",194,"Unf",0,638,832,"GasA","TA","Y","SBrkr",832,832,0,1664,0,0,2,1,4,1,"TA",8,"Typ",1,"TA","Attchd",1976,"RFn",2,528,"TA","TA","Y",0,28,0,0,259,0,NA,"GdWo",NA,0,3,2006,"WD","Normal",162900,"Train"
"1295",1295,20,"RL",60,8172,"Pave",NA,"Reg","Lvl","AllPub","Inside","Gtl","Edwards","Norm","Norm","1Fam","1Story","5","7",1955,1990,"Hip","CompShg","WdShing","Plywood","None",0,"TA","TA","CBlock","TA","TA","No","Rec",167,"Unf",0,697,864,"GasA","TA","Y","SBrkr",864,0,0,864,1,0,1,0,2,1,"TA",5,"Typ",0,NA,"Detchd",1957,"Unf",2,572,"TA","TA","N",0,0,0,0,0,0,NA,NA,NA,0,4,2006,"WD","Normal",115000,"Train"
"1296",1296,20,"RL",70,8400,"Pave",NA,"Reg","Lvl","AllPub","Inside","Gtl","NAmes","Feedr","Norm","1Fam","1Story","5","5",1968,1968,"Hip","CompShg","HdBoard","HdBoard","BrkFace",168,"TA","TA","CBlock","TA","TA","Av","BLQ",1016,"Unf",0,36,1052,"GasA","Gd","Y","SBrkr",1052,0,0,1052,1,0,1,1,3,1,"TA",5,"Typ",0,NA,"Attchd",1968,"RFn",1,288,"TA","TA","Y",356,0,0,0,0,0,NA,"GdWo",NA,0,11,2006,"WD","Normal",138500,"Train"
"1297",1297,20,"RL",80,8700,"Pave",NA,"Reg","Lvl","AllPub","Inside","Gtl","NAmes","Norm","Norm","1Fam","1Story","5","6",1963,1963,"Hip","CompShg","MetalSd","MetalSd","BrkFace",148,"TA","Gd","CBlock","TA","TA","Mn","ALQ",776,"Unf",0,344,1120,"GasA","Gd","Y","SBrkr",1128,0,0,1128,1,0,2,0,3,1,"TA",6,"Typ",0,NA,"Attchd",1963,"RFn",2,525,"TA","TA","Y",192,20,123,0,0,0,NA,"MnPrv",NA,0,12,2008,"WD","Normal",155000,"Train"
"1298",1298,180,"RM",35,3675,"Pave",NA,"Reg","Lvl","AllPub","Inside","Gtl","Edwards","Norm","Norm","TwnhsE","SFoyer","6","5",2005,2006,"Gable","CompShg","VinylSd","VinylSd","BrkFace",82,"TA","TA","PConc","Gd","TA","Gd","GLQ",547,"Unf",0,0,547,"GasA","Gd","Y","SBrkr",1072,0,0,1072,1,0,2,0,2,1,"TA",5,"Typ",0,NA,"Basment",2005,"Fin",2,525,"TA","TA","Y",0,44,0,0,0,0,NA,NA,NA,0,6,2006,"New","Partial",140000,"Train"
"1299",1299,60,"RL",313,63887,"Pave",NA,"IR3","Bnk","AllPub","Corner","Gtl","Edwards","Feedr","Norm","1Fam","2Story","10","5",2008,2008,"Hip","ClyTile","Stucco","Stucco","Stone",796,"Ex","TA","PConc","Ex","TA","Gd","GLQ",5644,"Unf",0,466,6110,"GasA","Ex","Y","SBrkr",4692,950,0,5642,2,0,2,1,3,1,"Ex",12,"Typ",3,"Gd","Attchd",2008,"Fin",2,1418,"TA","TA","Y",214,292,0,0,0,480,"Gd",NA,NA,0,1,2008,"New","Partial",160000,"Train"
"1300",1300,20,"RL",75,7500,"Pave",NA,"Reg","Lvl","AllPub","Inside","Gtl","NAmes","Norm","Norm","1Fam","1Story","5","7",1959,1994,"Hip","CompShg","BrkFace","BrkFace","None",0,"TA","TA","CBlock","TA","TA","No","LwQ",340,"Rec",906,0,1246,"GasA","Ex","Y","SBrkr",1246,0,0,1246,1,0,1,1,3,1,"Gd",6,"Typ",0,NA,"Attchd",1959,"RFn",1,305,"TA","TA","Y",218,0,0,0,0,0,NA,"GdPrv",NA,0,5,2010,"WD","Normal",154000,"Train"
"1301",1301,60,"RL",NA,10762,"Pave",NA,"IR1","Lvl","AllPub","CulDSac","Gtl","Gilbert","Norm","Norm","1Fam","2Story","7","5",1999,1999,"Gable","CompShg","VinylSd","VinylSd","None",344,"Gd","TA","PConc","Gd","TA","No","GLQ",694,"Unf",0,284,978,"GasA","Ex","Y","SBrkr",1005,978,0,1983,0,0,2,1,3,1,"Gd",9,"Typ",1,"TA","Attchd",1999,"Fin",2,490,"TA","TA","Y",0,0,0,0,0,0,NA,NA,NA,0,5,2009,"WD","Normal",225000,"Train"
"1302",1302,70,"RL",NA,7500,"Pave",NA,"IR1","Bnk","AllPub","Inside","Gtl","Crawfor","Norm","Norm","1Fam","2Story","6","7",1942,1950,"Gable","CompShg","Wd Sdng","Wd Sdng","None",0,"TA","TA","CBlock","TA","TA","No","BLQ",547,"Unf",0,224,771,"GasA","Fa","Y","SBrkr",753,741,0,1494,0,0,1,0,3,1,"Gd",7,"Typ",2,"Gd","Attchd",1942,"Unf",1,213,"TA","TA","P",0,0,0,0,224,0,NA,NA,NA,0,11,2009,"WD","Normal",177500,"Train"
"1303",1303,60,"RL",92,10120,"Pave",NA,"Reg","Lvl","AllPub","Inside","Gtl","NoRidge","Norm","Norm","1Fam","2Story","8","5",1994,1994,"Hip","CompShg","VinylSd","VinylSd","BrkFace",391,"Gd","TA","PConc","Gd","TA","No","GLQ",740,"Unf",0,425,1165,"GasA","Ex","Y","SBrkr",1203,1323,0,2526,1,0,2,1,4,1,"Gd",8,"Typ",1,"TA","Attchd",1994,"RFn",3,844,"TA","TA","Y",309,78,0,0,0,0,NA,NA,NA,0,12,2006,"WD","Normal",290000,"Train"
"1304",1304,20,"RL",73,8688,"Pave",NA,"Reg","Lvl","AllPub","Inside","Gtl","Somerst","Norm","Norm","1Fam","1Story","7","5",2005,2005,"Gable","CompShg","VinylSd","VinylSd","BrkFace",228,"Gd","TA","PConc","Gd","TA","Av","Unf",0,"Unf",0,1616,1616,"GasA","Ex","Y","SBrkr",1616,0,0,1616,0,0,2,0,3,1,"Gd",7,"Typ",0,NA,"Attchd",2005,"RFn",3,834,"TA","TA","Y",208,59,0,0,0,0,NA,NA,NA,0,4,2006,"WD","Normal",232000,"Train"
"1305",1305,160,"RM",32,3363,"Pave",NA,"Reg","Lvl","AllPub","Inside","Gtl","Edwards","Norm","Norm","TwnhsE","2Story","7","5",2004,2004,"Gable","CompShg","VinylSd","VinylSd","Stone",117,"Gd","TA","PConc","Gd","TA","No","Unf",0,"Unf",0,976,976,"GasA","Ex","Y","SBrkr",976,732,0,1708,0,0,2,0,3,1,"Gd",7,"Maj1",0,NA,"Detchd",2004,"Unf",2,380,"TA","TA","Y",0,40,0,0,0,0,NA,NA,NA,0,4,2006,"WD","Normal",130000,"Train"
"1306",1306,20,"RL",108,13173,"Pave",NA,"IR1","Lvl","AllPub","Corner","Gtl","NridgHt","Norm","Norm","1Fam","1Story","9","5",2006,2007,"Hip","CompShg","VinylSd","VinylSd","Stone",300,"Gd","TA","PConc","Ex","TA","No","GLQ",1572,"Unf",0,80,1652,"GasA","Ex","Y","SBrkr",1652,0,0,1652,1,0,2,0,2,1,"Ex",6,"Typ",2,"Ex","Attchd",2006,"Fin",2,840,"TA","TA","Y",404,102,0,0,0,0,NA,NA,NA,0,11,2009,"WD","Normal",325000,"Train"
"1307",1307,120,"RL",48,6955,"Pave",NA,"IR1","Lvl","AllPub","Inside","Gtl","NridgHt","Norm","Norm","TwnhsE","1Story","7","5",2005,2006,"Gable","CompShg","VinylSd","VinylSd","Stone",94,"Gd","TA","PConc","Gd","TA","No","Unf",0,"Unf",0,1368,1368,"GasA","Ex","Y","SBrkr",1368,0,0,1368,0,0,2,0,2,1,"Gd",6,"Typ",1,"Gd","Attchd",2005,"RFn",2,474,"TA","TA","Y",132,35,0,0,0,0,NA,NA,NA,0,9,2006,"New","Partial",202500,"Train"
"1308",1308,20,"RL",60,8072,"Pave",NA,"Reg","Lvl","AllPub","Inside","Gtl","CollgCr","Norm","Norm","1Fam","1Story","5","5",1994,1995,"Gable","CompShg","VinylSd","VinylSd","None",0,"TA","Gd","PConc","Gd","Gd","No","ALQ",746,"Unf",0,244,990,"GasA","Ex","Y","SBrkr",990,0,0,990,1,0,1,0,3,1,"TA",5,"Typ",0,NA,"Detchd",2000,"Unf",2,480,"TA","TA","Y",0,64,0,0,0,0,NA,NA,NA,0,5,2009,"WD","Normal",138000,"Train"
"1309",1309,20,"RM",100,12000,"Pave",NA,"Reg","Lvl","AllPub","Inside","Gtl","OldTown","Norm","Norm","1Fam","1Story","5","7",1948,2005,"Gable","CompShg","MetalSd","MetalSd","None",0,"TA","TA","CBlock","TA","TA","No","GLQ",144,"ALQ",608,172,924,"GasA","Ex","Y","SBrkr",1122,0,0,1122,1,0,1,0,2,1,"Gd",6,"Typ",0,NA,"Attchd",1948,"Unf",2,528,"TA","TA","Y",0,36,0,0,0,0,NA,"GdWo",NA,0,5,2008,"WD","Normal",147000,"Train"
"1310",1310,20,"RL",NA,7153,"Pave",NA,"Reg","Lvl","AllPub","Inside","Gtl","SawyerW","Norm","Norm","1Fam","1Story","6","5",1991,1991,"Gable","CompShg","HdBoard","HdBoard","BrkFace",88,"TA","TA","CBlock","Gd","TA","No","GLQ",1200,"Unf",0,78,1278,"GasA","Gd","Y","SBrkr",1294,0,0,1294,1,0,2,0,3,1,"Gd",6,"Typ",0,NA,"Attchd",1991,"RFn",2,496,"TA","TA","Y",112,51,0,0,0,0,NA,"GdWo",NA,0,6,2008,"WD","Normal",179200,"Train"
"1311",1311,20,"RL",100,17500,"Pave",NA,"Reg","Lvl","AllPub","Inside","Gtl","Crawfor","PosA","Norm","1Fam","1Story","7","8",1959,2002,"Gable","CompShg","BrkFace","HdBoard","None",0,"Gd","Gd","PConc","Gd","TA","Av","GLQ",1406,"Unf",0,496,1902,"GasA","TA","Y","SBrkr",1902,0,0,1902,1,0,2,0,3,1,"Ex",7,"Typ",2,"TA","Attchd",1959,"Fin",2,567,"TA","TA","Y",0,207,162,0,0,0,NA,NA,NA,0,5,2010,"WD","Normal",335000,"Train"
"1312",1312,20,"RL",68,8814,"Pave",NA,"Reg","Lvl","AllPub","Inside","Gtl","CollgCr","Norm","Norm","1Fam","1Story","7","5",2005,2007,"Gable","CompShg","VinylSd","VinylSd","BrkFace",80,"Gd","TA","PConc","Gd","TA","No","GLQ",925,"Unf",0,349,1274,"GasA","Ex","Y","SBrkr",1274,0,0,1274,1,0,2,0,3,1,"Gd",6,"Typ",0,NA,"Attchd",2005,"RFn",2,508,"TA","TA","Y",264,98,0,0,0,0,NA,NA,NA,0,1,2007,"New","Partial",203000,"Train"
"1313",1313,60,"RL",NA,9572,"Pave",NA,"IR1","Lvl","AllPub","Inside","Gtl","NoRidge","Norm","Norm","1Fam","2Story","8","5",1990,1990,"Gable","CompShg","Wd Sdng","Wd Sdng","BrkFace",336,"Gd","TA","PConc","Ex","TA","No","GLQ",482,"Unf",0,971,1453,"GasA","Ex","Y","SBrkr",1453,1357,0,2810,0,0,2,1,4,1,"Gd",9,"Typ",1,"Ex","Attchd",1990,"RFn",2,750,"Gd","Gd","Y",500,0,0,0,0,0,NA,NA,NA,0,6,2007,"WD","Normal",302000,"Train"
"1314",1314,60,"RL",108,14774,"Pave",NA,"IR1","Lvl","AllPub","Corner","Gtl","NoRidge","Norm","Norm","1Fam","2Story","9","5",1999,1999,"Gable","CompShg","VinylSd","VinylSd","BrkFace",165,"Gd","TA","PConc","Gd","TA","No","Unf",0,"Unf",0,1393,1393,"GasA","Ex","Y","SBrkr",1422,1177,0,2599,0,0,2,1,4,1,"Gd",10,"Typ",1,"TA","BuiltIn",1999,"Fin",3,779,"TA","TA","Y",668,30,0,0,0,0,NA,NA,NA,0,5,2010,"WD","Normal",333168,"Train"
"1315",1315,20,"RL",60,8190,"Pave",NA,"Reg","Lvl","AllPub","Inside","Gtl","Edwards","Norm","Norm","1Fam","1Story","4","6",1954,1954,"Hip","CompShg","Wd Sdng","Wd Sdng","None",0,"TA","TA","CBlock","TA","TA","No","Rec",732,"Unf",0,216,948,"GasA","Ex","Y","SBrkr",948,0,0,948,1,0,1,0,3,1,"TA",5,"Typ",1,"TA","Detchd",1956,"Unf",1,280,"TA","TA","Y",0,36,0,0,0,0,NA,NA,NA,0,10,2007,"WD","Normal",119000,"Train"
"1316",1316,60,"RL",85,11075,"Pave",NA,"Reg","Lvl","AllPub","Inside","Gtl","NAmes","Norm","Norm","1Fam","2Story","6","5",1969,1969,"Gable","CompShg","HdBoard","HdBoard","None",0,"TA","TA","CBlock","Fa","TA","Mn","ALQ",500,"LwQ",276,176,952,"GasA","TA","Y","SBrkr",1092,1020,0,2112,0,0,2,1,4,1,"TA",9,"Typ",2,"Gd","Attchd",1969,"Unf",2,576,"TA","TA","Y",280,0,0,0,0,0,NA,NA,NA,0,6,2008,"WD","Normal",206900,"Train"
"1317",1317,20,"RL",61,10226,"Pave",NA,"IR1","Lvl","AllPub","Inside","Gtl","CollgCr","Norm","Norm","1Fam","1Story","8","5",2008,2008,"Gable","CompShg","VinylSd","VinylSd","Stone",270,"Gd","TA","PConc","Ex","TA","Gd","Unf",0,"Unf",0,1622,1622,"GasA","Ex","Y","SBrkr",1630,0,0,1630,1,0,2,0,3,1,"Ex",8,"Typ",1,"Gd","Attchd",2008,"RFn",3,860,"TA","TA","Y",172,42,0,0,0,0,NA,NA,NA,0,1,2009,"WD","Normal",295493,"Train"
"1318",1318,120,"FV",47,4230,"Pave","Pave","Reg","Lvl","AllPub","Corner","Gtl","Somerst","Norm","Norm","TwnhsE","1Story","7","5",2006,2007,"Gable","CompShg","VinylSd","VinylSd","None",0,"Gd","TA","PConc","Ex","Gd","No","Unf",0,"Unf",0,1352,1352,"GasA","Ex","Y","SBrkr",1352,0,0,1352,0,0,2,0,2,1,"Gd",5,"Typ",1,"Gd","Attchd",2006,"RFn",2,466,"TA","TA","Y",0,241,0,0,0,0,NA,NA,NA,0,4,2007,"New","Partial",208900,"Train"
"1319",1319,20,"RL",NA,14781,"Pave",NA,"IR2","Lvl","AllPub","CulDSac","Gtl","CollgCr","Norm","Norm","1Fam","1Story","8","5",2001,2002,"Hip","CompShg","VinylSd","VinylSd","BrkFace",178,"Gd","TA","PConc","Gd","TA","Gd","Unf",0,"Unf",0,1753,1753,"GasA","Ex","Y","SBrkr",1787,0,0,1787,0,0,2,0,3,1,"Gd",7,"Typ",1,"TA","Attchd",2001,"RFn",3,748,"TA","TA","Y",198,150,0,0,0,0,NA,NA,NA,0,8,2006,"WD","Normal",275000,"Train"
"1320",1320,20,"RL",75,10215,"Pave",NA,"Reg","Bnk","AllPub","Inside","Gtl","Edwards","Norm","Norm","1Fam","1Story","4","5",1954,1954,"Hip","CompShg","Wd Sdng","Wd Sdng","BrkFace",132,"TA","TA","PConc","TA","TA","No","ALQ",492,"Unf",0,372,864,"GasA","Ex","Y","SBrkr",948,0,0,948,0,0,1,0,3,1,"TA",5,"Typ",0,NA,"Attchd",1954,"Unf",1,248,"TA","TA","Y",0,0,0,0,0,0,NA,NA,NA,0,2,2007,"WD","Normal",111000,"Train"
"1321",1321,20,"RL",70,8400,"Pave",NA,"Reg","Lvl","AllPub","Inside","Gtl","NAmes","Norm","Norm","1Fam","1Story","6","3",1957,1957,"Hip","CompShg","BrkFace","BrkFace","None",0,"TA","TA","CBlock","TA","TA","No","ALQ",189,"Rec",661,628,1478,"GasA","Gd","Y","SBrkr",1478,0,0,1478,1,0,1,1,3,1,"TA",6,"Typ",2,"Gd","Attchd",1957,"RFn",2,442,"TA","TA","Y",114,0,0,0,216,0,NA,NA,NA,0,6,2009,"WD","Normal",156500,"Train"
"1322",1322,20,"RL",NA,6627,"Pave",NA,"IR1","Lvl","AllPub","Corner","Gtl","BrkSide","Feedr","Norm","1Fam","1Story","3","6",1949,1950,"Hip","CompShg","VinylSd","VinylSd","None",0,"TA","TA","CBlock",NA,NA,NA,NA,0,NA,0,0,0,"Floor","TA","N","SBrkr",720,0,0,720,0,0,1,0,2,1,"TA",4,"Typ",0,NA,"Detchd",1955,"Unf",1,287,"TA","Fa","Y",0,0,0,0,0,0,NA,NA,NA,0,7,2008,"WD","Normal",72500,"Train"
"1323",1323,60,"RL",107,10186,"Pave",NA,"IR1","Lvl","AllPub","Inside","Gtl","NoRidge","Norm","Norm","1Fam","2Story","7","5",1992,1992,"Gable","CompShg","HdBoard","HdBoard","None",0,"Gd","TA","PConc","Gd","TA","No","GLQ",674,"Unf",0,76,750,"GasA","Ex","Y","SBrkr",1061,862,0,1923,1,0,2,1,3,1,"Gd",8,"Typ",1,"TA","Attchd",1992,"RFn",2,564,"TA","TA","Y",240,39,0,0,0,0,NA,NA,NA,0,6,2010,"WD","Normal",190000,"Train"
"1324",1324,30,"RL",50,5330,"Pave",NA,"Reg","HLS","AllPub","Inside","Gtl","BrkSide","Norm","Norm","1Fam","1Story","4","7",1940,1950,"Hip","CompShg","VinylSd","VinylSd","None",0,"Fa","TA","CBlock","TA","TA","No","LwQ",280,"Unf",0,140,420,"GasA","Gd","Y","SBrkr",708,0,0,708,0,0,1,0,2,1,"Fa",5,"Typ",0,NA,NA,NA,NA,0,0,NA,NA,"Y",164,0,0,0,0,0,NA,NA,NA,0,12,2009,"WD","Normal",82500,"Train"
"1325",1325,20,"RL",75,9986,"Pave",NA,"Reg","Lvl","AllPub","Inside","Gtl","Somerst","Norm","Norm","1Fam","1Story","8","5",2006,2007,"Gable","CompShg","VinylSd","VinylSd","BrkFace",428,"Gd","TA","PConc","Ex","TA","Av","Unf",0,"Unf",0,1795,1795,"GasA","Ex","Y","SBrkr",1795,0,0,1795,0,0,2,0,2,1,"Gd",7,"Typ",1,"Gd","Attchd",2007,"RFn",3,895,"TA","TA","Y",0,49,0,0,0,0,NA,NA,NA,0,2,2007,"New","Partial",147000,"Train"
"1326",1326,30,"RM",40,3636,"Pave",NA,"Reg","Lvl","AllPub","Inside","Gtl","IDOTRR","Norm","Norm","1Fam","1Story","4","4",1922,1950,"Gable","CompShg","AsbShng","AsbShng","None",0,"TA","TA","BrkTil","TA","Fa","No","Unf",0,"Unf",0,796,796,"GasA","Fa","N","SBrkr",796,0,0,796,0,0,1,0,2,1,"TA",5,"Typ",0,NA,NA,NA,NA,0,0,NA,NA,"N",0,0,100,0,0,0,NA,"MnPrv",NA,0,1,2008,"WD","Normal",55000,"Train"
"1327",1327,30,"RH",70,4270,"Pave",NA,"Reg","Bnk","AllPub","Inside","Mod","Edwards","Norm","Norm","1Fam","1Story","3","6",1931,2006,"Gable","CompShg","MetalSd","MetalSd","None",0,"TA","TA","BrkTil","TA","TA","No","Rec",544,"Unf",0,0,544,"GasA","Ex","Y","SBrkr",774,0,0,774,0,0,1,0,3,1,"Gd",6,"Typ",0,NA,NA,NA,NA,0,0,NA,NA,"Y",0,0,286,0,0,0,NA,NA,NA,0,5,2007,"WD","Normal",79000,"Train"
"1328",1328,20,"RL",60,6600,"Pave",NA,"Reg","Lvl","AllPub","Inside","Gtl","Mitchel","Norm","Norm","1Fam","1Story","5","9",1982,2008,"Gable","CompShg","VinylSd","VinylSd","None",0,"Gd","Gd","CBlock","TA","TA","No","ALQ",641,"Unf",0,175,816,"GasA","Ex","Y","SBrkr",816,0,0,816,0,1,1,0,3,1,"Gd",5,"Typ",1,"Ex","Attchd",1982,"Unf",1,264,"TA","TA","Y",0,0,0,0,0,0,NA,"MnPrv",NA,0,10,2008,"WD","Normal",130500,"Train"
"1329",1329,50,"RM",60,10440,"Pave","Grvl","Reg","Lvl","AllPub","Corner","Gtl","OldTown","Norm","Norm","1Fam","1.5Fin","6","7",1920,1950,"Gable","CompShg","BrkFace","Wd Sdng","None",0,"Gd","Gd","BrkTil","Gd","TA","No","LwQ",493,"Unf",0,1017,1510,"GasW","Ex","Y","SBrkr",1584,1208,0,2792,0,0,2,0,5,1,"TA",8,"Mod",2,"TA","Detchd",1920,"Unf",2,520,"Fa","TA","Y",0,547,0,0,480,0,NA,"MnPrv","Shed",1150,6,2008,"WD","Normal",256000,"Train"
"1330",1330,60,"RL",63,9084,"Pave",NA,"IR1","Lvl","AllPub","Inside","Gtl","Gilbert","Norm","Norm","1Fam","2Story","7","5",1998,1998,"Hip","CompShg","VinylSd","VinylSd","None",0,"TA","TA","PConc","Gd","TA","No","Unf",0,"Unf",0,935,935,"GasA","Gd","Y","SBrkr",955,677,0,1632,0,0,2,1,3,1,"TA",8,"Typ",1,"TA","Attchd",1998,"Fin",2,462,"TA","TA","Y",0,28,0,0,0,0,NA,NA,NA,0,6,2006,"WD","Normal",176500,"Train"
"1331",1331,20,"RL",85,10000,"Pave",NA,"Reg","Lvl","AllPub","Inside","Gtl","Somerst","Norm","Norm","1Fam","1Story","8","5",2006,2006,"Hip","CompShg","VinylSd","VinylSd","Stone",410,"Gd","TA","PConc","Gd","Gd","Av","Unf",0,"Unf",0,1588,1588,"GasA","Ex","Y","SBrkr",1588,0,0,1588,0,0,2,0,3,1,"Gd",7,"Typ",1,"Gd","Attchd",2006,"RFn",3,825,"TA","TA","Y",144,45,0,0,0,0,NA,NA,NA,0,12,2007,"WD","Normal",227000,"Train"
"1332",1332,80,"RL",55,10780,"Pave",NA,"IR1","Lvl","AllPub","Inside","Gtl","CollgCr","Norm","Norm","1Fam","SLvl","5","5",1976,1976,"Gable","CompShg","MetalSd","MetalSd","None",0,"TA","TA","CBlock","TA","TA","Av","ALQ",483,"Unf",0,428,911,"GasA","Gd","Y","SBrkr",954,0,0,954,0,0,1,0,3,1,"TA",6,"Typ",0,NA,"Detchd",1976,"Unf",2,576,"TA","TA","Y",0,0,0,0,0,0,NA,NA,NA,0,7,2006,"WD","Normal",132500,"Train"
"1333",1333,20,"RL",67,8877,"Pave",NA,"Reg","Lvl","AllPub","Inside","Mod","Edwards","Norm","Norm","1Fam","1Story","4","6",1938,1958,"Gable","CompShg","MetalSd","MetalSd","None",0,"TA","TA","CBlock","TA","TA","Mn","ALQ",690,"Unf",0,126,816,"GasA","Ex","Y","SBrkr",816,0,0,816,1,0,1,0,2,1,"TA",3,"Typ",1,"Gd","Detchd",1958,"Unf",1,288,"Fa","Fa","Y",0,0,0,0,0,0,NA,NA,NA,0,5,2009,"WD","Normal",1e+05,"Train"
"1334",1334,50,"RM",60,7200,"Pave",NA,"Reg","Lvl","AllPub","Corner","Gtl","IDOTRR","Norm","Norm","1Fam","1.5Fin","5","6",1938,1995,"Gable","CompShg","Wd Sdng","Wd Sdng","None",0,"TA","TA","CBlock","TA","TA","No","Unf",0,"Unf",0,803,803,"GasA","Ex","Y","SBrkr",803,557,0,1360,0,0,1,1,2,1,"Gd",6,"Typ",0,NA,"Detchd",1951,"Unf",1,297,"TA","TA","Y",0,65,190,0,0,0,NA,"MnPrv",NA,0,7,2006,"WD","Normal",125500,"Train"
"1335",1335,160,"RM",24,2368,"Pave",NA,"Reg","Lvl","AllPub","Inside","Gtl","BrDale","Norm","Norm","TwnhsE","2Story","5","6",1970,1970,"Gable","CompShg","HdBoard","HdBoard","None",312,"TA","TA","CBlock","TA","TA","No","LwQ",765,"Unf",0,0,765,"GasA","TA","Y","SBrkr",765,600,0,1365,0,0,1,1,3,1,"TA",7,"Min1",0,NA,"Attchd",1970,"Unf",2,440,"TA","TA","Y",0,36,0,0,0,0,NA,NA,NA,0,5,2009,"WD","Normal",125000,"Train"
"1336",1336,20,"RL",80,9650,"Pave",NA,"Reg","Lvl","AllPub","Inside","Gtl","NWAmes","Norm","Norm","1Fam","1Story","6","5",1977,1977,"Gable","CompShg","Plywood","Plywood","BrkFace",360,"TA","TA","CBlock","Gd","TA","No","ALQ",686,"Unf",0,664,1350,"GasA","TA","Y","SBrkr",1334,0,0,1334,0,1,2,0,2,1,"TA",6,"Typ",1,"TA","Attchd",1977,"RFn",2,630,"TA","TA","Y",0,16,0,0,0,0,NA,NA,NA,0,4,2009,"WD","Normal",167900,"Train"
"1337",1337,90,"RL",87,9246,"Pave",NA,"IR1","Lvl","AllPub","Inside","Gtl","NWAmes","Feedr","Norm","Duplex","1Story","5","5",1973,1973,"Gable","CompShg","Plywood","Plywood","BrkFace",564,"TA","TA","CBlock","TA","TA","No","Unf",0,"Unf",0,1656,1656,"GasA","TA","Y","SBrkr",1656,0,0,1656,0,0,2,0,4,2,"TA",8,"Typ",0,NA,"Detchd",1973,"Unf",2,506,"TA","TA","Y",0,211,0,0,0,0,NA,NA,NA,0,11,2008,"WD","Normal",135000,"Train"
"1338",1338,30,"RM",153,4118,"Pave","Grvl","IR1","Bnk","AllPub","Corner","Mod","OldTown","Feedr","Norm","1Fam","1Story","4","4",1941,1950,"Gable","CompShg","Wd Sdng","Wd Sdng","None",0,"TA","TA","CBlock","TA","TA","No","Unf",0,"Unf",0,693,693,"Grav","Fa","N","FuseA",693,0,0,693,0,0,1,0,2,1,"Fa",4,"Typ",0,NA,NA,NA,NA,0,0,NA,NA,"N",0,20,0,0,0,0,NA,NA,NA,0,3,2006,"WD","Normal",52500,"Train"
"1339",1339,60,"RL",95,13450,"Pave",NA,"IR1","Lvl","AllPub","Corner","Gtl","CollgCr","Norm","Norm","1Fam","2Story","7","5",2002,2002,"Gable","CompShg","VinylSd","VinylSd","None",0,"Gd","TA","PConc","Gd","TA","No","GLQ",700,"Unf",0,216,916,"GasA","Ex","Y","SBrkr",920,941,0,1861,1,0,2,1,3,1,"Gd",8,"Typ",0,NA,"BuiltIn",2002,"RFn",2,492,"TA","TA","Y",146,91,0,0,0,0,NA,NA,NA,0,6,2006,"WD","Normal",2e+05,"Train"
"1340",1340,20,"RL",120,9560,"Pave",NA,"IR1","Lvl","AllPub","Corner","Gtl","CollgCr","Norm","Norm","1Fam","1Story","5","7",1972,1972,"Hip","CompShg","MetalSd","MetalSd","None",0,"TA","Gd","CBlock","TA","TA","Mn","Rec",360,"Unf",0,504,864,"GasA","Ex","Y","SBrkr",864,0,0,864,0,0,1,0,3,1,"TA",5,"Typ",0,NA,"Attchd",1972,"RFn",1,288,"TA","TA","Y",0,0,0,0,0,0,NA,NA,NA,0,6,2006,"WD","Normal",128500,"Train"
"1341",1341,20,"RL",70,8294,"Pave",NA,"Reg","Lvl","AllPub","Inside","Gtl","NAmes","Norm","Norm","1Fam","1Story","4","5",1971,1971,"Gable","CompShg","MetalSd","MetalSd","None",0,"TA","TA","CBlock","TA","TA","No","Unf",0,"Unf",0,858,858,"GasA","TA","Y","SBrkr",872,0,0,872,0,0,1,0,3,1,"TA",5,"Typ",0,NA,"Detchd",1974,"Unf",4,480,"TA","TA","Y",0,0,0,0,0,0,NA,"GdWo",NA,0,6,2007,"WD","Normal",123000,"Train"
"1342",1342,20,"RL",66,13695,"Pave",NA,"Reg","Lvl","AllPub","Inside","Gtl","SawyerW","RRAe","Norm","1Fam","1Story","6","5",2003,2004,"Gable","CompShg","VinylSd","VinylSd","None",0,"TA","TA","PConc","Gd","TA","No","GLQ",814,"Unf",0,300,1114,"GasA","Ex","Y","SBrkr",1114,0,0,1114,1,0,1,0,3,1,"Gd",6,"Typ",0,NA,"Detchd",2004,"Unf",2,576,"TA","TA","Y",0,78,0,0,0,0,NA,NA,NA,0,7,2008,"WD","Normal",155000,"Train"
"1343",1343,60,"RL",NA,9375,"Pave",NA,"Reg","Lvl","AllPub","Inside","Gtl","CollgCr","Norm","Norm","1Fam","2Story","8","5",2002,2002,"Gable","CompShg","VinylSd","VinylSd","BrkFace",149,"Gd","TA","PConc","Gd","TA","No","Unf",0,"Unf",0,1284,1284,"GasA","Ex","Y","SBrkr",1284,885,0,2169,0,0,2,1,3,1,"Gd",7,"Typ",1,"Gd","Attchd",2002,"RFn",2,647,"TA","TA","Y",192,87,0,0,0,0,NA,NA,NA,0,8,2007,"WD","Normal",228500,"Train"
"1344",1344,50,"RL",57,7558,"Pave",NA,"Reg","Bnk","AllPub","Inside","Gtl","Crawfor","Norm","Norm","1Fam","1.5Fin","6","6",1928,1950,"Gable","CompShg","BrkFace","Stone","None",0,"TA","TA","BrkTil","TA","TA","No","Unf",0,"Unf",0,896,896,"GasA","Gd","Y","SBrkr",1172,741,0,1913,0,0,1,1,3,1,"TA",9,"Typ",1,"TA","Detchd",1929,"Unf",2,342,"Fa","Fa","Y",0,0,0,0,0,0,NA,NA,NA,0,3,2009,"WD","Normal",177000,"Train"
"1345",1345,60,"RL",85,11103,"Pave",NA,"IR1","Lvl","AllPub","Corner","Gtl","CollgCr","Norm","Norm","1Fam","2Story","7","5",2006,2006,"Gable","CompShg","VinylSd","VinylSd","None",0,"Gd","TA","PConc","Gd","TA","No","Unf",0,"Unf",0,728,728,"GasA","Ex","Y","SBrkr",728,728,0,1456,0,0,2,1,3,1,"Gd",8,"Typ",1,"TA","Attchd",2006,"Fin",2,440,"TA","TA","Y",0,0,0,0,0,0,NA,NA,NA,0,7,2007,"New","Partial",155835,"Train"
"1346",1346,30,"RM",50,6000,"Pave",NA,"Reg","Lvl","AllPub","Inside","Gtl","OldTown","Norm","Norm","1Fam","1Story","4","4",1920,1950,"Hip","CompShg","MetalSd","MetalSd","None",0,"TA","TA","PConc","TA","TA","No","ALQ",250,"Unf",0,710,960,"GasA","Gd","Y","FuseA",960,0,0,960,0,0,1,0,2,1,"Fa",5,"Typ",0,NA,"Detchd",1997,"Unf",1,308,"TA","TA","Y",0,0,168,0,0,0,NA,NA,NA,0,7,2007,"WD","Normal",108500,"Train"
"1347",1347,20,"RL",NA,20781,"Pave",NA,"IR2","Lvl","AllPub","CulDSac","Gtl","NWAmes","PosN","Norm","1Fam","1Story","7","7",1968,2003,"Hip","CompShg","BrkFace","HdBoard","None",0,"TA","TA","CBlock","TA","TA","No","BLQ",297,"Rec",68,1203,1568,"GasA","TA","Y","SBrkr",2156,0,0,2156,0,0,2,0,3,1,"TA",9,"Typ",1,"Gd","Attchd",1968,"RFn",2,508,"Gd","TA","Y",0,80,0,290,0,0,NA,NA,NA,0,6,2006,"WD","Normal",262500,"Train"
"1348",1348,20,"RL",93,15306,"Pave",NA,"IR1","HLS","AllPub","Corner","Gtl","Timber","Norm","Norm","1Fam","1Story","8","5",2006,2007,"Gable","CompShg","VinylSd","VinylSd","Stone",100,"Gd","TA","PConc","Ex","TA","Gd","GLQ",80,"Unf",0,1652,1732,"GasA","Ex","Y","SBrkr",1776,0,0,1776,1,0,2,0,3,1,"Gd",7,"Typ",1,"Gd","Attchd",2006,"Fin",3,712,"TA","TA","Y",0,0,0,0,0,0,NA,NA,NA,0,5,2007,"New","Partial",283463,"Train"
"1349",1349,20,"RL",NA,16196,"Pave",NA,"IR3","Low","AllPub","Inside","Gtl","SawyerW","Norm","Norm","1Fam","1Story","7","5",1998,1998,"Gable","CompShg","VinylSd","VinylSd","None",0,"Gd","TA","PConc","Gd","TA","Gd","GLQ",1443,"Unf",0,39,1482,"GasA","Ex","Y","SBrkr",1494,0,0,1494,1,0,2,0,3,1,"Gd",5,"Typ",1,"Fa","Attchd",1998,"RFn",2,514,"TA","TA","Y",402,25,0,0,0,0,NA,NA,NA,0,8,2007,"WD","Normal",215000,"Train"
"1350",1350,70,"RM",50,5250,"Pave","Pave","Reg","Lvl","AllPub","Inside","Gtl","OldTown","Norm","Norm","1Fam","2Story","8","5",1872,1987,"Gable","CompShg","MetalSd","MetalSd","None",0,"TA","Gd","BrkTil","TA","Fa","No","LwQ",259,"Unf",0,425,684,"OthW","Fa","N","SBrkr",938,1215,205,2358,0,0,2,0,4,1,"TA",8,"Typ",0,NA,NA,NA,NA,0,0,NA,NA,"Y",0,54,20,0,0,0,NA,NA,NA,0,12,2008,"WD","Normal",122000,"Train"
"1351",1351,90,"RL",91,11643,"Pave",NA,"Reg","Lvl","AllPub","Inside","Gtl","NAmes","Artery","Norm","Duplex","2Story","5","5",1969,1969,"Gable","CompShg","MetalSd","MetalSd","BrkFace",368,"TA","TA","CBlock","TA","TA","No","LwQ",500,"Unf",0,748,1248,"GasA","TA","Y","SBrkr",1338,1296,0,2634,1,1,2,2,6,2,"TA",12,"Typ",0,NA,"Detchd",1969,"Unf",4,968,"TA","TA","Y",0,0,0,0,0,0,NA,NA,NA,0,8,2009,"WD","Normal",2e+05,"Train"
"1352",1352,60,"RL",70,9247,"Pave",NA,"IR1","Lvl","AllPub","Inside","Gtl","NAmes","Norm","Norm","1Fam","2Story","6","6",1962,1962,"Gable","CompShg","HdBoard","HdBoard","BrkFace",318,"TA","TA","CBlock","TA","TA","No","Rec",319,"Unf",0,539,858,"GasA","Ex","Y","SBrkr",858,858,0,1716,0,0,1,1,4,1,"TA",8,"Typ",1,"Gd","Attchd",1962,"Fin",2,490,"TA","TA","Y",0,84,0,0,120,0,NA,NA,NA,0,3,2008,"WD","Normal",171000,"Train"
"1353",1353,50,"RM",50,6000,"Pave",NA,"Reg","Lvl","AllPub","Inside","Gtl","BrkSide","Norm","Norm","1Fam","1.5Fin","6","9",1937,2000,"Gable","CompShg","MetalSd","MetalSd","None",0,"Gd","TA","BrkTil","TA","TA","No","Unf",0,"Unf",0,698,698,"GasA","TA","Y","SBrkr",786,390,0,1176,0,0,1,0,2,1,"TA",4,"Typ",0,NA,"Detchd",1999,"Unf",2,624,"TA","TA","N",210,0,0,0,0,0,NA,NA,NA,0,7,2009,"WD","Normal",134900,"Train"
"1354",1354,50,"RL",56,14720,"Pave",NA,"IR1","Lvl","AllPub","CulDSac","Gtl","NoRidge","Norm","Norm","1Fam","1.5Fin","8","5",1995,1996,"Hip","CompShg","VinylSd","VinylSd","BrkFace",579,"Gd","TA","PConc","Gd","TA","Av","GLQ",816,"Unf",0,1217,2033,"GasA","Ex","Y","SBrkr",2053,1185,0,3238,1,0,2,1,4,1,"Gd",9,"Typ",1,"Ex","Attchd",1996,"Fin",3,666,"TA","TA","Y",283,86,0,0,0,0,NA,NA,NA,0,3,2010,"WD","Normal",410000,"Train"
"1355",1355,60,"RL",NA,10316,"Pave",NA,"IR1","Lvl","AllPub","Inside","Gtl","CollgCr","Norm","Norm","1Fam","2Story","7","5",2000,2000,"Gable","CompShg","VinylSd","VinylSd","None",0,"Gd","TA","PConc","Gd","TA","No","GLQ",735,"Unf",0,257,992,"GasA","Ex","Y","SBrkr",992,873,0,1865,1,0,2,1,3,1,"Gd",7,"Typ",1,"TA","Attchd",2000,"RFn",3,839,"TA","TA","Y",0,184,0,0,0,0,NA,NA,NA,0,6,2008,"WD","Normal",235000,"Train"
"1356",1356,80,"RL",102,10192,"Pave",NA,"IR1","Lvl","AllPub","Inside","Gtl","NWAmes","Norm","Norm","1Fam","SLvl","7","6",1968,1992,"Gable","CompShg","MetalSd","MetalSd","BrkFace",143,"TA","TA","CBlock","TA","TA","No","Unf",0,"Unf",0,570,570,"GasA","Gd","Y","SBrkr",1222,698,0,1920,0,0,3,0,4,1,"Gd",8,"Typ",1,"TA","Attchd",1968,"RFn",2,487,"TA","TA","Y",0,98,0,0,0,0,NA,"GdPrv",NA,0,9,2006,"WD","Normal",170000,"Train"
"1357",1357,20,"RL",NA,9477,"Pave",NA,"Reg","Lvl","AllPub","Corner","Gtl","NAmes","Norm","Norm","1Fam","1Story","5","5",1966,1966,"Gable","CompShg","HdBoard","HdBoard","BrkFace",65,"TA","TA","CBlock","TA","TA","No","Rec",340,"Unf",0,524,864,"GasA","TA","Y","SBrkr",892,0,0,892,0,0,1,0,3,1,"TA",5,"Typ",0,NA,"Attchd",1966,"RFn",1,264,"TA","TA","Y",0,0,0,0,0,0,NA,"GdWo",NA,0,10,2008,"WD","Normal",110000,"Train"
"1358",1358,20,"RL",NA,12537,"Pave",NA,"IR1","Lvl","AllPub","CulDSac","Gtl","NAmes","Norm","Norm","1Fam","1Story","5","6",1971,2008,"Gable","CompShg","VinylSd","VinylSd","None",0,"TA","TA","CBlock","TA","TA","No","GLQ",734,"Unf",0,344,1078,"GasA","Ex","Y","SBrkr",1078,0,0,1078,1,0,1,1,3,1,"TA",6,"Typ",1,"Fa","Attchd",1971,"Fin",2,500,"TA","TA","Y",0,0,0,0,0,0,NA,NA,NA,0,4,2010,"WD","Normal",149900,"Train"
"1359",1359,160,"FV",NA,2117,"Pave",NA,"Reg","Lvl","AllPub","Inside","Gtl","Somerst","Norm","Norm","Twnhs","2Story","6","5",2000,2000,"Gable","CompShg","MetalSd","MetalSd","BrkFace",216,"Gd","TA","PConc","Gd","TA","No","GLQ",378,"Unf",0,378,756,"GasA","Ex","Y","SBrkr",769,804,0,1573,0,0,2,1,3,1,"Gd",5,"Typ",0,NA,"Detchd",2000,"Unf",2,440,"TA","TA","Y",0,32,0,0,0,0,NA,NA,NA,0,6,2010,"WD","Normal",177500,"Train"
"1360",1360,20,"RL",129,16737,"Pave",NA,"Reg","Lvl","AllPub","FR3","Gtl","NridgHt","Norm","Norm","1Fam","1Story","9","5",2004,2005,"Hip","CompShg","VinylSd","VinylSd","BrkFace",66,"Gd","TA","PConc","Ex","TA","Av","GLQ",1447,"Unf",0,533,1980,"GasA","Ex","Y","SBrkr",1980,0,0,1980,1,0,2,0,3,1,"Ex",8,"Typ",1,"Gd","Attchd",2004,"Fin",3,770,"TA","TA","Y",194,45,0,0,0,0,NA,NA,NA,0,9,2006,"WD","Normal",315000,"Train"
"1361",1361,70,"RL",51,9842,"Pave",NA,"Reg","Lvl","AllPub","Inside","Gtl","SWISU","Feedr","Norm","1Fam","2Story","5","6",1921,1998,"Gable","CompShg","MetalSd","Wd Sdng","None",0,"TA","TA","BrkTil","TA","Fa","No","Unf",0,"Unf",0,612,612,"GasA","Ex","Y","SBrkr",990,1611,0,2601,0,0,3,1,4,1,"TA",8,"Typ",0,NA,"BuiltIn",1998,"RFn",2,621,"TA","TA","Y",183,0,301,0,0,0,NA,NA,NA,0,5,2008,"WD","Normal",189000,"Train"
"1362",1362,20,"RL",124,16158,"Pave",NA,"IR1","Low","AllPub","Inside","Mod","StoneBr","Norm","Norm","1Fam","1Story","7","5",2005,2005,"Hip","CompShg","VinylSd","VinylSd","Stone",16,"Gd","TA","PConc","Ex","TA","Av","ALQ",1274,"Unf",0,256,1530,"GasA","Ex","Y","SBrkr",1530,0,0,1530,1,0,2,0,3,1,"Gd",7,"Typ",1,"Gd","Attchd",2005,"Fin",2,430,"TA","TA","Y",168,36,0,0,0,0,NA,NA,NA,0,6,2009,"WD","Normal",260000,"Train"
"1363",1363,50,"RL",NA,12513,"Pave",NA,"IR1","Lvl","AllPub","FR2","Gtl","NAmes","Feedr","Norm","1Fam","1.5Fin","4","4",1920,2007,"Gable","CompShg","VinylSd","VinylSd","None",0,"TA","Gd","BrkTil","TA","Fa","No","Unf",0,"Unf",0,715,715,"GasA","Gd","Y","SBrkr",1281,457,0,1738,0,0,2,0,4,1,"TA",7,"Typ",1,"Gd","Attchd",1920,"Unf",1,368,"TA","TA","Y",55,0,0,0,0,0,NA,NA,NA,0,6,2009,"WD","Normal",104900,"Train"
"1364",1364,60,"RL",73,8499,"Pave",NA,"IR1","Lvl","AllPub","Inside","Gtl","Gilbert","Norm","Norm","1Fam","2Story","6","5",2006,2007,"Gable","CompShg","VinylSd","VinylSd","None",0,"TA","TA","PConc","Gd","TA","No","Unf",0,"Unf",0,616,616,"GasA","Ex","Y","SBrkr",616,796,0,1412,0,0,2,1,3,1,"Gd",6,"Typ",1,"Gd","BuiltIn",2007,"Fin",2,432,"TA","TA","Y",0,36,0,0,0,0,NA,NA,NA,0,3,2007,"New","Partial",156932,"Train"
"1365",1365,160,"FV",30,3180,"Pave","Pave","Reg","Lvl","AllPub","Inside","Gtl","Somerst","Norm","Norm","TwnhsE","2Story","7","5",2005,2005,"Gable","CompShg","MetalSd","MetalSd","None",0,"Gd","TA","PConc","Gd","TA","No","Unf",0,"Unf",0,600,600,"GasA","Ex","Y","SBrkr",520,600,80,1200,0,0,2,1,2,1,"Gd",4,"Typ",0,NA,"Detchd",2005,"RFn",2,480,"TA","TA","Y",0,166,0,0,0,0,NA,NA,NA,0,4,2006,"WD","Abnorml",144152,"Train"
"1366",1366,60,"FV",NA,7500,"Pave",NA,"Reg","Lvl","AllPub","Inside","Gtl","Somerst","Norm","Norm","1Fam","2Story","7","5",2000,2000,"Gable","CompShg","VinylSd","VinylSd","None",0,"Gd","TA","PConc","Gd","TA","No","GLQ",533,"Unf",0,281,814,"GasA","Ex","Y","SBrkr",814,860,0,1674,1,0,2,1,3,1,"Gd",7,"Typ",0,NA,"Attchd",2000,"RFn",2,663,"TA","TA","Y",0,96,0,0,0,0,NA,NA,NA,0,1,2010,"WD","Normal",216000,"Train"
"1367",1367,60,"RL",68,9179,"Pave",NA,"IR1","Lvl","AllPub","Inside","Gtl","CollgCr","Norm","Norm","1Fam","2Story","7","5",1999,1999,"Gable","CompShg","VinylSd","VinylSd","BrkFace",158,"Gd","TA","PConc","Gd","TA","No","GLQ",633,"Unf",0,240,873,"GasA","Ex","Y","SBrkr",882,908,0,1790,1,0,2,1,3,1,"Gd",7,"Typ",0,NA,"Attchd",1999,"RFn",2,588,"TA","TA","Y",0,88,0,0,0,0,NA,NA,NA,0,6,2008,"WD","Abnorml",193000,"Train"
"1368",1368,160,"RM",41,2665,"Pave",NA,"Reg","Lvl","AllPub","Inside","Gtl","MeadowV","Norm","Norm","TwnhsE","2Story","5","6",1977,1977,"Gable","CompShg","CemntBd","CmentBd","None",0,"TA","TA","PConc","TA","TA","No","ALQ",548,"Rec",173,36,757,"GasA","Ex","Y","SBrkr",925,550,0,1475,0,0,2,0,4,1,"TA",6,"Typ",1,"TA","Attchd",1977,"RFn",1,336,"TA","TA","Y",104,26,0,0,0,0,NA,NA,NA,0,7,2006,"WD","Normal",127000,"Train"
"1369",1369,120,"RM",NA,4435,"Pave",NA,"Reg","Lvl","AllPub","Inside","Gtl","CollgCr","Norm","Norm","TwnhsE","1Story","6","5",2003,2004,"Gable","CompShg","VinylSd","VinylSd","BrkFace",170,"Gd","TA","PConc","Gd","TA","Av","GLQ",685,"Unf",0,163,848,"GasA","Ex","Y","SBrkr",848,0,0,848,1,0,1,0,1,1,"Gd",4,"Typ",0,NA,"Attchd",2003,"Fin",2,420,"TA","TA","Y",140,0,0,0,0,0,NA,NA,NA,0,6,2009,"WD","Normal",144000,"Train"
"1370",1370,20,"RL",48,10635,"Pave",NA,"IR2","Lvl","AllPub","FR2","Gtl","CollgCr","Norm","Norm","1Fam","1Story","8","5",2003,2003,"Hip","CompShg","VinylSd","VinylSd","BrkFace",171,"Gd","TA","PConc","Gd","TA","Av","BLQ",370,"GLQ",972,315,1657,"GasA","Ex","Y","SBrkr",1668,0,0,1668,1,0,2,0,3,1,"Gd",8,"Typ",1,"TA","Attchd",2003,"Fin",2,502,"TA","TA","Y",0,262,0,0,0,0,NA,NA,NA,0,5,2010,"WD","Normal",232000,"Train"
"1371",1371,50,"RL",90,5400,"Pave",NA,"Reg","Lvl","AllPub","Corner","Gtl","OldTown","Artery","Norm","1Fam","1.5Fin","4","6",1920,1950,"Gable","CompShg","CBlock","CBlock","None",0,"Fa","TA","PConc","TA","TA","No","ALQ",315,"Rec",105,420,840,"GasA","Ex","Y","SBrkr",840,534,0,1374,0,0,1,0,2,1,"TA",6,"Typ",0,NA,"Detchd",1967,"Fin",1,338,"TA","TA","Y",0,0,198,0,0,0,NA,NA,NA,0,10,2009,"WD","Normal",105000,"Train"
"1372",1372,80,"RL",80,9600,"Pave",NA,"Reg","Lvl","AllPub","Inside","Gtl","NAmes","Norm","Norm","1Fam","SLvl","6","6",1955,1996,"Hip","CompShg","AsbShng","AsbShng","None",0,"TA","TA","CBlock","TA","TA","Av","BLQ",831,"Unf",0,161,992,"GasA","Gd","Y","SBrkr",1661,0,0,1661,1,0,1,0,3,1,"Gd",8,"Typ",1,"TA","BuiltIn",1955,"RFn",1,377,"TA","TA","Y",0,28,0,0,178,0,NA,"MnPrv",NA,0,10,2008,"WD","Normal",165500,"Train"
"1373",1373,60,"RL",75,9750,"Pave",NA,"Reg","Lvl","AllPub","Corner","Gtl","CollgCr","Norm","Norm","1Fam","2Story","7","6",1998,1998,"Gable","CompShg","VinylSd","VinylSd","None",0,"TA","TA","PConc","Gd","TA","Av","GLQ",975,"Unf",0,133,1108,"GasA","Ex","Y","SBrkr",1108,989,0,2097,1,0,2,1,3,1,"Gd",8,"Typ",1,"TA","Detchd",1998,"RFn",2,583,"TA","TA","Y",253,170,0,0,0,0,NA,NA,NA,0,6,2006,"WD","Normal",274300,"Train"
"1374",1374,20,"RL",NA,11400,"Pave",NA,"Reg","Lvl","AllPub","Inside","Gtl","NoRidge","Norm","Norm","1Fam","1Story","10","5",2001,2002,"Hip","CompShg","VinylSd","VinylSd","BrkFace",705,"Ex","TA","PConc","Ex","TA","Gd","GLQ",1282,"Unf",0,1351,2633,"GasA","Ex","Y","SBrkr",2633,0,0,2633,1,0,2,1,2,1,"Ex",8,"Typ",2,"Gd","Attchd",2001,"RFn",3,804,"TA","TA","Y",314,140,0,0,0,0,NA,NA,NA,0,3,2007,"WD","Normal",466500,"Train"
"1375",1375,60,"FV",85,10625,"Pave",NA,"Reg","Lvl","AllPub","Inside","Gtl","Somerst","Norm","Norm","1Fam","2Story","7","5",2005,2005,"Gable","CompShg","CemntBd","CmentBd","None",0,"Gd","TA","PConc","Gd","TA","No","Unf",0,"Unf",0,1026,1026,"GasA","Ex","Y","SBrkr",1026,932,0,1958,0,0,2,1,3,1,"Gd",9,"Typ",1,"Gd","Attchd",2005,"Fin",3,936,"TA","TA","Y",154,210,0,0,0,0,NA,NA,NA,0,7,2008,"WD","Normal",250000,"Train"
"1376",1376,20,"RL",89,10991,"Pave",NA,"IR1","HLS","AllPub","Inside","Gtl","Timber","Norm","Norm","1Fam","1Story","8","5",2007,2007,"Gable","CompShg","VinylSd","VinylSd","BrkFace",80,"Gd","TA","PConc","Gd","TA","Gd","Unf",0,"Unf",0,1571,1571,"GasA","Ex","Y","SBrkr",1571,0,0,1571,0,0,2,0,3,1,"Gd",7,"Typ",1,"Gd","Attchd",2007,"Fin",3,722,"TA","TA","Y",100,36,0,0,0,0,NA,NA,NA,0,12,2007,"New","Partial",239000,"Train"
"1377",1377,30,"RL",52,6292,"Pave",NA,"Reg","Bnk","AllPub","Inside","Gtl","SWISU","Norm","Norm","1Fam","1Story","6","5",1930,1950,"Gable","CompShg","Wd Sdng","Wd Sdng","None",0,"TA","TA","BrkTil","Gd","TA","Mn","Rec",384,"Unf",0,384,768,"GasA","TA","N","SBrkr",790,0,0,790,0,0,1,0,2,1,"TA",4,"Typ",0,NA,"Detchd",1925,"Unf",1,160,"Fa","TA","Y",0,141,0,0,0,0,NA,NA,NA,0,4,2008,"WD","Normal",91000,"Train"
"1378",1378,50,"RL",60,10998,"Pave","Grvl","Reg","Lvl","AllPub","Inside","Gtl","Edwards","Norm","Norm","1Fam","1.5Fin","5","5",1941,1960,"Gable","CompShg","Wd Sdng","Wd Sdng","None",0,"TA","TA","CBlock","TA","TA","No","LwQ",408,"BLQ",420,156,984,"GasA","Ex","Y","SBrkr",984,620,0,1604,0,0,2,0,3,1,"TA",6,"Min2",0,NA,"Detchd",1977,"Unf",2,660,"TA","TA","Y",0,68,0,0,0,0,NA,NA,NA,0,7,2009,"WD","Normal",117000,"Train"
"1379",1379,160,"RM",21,1953,"Pave",NA,"Reg","Lvl","AllPub","Inside","Gtl","BrDale","Norm","Norm","Twnhs","2Story","6","5",1973,1973,"Gable","CompShg","HdBoard","HdBoard","BrkFace",408,"TA","TA","CBlock","TA","Fa","No","BLQ",309,"Unf",0,174,483,"GasA","TA","Y","SBrkr",483,504,0,987,0,0,1,1,2,1,"TA",5,"Typ",0,NA,"Detchd",1973,"Unf",1,264,"TA","TA","Y",72,0,0,0,0,0,NA,NA,NA,0,6,2006,"WD","Normal",83000,"Train"
"1380",1380,80,"RL",73,9735,"Pave",NA,"Reg","Lvl","AllPub","Inside","Gtl","Timber","Norm","Norm","1Fam","SLvl","5","5",2006,2007,"Gable","CompShg","VinylSd","VinylSd","None",0,"TA","TA","PConc","Gd","TA","No","Unf",0,"Unf",0,384,384,"GasA","Gd","Y",NA,754,640,0,1394,0,0,2,1,3,1,"Gd",7,"Typ",0,NA,"BuiltIn",2007,"Fin",2,400,"TA","TA","Y",100,0,0,0,0,0,NA,NA,NA,0,5,2008,"WD","Normal",167500,"Train"
"1381",1381,30,"RL",45,8212,"Pave","Grvl","Reg","Lvl","AllPub","Inside","Gtl","Edwards","Norm","Norm","1Fam","1Story","3","3",1914,1950,"Gable","CompShg","Stucco","Stucco","None",0,"TA","Fa","BrkTil","TA","Fa","No","Rec",203,"Unf",0,661,864,"GasA","TA","N","FuseF",864,0,0,864,1,0,1,0,2,1,"TA",5,"Typ",0,NA,"Detchd",1938,"Unf",1,200,"TA","Fa","Y",0,0,96,0,0,0,NA,NA,NA,0,6,2010,"WD","Normal",58500,"Train"
"1382",1382,20,"RL",NA,12925,"Pave",NA,"IR1","Lvl","AllPub","Corner","Gtl","NAmes","Norm","Norm","1Fam","1Story","6","7",1970,1970,"Gable","CompShg","BrkFace","Plywood","None",0,"TA","TA","CBlock","TA","TA","Mn","BLQ",865,"Unf",0,340,1205,"GasA","Ex","Y","SBrkr",2117,0,0,2117,0,0,2,1,4,1,"TA",7,"Typ",2,"Gd","Attchd",1970,"Fin",2,550,"TA","TA","Y",0,42,0,0,0,0,NA,NA,NA,0,5,2008,"WD","Normal",237500,"Train"
"1383",1383,70,"RM",60,7200,"Pave",NA,"Reg","Lvl","AllPub","Corner","Gtl","OldTown","Norm","Norm","1Fam","2Story","7","7",1920,1950,"Hip","CompShg","Wd Sdng","Wd Sdng","None",0,"TA","TA","BrkTil","Fa","TA","No","Unf",0,"Unf",0,596,596,"GasA","Ex","Y","SBrkr",998,764,0,1762,1,0,1,1,4,1,"Gd",8,"Typ",0,NA,"Detchd",1989,"Unf",2,576,"TA","TA","N",36,0,221,0,0,0,NA,NA,NA,0,10,2006,"WD","Normal",157000,"Train"
"1384",1384,30,"RL",NA,25339,"Pave",NA,"Reg","Lvl","AllPub","Inside","Gtl","Sawyer","Norm","Norm","1Fam","1Story","5","7",1918,2007,"Gable","CompShg","Wd Sdng","Wd Sdng","None",0,"TA","Gd","BrkTil","TA","TA","No","Unf",0,"Unf",0,816,816,"GasA","Ex","Y","SBrkr",1416,0,0,1416,0,0,2,0,3,1,"Gd",7,"Typ",0,NA,"Attchd",2007,"Unf",2,576,"TA","TA","N",0,0,112,0,0,0,NA,NA,NA,0,8,2007,"WD","Normal",112000,"Train"
"1385",1385,50,"RL",60,9060,"Pave",NA,"Reg","Lvl","AllPub","Inside","Gtl","Edwards","Norm","Norm","1Fam","1.5Fin","6","5",1939,1950,"Gable","CompShg","WdShing","Wd Shng","None",0,"TA","TA","BrkTil","TA","TA","Mn","Rec",204,"Unf",0,356,560,"GasA","TA","Y","SBrkr",698,560,0,1258,0,0,1,0,2,1,"TA",6,"Typ",0,NA,"Detchd",1939,"Unf",1,280,"TA","TA","P",0,0,0,0,0,0,NA,"MnPrv",NA,0,10,2009,"WD","Normal",105000,"Train"
"1386",1386,50,"RM",40,5436,"Pave",NA,"Reg","Lvl","AllPub","Inside","Gtl","IDOTRR","Norm","Norm","1Fam","1.5Fin","4","8",1922,2007,"Gable","CompShg","VinylSd","VinylSd","None",0,"TA","Gd","BrkTil","TA","TA","No","BLQ",735,"Unf",0,61,796,"GasA","Gd","Y","SBrkr",796,358,0,1154,1,0,1,0,3,1,"Gd",7,"Typ",0,NA,"Detchd",1922,"Unf",1,240,"TA","TA","N",0,96,0,0,0,0,NA,"MnPrv",NA,0,5,2010,"WD","Normal",125500,"Train"
"1387",1387,60,"RL",80,16692,"Pave",NA,"IR1","Lvl","AllPub","Inside","Gtl","NWAmes","RRAn","Norm","1Fam","2Story","7","5",1978,1978,"Gable","CompShg","Plywood","Plywood","BrkFace",184,"TA","TA","CBlock","Gd","TA","No","BLQ",790,"LwQ",469,133,1392,"GasA","TA","Y","SBrkr",1392,1392,0,2784,1,0,3,1,5,1,"Gd",12,"Typ",2,"TA","Attchd",1978,"RFn",2,564,"TA","TA","Y",0,112,0,0,440,519,"Fa","MnPrv","TenC",2000,7,2006,"WD","Normal",250000,"Train"
"1388",1388,50,"RM",60,8520,"Pave","Grvl","Reg","Lvl","AllPub","Inside","Gtl","OldTown","Artery","Norm","1Fam","1.5Fin","6","7",1916,1950,"Gable","CompShg","Stucco","Stucco","None",0,"TA","Gd","BrkTil","TA","TA","No","Rec",168,"LwQ",546,0,714,"GasW","TA","N","SBrkr",1664,862,0,2526,0,0,2,0,5,1,"Gd",10,"Typ",1,"Gd","Detchd",1916,"Unf",1,216,"TA","TA","Y",88,15,0,0,0,0,NA,"GdWo",NA,0,8,2007,"CWD","Family",136000,"Train"
"1389",1389,20,"RL",42,14892,"Pave",NA,"IR1","HLS","AllPub","CulDSac","Gtl","Gilbert","Norm","Norm","1Fam","1Story","9","5",2006,2007,"Gable","CompShg","VinylSd","VinylSd","Stone",160,"Ex","TA","PConc","Ex","TA","Gd","GLQ",1320,"Unf",0,426,1746,"GasA","Ex","Y","SBrkr",1746,0,0,1746,1,0,2,0,3,1,"Ex",7,"Typ",2,"Gd","Attchd",2006,"Fin",3,758,"TA","TA","Y",201,39,0,0,0,0,NA,NA,NA,0,10,2009,"WD","Normal",377500,"Train"
"1390",1390,50,"RM",60,6000,"Pave",NA,"Reg","Lvl","AllPub","Inside","Gtl","BrkSide","Norm","Norm","1Fam","1.5Fin","6","6",1941,1950,"Gable","CompShg","Wd Sdng","Wd Sdng","None",0,"TA","Gd","BrkTil","TA","Gd","No","ALQ",375,"Unf",0,360,735,"GasA","Ex","Y","SBrkr",869,349,0,1218,0,1,1,0,3,1,"TA",6,"Typ",1,"Gd","Detchd",2003,"Unf",2,440,"TA","TA","Y",0,0,0,0,0,0,NA,NA,NA,0,3,2007,"WD","Normal",131000,"Train"
"1391",1391,20,"RL",70,9100,"Pave",NA,"Reg","Lvl","AllPub","Inside","Gtl","CollgCr","Norm","Norm","1Fam","1Story","7","5",2000,2000,"Gable","CompShg","VinylSd","VinylSd","BrkFace",244,"Gd","TA","PConc","Gd","TA","Av","GLQ",1400,"Unf",0,125,1525,"GasA","Ex","Y","SBrkr",1525,0,0,1525,1,0,2,0,3,1,"Gd",6,"Typ",0,NA,"Attchd",2000,"RFn",2,541,"TA","TA","Y",219,36,0,0,0,0,NA,NA,NA,0,9,2006,"WD","Normal",235000,"Train"
"1392",1392,90,"RL",65,8944,"Pave",NA,"Reg","Lvl","AllPub","Inside","Gtl","NAmes","Norm","Norm","Duplex","1Story","5","5",1967,1967,"Gable","CompShg","Plywood","Plywood","None",0,"TA","TA","CBlock","TA","TA","No","Unf",0,"Unf",0,1584,1584,"GasA","TA","Y","SBrkr",1584,0,0,1584,0,0,2,0,4,2,"TA",8,"Mod",0,NA,"Detchd",1967,"Unf",3,792,"TA","TA","Y",0,152,0,0,0,0,NA,NA,NA,0,4,2009,"WD","Normal",124000,"Train"
"1393",1393,85,"RL",68,7838,"Pave",NA,"Reg","Lvl","AllPub","Inside","Gtl","NAmes","Norm","Norm","1Fam","SFoyer","5","5",1967,1967,"Gable","CompShg","HdBoard","HdBoard","None",0,"TA","TA","CBlock","TA","TA","Av","ALQ",769,"Unf",0,95,864,"GasA","TA","Y","SBrkr",900,0,0,900,1,0,1,0,3,1,"TA",6,"Typ",1,"Po","Attchd",1967,"RFn",1,288,"TA","TA","Y",175,144,0,0,0,0,NA,"MnWw",NA,0,12,2006,"WD","Normal",123000,"Train"
"1394",1394,190,"RM",60,10800,"Pave","Pave","Reg","Lvl","AllPub","Inside","Gtl","OldTown","Norm","Norm","2fmCon","1.5Fin","6","7",1905,2000,"Gable","CompShg","Wd Sdng","Wd Sdng","None",0,"TA","TA","BrkTil","Fa","TA","No","Unf",0,"Unf",0,482,482,"GasA","Ex","N","SBrkr",1221,691,0,1912,0,0,2,0,3,2,"TA",7,"Typ",1,"TA","Detchd",2003,"Unf",2,672,"Gd","TA","Y",0,25,212,0,0,0,NA,NA,NA,0,4,2008,"WD","Normal",163000,"Train"
"1395",1395,120,"RL",53,4045,"Pave",NA,"Reg","Lvl","AllPub","Inside","Gtl","Blmngtn","Norm","Norm","TwnhsE","1Story","7","5",2006,2006,"Hip","CompShg","VinylSd","VinylSd","BrkFace",45,"Gd","TA","PConc","Gd","TA","Av","GLQ",1070,"Unf",0,286,1356,"GasA","Ex","Y","SBrkr",1500,0,0,1500,1,0,2,0,2,1,"Gd",6,"Typ",1,"Gd","Attchd",2006,"Fin",3,648,"TA","TA","Y",161,20,0,0,0,0,NA,NA,NA,0,10,2006,"New","Partial",246578,"Train"
"1396",1396,60,"RL",88,12665,"Pave",NA,"IR1","Lvl","AllPub","Inside","Gtl","Timber","Norm","Norm","1Fam","2Story","8","5",2005,2006,"Hip","CompShg","VinylSd","VinylSd","BrkFace",245,"Gd","TA","PConc","Gd","Gd","Gd","Unf",0,"Unf",0,1094,1094,"GasA","Ex","Y","SBrkr",1133,1349,0,2482,0,0,2,1,4,1,"Gd",9,"Typ",1,"Gd","BuiltIn",2005,"Fin",3,642,"TA","TA","Y",144,39,0,0,0,0,NA,NA,NA,0,2,2007,"WD","Normal",281213,"Train"
"1397",1397,20,"RL",NA,57200,"Pave",NA,"IR1","Bnk","AllPub","Inside","Sev","Timber","Norm","Norm","1Fam","1Story","5","5",1948,1950,"Gable","CompShg","Wd Sdng","Wd Sdng","None",0,"TA","TA","CBlock","TA","TA","Av","BLQ",353,"Rec",334,60,747,"GasA","TA","Y","SBrkr",1687,0,0,1687,1,0,1,0,3,1,"TA",7,"Min1",2,"TA","Detchd",1966,"Unf",2,572,"TA","TA","N",0,0,50,0,0,0,NA,NA,NA,0,6,2010,"WD","Normal",160000,"Train"
"1398",1398,70,"RM",51,6120,"Pave",NA,"Reg","Lvl","AllPub","Inside","Gtl","BrkSide","Norm","Norm","1Fam","2Story","5","8",1920,2004,"Gable","CompShg","MetalSd","MetalSd","None",0,"TA","TA","BrkTil","TA","TA","Mn","Unf",0,"Unf",0,939,939,"GasA","Ex","Y","SBrkr",939,574,0,1513,0,0,1,1,4,1,"TA",8,"Typ",0,NA,"Detchd",1933,"Unf",1,180,"Fa","Fa","N",24,0,150,0,0,0,NA,NA,NA,0,5,2007,"WD","Normal",137500,"Train"
"1399",1399,50,"RL",60,7200,"Pave",NA,"Reg","Lvl","AllPub","Inside","Gtl","NAmes","Norm","Norm","1Fam","1.5Fin","5","4",1950,1982,"Gable","CompShg","VinylSd","Wd Sdng","None",0,"TA","TA","CBlock","TA","TA","No","Rec",180,"BLQ",352,676,1208,"GasA","Gd","Y","FuseA",1136,768,0,1904,1,0,1,1,3,1,"TA",7,"Min1",0,NA,"Attchd",1950,"Unf",1,240,"TA","TA","Y",0,0,168,0,0,0,NA,"GdPrv",NA,0,5,2009,"WD","Normal",138000,"Train"
"1400",1400,50,"RL",51,6171,"Pave",NA,"Reg","Lvl","AllPub","Inside","Gtl","SWISU","Norm","Norm","1Fam","1.5Fin","6","6",1925,1990,"Gable","CompShg","WdShing","Wd Shng","None",0,"TA","TA","BrkTil","TA","TA","No","BLQ",264,"Unf",0,712,976,"GasA","Ex","Y","SBrkr",1160,448,0,1608,0,0,2,1,3,1,"Gd",7,"Typ",1,"Gd","Detchd",1925,"Unf",1,216,"Fa","TA","Y",147,16,0,0,0,0,NA,"MnPrv",NA,0,10,2009,"WD","Normal",137450,"Train"
"1401",1401,50,"RM",50,6000,"Pave",NA,"Reg","Lvl","AllPub","Corner","Gtl","BrkSide","Norm","Norm","1Fam","1.5Fin","6","7",1929,1950,"Gable","CompShg","WdShing","Wd Shng","None",0,"TA","TA","BrkTil","TA","TA","No","Unf",0,"Unf",0,862,862,"GasA","TA","Y","SBrkr",950,208,0,1158,0,0,1,0,3,1,"TA",5,"Typ",1,"Gd","BuiltIn",1929,"RFn",1,208,"TA","TA","Y",0,0,112,0,0,0,NA,NA,NA,0,7,2008,"WD","Normal",120000,"Train"
"1402",1402,60,"RL",62,7415,"Pave",NA,"IR1","Lvl","AllPub","Inside","Gtl","Gilbert","Norm","Norm","1Fam","2Story","6","5",2004,2004,"Gable","CompShg","VinylSd","VinylSd","None",0,"TA","TA","PConc","TA","TA","No","GLQ",759,"Unf",0,80,839,"GasA","Ex","Y","SBrkr",864,729,0,1593,1,0,2,1,3,1,"TA",8,"Typ",1,"TA","Attchd",2004,"Fin",2,398,"TA","TA","Y",100,75,0,0,0,0,NA,NA,NA,0,4,2008,"WD","Normal",193000,"Train"
"1403",1403,20,"RL",64,6762,"Pave",NA,"Reg","Lvl","AllPub","Inside","Gtl","CollgCr","Norm","Norm","1Fam","1Story","7","5",2006,2006,"Gable","CompShg","VinylSd","VinylSd","None",0,"Gd","TA","PConc","Gd","Gd","Av","Unf",0,"Unf",0,1286,1286,"GasA","Ex","Y","SBrkr",1294,0,0,1294,0,0,2,0,2,1,"Gd",6,"Typ",1,"Gd","Attchd",2006,"RFn",2,662,"TA","TA","Y",168,55,0,0,0,0,NA,NA,NA,0,7,2006,"New","Partial",193879,"Train"
"1404",1404,20,"RL",49,15256,"Pave",NA,"IR1","Lvl","AllPub","CulDSac","Gtl","Somerst","RRAn","Norm","1Fam","1Story","8","5",2007,2007,"Gable","CompShg","VinylSd","VinylSd","Stone",84,"Gd","TA","PConc","Gd","TA","Gd","GLQ",929,"Unf",0,556,1485,"GasA","Ex","Y","SBrkr",1464,0,0,1464,1,0,2,0,3,1,"Gd",6,"Typ",0,NA,"Attchd",2007,"Unf",3,754,"TA","TA","Y",168,160,0,0,0,0,NA,NA,NA,0,8,2007,"WD","Normal",282922,"Train"
"1405",1405,50,"RL",60,10410,"Pave","Grvl","Reg","Lvl","AllPub","Corner","Gtl","OldTown","Artery","Norm","1Fam","1.5Fin","3","4",1915,1950,"Gable","CompShg","Wd Sdng","Wd Sdng","None",0,"TA","TA","PConc","TA","TA","No","Unf",0,"Unf",0,672,672,"GasA","TA","Y","SBrkr",694,520,0,1214,0,0,1,0,3,1,"TA",6,"Typ",0,NA,"Detchd",1998,"Unf",3,936,"TA","TA","Y",216,0,160,0,0,0,NA,"MnPrv",NA,0,1,2006,"WD","Family",105000,"Train"
"1406",1406,120,"RM",44,3842,"Pave",NA,"IR1","HLS","AllPub","Inside","Mod","Crawfor","Norm","Norm","TwnhsE","1Story","8","5",2004,2005,"Hip","CompShg","CemntBd","CmentBd","Stone",174,"Gd","TA","PConc","Ex","TA","Gd","GLQ",1373,"Unf",0,221,1594,"GasA","Ex","Y","SBrkr",1646,0,0,1646,1,1,2,0,2,1,"Gd",5,"Typ",1,"Gd","Attchd",2004,"Fin",2,482,"TA","TA","Y",128,53,0,0,155,0,NA,NA,NA,0,1,2008,"WD","Normal",275000,"Train"
"1407",1407,85,"RL",70,8445,"Pave",NA,"Reg","Lvl","AllPub","Corner","Gtl","CollgCr","Norm","Norm","1Fam","SFoyer","5","7",1972,2007,"Gable","CompShg","HdBoard","Wd Shng","None",0,"TA","TA","CBlock","Gd","TA","Av","GLQ",656,"Unf",0,112,768,"GasA","TA","Y","SBrkr",768,0,0,768,1,0,1,0,2,1,"TA",5,"Typ",0,NA,"Detchd",1988,"Unf",2,396,"TA","TA","Y",58,0,0,0,0,0,NA,"MnPrv",NA,0,3,2009,"WD","Normal",133000,"Train"
"1408",1408,20,"RL",NA,8780,"Pave",NA,"IR1","Lvl","AllPub","Corner","Gtl","Mitchel","Norm","Norm","1Fam","1Story","5","5",1985,1985,"Gable","CompShg","HdBoard","Plywood","None",0,"TA","TA","CBlock","TA","TA","No","ALQ",625,"Unf",0,208,833,"GasA","Ex","Y","SBrkr",833,0,0,833,1,0,1,0,3,1,"TA",5,"Typ",0,NA,NA,NA,NA,0,0,NA,NA,"Y",0,0,0,0,0,0,NA,"MnPrv",NA,0,3,2009,"WD","Normal",112000,"Train"
"1409",1409,70,"RM",60,7740,"Pave",NA,"Reg","Lvl","AllPub","Inside","Gtl","OldTown","Norm","Norm","1Fam","2Story","4","7",1910,1950,"Gable","CompShg","VinylSd","VinylSd","None",0,"TA","TA","CBlock","Fa","TA","No","Unf",0,"Unf",0,622,622,"GasA","Gd","Y","SBrkr",741,622,0,1363,0,0,1,0,3,1,"TA",6,"Typ",0,NA,"Detchd",1966,"Unf",2,528,"TA","TA","Y",0,0,0,0,168,0,NA,NA,NA,0,6,2010,"WD","Normal",125500,"Train"
"1410",1410,60,"RL",46,20544,"Pave",NA,"IR1","Lvl","AllPub","CulDSac","Gtl","NWAmes","Norm","Norm","1Fam","2Story","7","6",1986,1991,"Gable","CompShg","Plywood","Plywood","BrkFace",123,"TA","Gd","CBlock","Gd","TA","No","Unf",0,"Unf",0,791,791,"GasA","Gd","Y","SBrkr",1236,857,0,2093,0,0,2,1,3,1,"TA",7,"Typ",1,"TA","Attchd",1986,"Fin",2,542,"TA","TA","Y",364,63,0,0,0,0,NA,"MnPrv",NA,0,11,2008,"WD","Normal",215000,"Train"
"1411",1411,60,"RL",79,12420,"Pave",NA,"Reg","Lvl","AllPub","Inside","Gtl","CollgCr","Norm","Norm","1Fam","2Story","7","5",2001,2001,"Gable","CompShg","VinylSd","VinylSd","None",0,"Gd","TA","PConc","Gd","TA","No","GLQ",666,"Unf",0,278,944,"GasA","Ex","Y","SBrkr",944,896,0,1840,1,0,2,1,3,1,"Gd",6,"Typ",0,NA,"Attchd",2001,"RFn",2,622,"TA","TA","Y",0,45,0,0,0,0,NA,NA,NA,0,6,2009,"WD","Normal",230000,"Train"
"1412",1412,50,"RL",80,9600,"Pave",NA,"Reg","Lvl","AllPub","Inside","Gtl","NAmes","Norm","Norm","1Fam","1.5Fin","6","8",1950,2005,"Gable","CompShg","VinylSd","VinylSd","None",0,"TA","Gd","CBlock","TA","TA","No","BLQ",120,"Unf",0,736,856,"GasA","Ex","Y","SBrkr",1112,556,0,1668,0,0,1,1,3,1,"TA",6,"Min2",0,NA,"Attchd",1950,"Unf",1,271,"TA","TA","Y",0,0,0,0,0,0,NA,"MnPrv",NA,0,9,2009,"WD","Normal",140000,"Train"
"1413",1413,90,"RL",60,7200,"Pave",NA,"Reg","Lvl","AllPub","Inside","Gtl","NAmes","Norm","Norm","Duplex","1Story","4","5",1949,1950,"Gable","CompShg","BrkFace","Stone","None",0,"TA","TA","Slab",NA,NA,NA,NA,0,NA,0,0,0,"Wall","Fa","N","FuseF",1040,0,0,1040,0,0,2,0,2,2,"TA",6,"Typ",0,NA,"Detchd",1956,"Unf",2,420,"TA","TA","Y",0,0,0,0,0,0,NA,NA,NA,0,6,2009,"WD","Normal",90000,"Train"
"1414",1414,20,"RL",88,10994,"Pave",NA,"IR1","Lvl","AllPub","Corner","Gtl","SawyerW","Norm","Norm","1Fam","1Story","8","5",2005,2006,"Gable","CompShg","VinylSd","VinylSd","Stone",366,"Gd","TA","PConc","Gd","Gd","No","GLQ",976,"Unf",0,868,1844,"GasA","Ex","Y","SBrkr",1844,0,0,1844,1,0,2,0,2,1,"Gd",7,"Typ",1,"Gd","Attchd",2005,"Fin",2,620,"TA","TA","Y",165,44,0,0,0,0,NA,NA,NA,0,9,2009,"COD","Abnorml",257000,"Train"
"1415",1415,50,"RL",64,13053,"Pave","Pave","Reg","Bnk","AllPub","Inside","Gtl","BrkSide","Norm","Norm","1Fam","1.5Fin","6","7",1923,2000,"Gambrel","CompShg","Wd Sdng","Wd Sdng","None",0,"TA","TA","BrkTil","TA","TA","No","Unf",0,"Unf",0,833,833,"GasA","Gd","Y","SBrkr",1053,795,0,1848,0,0,1,1,4,1,"Gd",8,"Typ",1,"Gd","Detchd",1922,"Unf",2,370,"TA","TA","N",0,0,0,0,220,0,NA,NA,NA,0,6,2008,"WD","Normal",207000,"Train"
"1416",1416,120,"RL",51,3635,"Pave",NA,"Reg","Lvl","AllPub","Inside","Gtl","Blmngtn","Norm","Norm","TwnhsE","1Story","7","5",2007,2007,"Hip","CompShg","VinylSd","VinylSd","BrkFace",130,"Gd","TA","PConc","Gd","TA","No","ALQ",988,"Unf",0,398,1386,"GasA","Ex","Y","SBrkr",1569,0,0,1569,0,1,2,0,1,1,"Gd",7,"Typ",1,"TA","Attchd",2007,"RFn",3,660,"TA","TA","Y",143,20,0,0,0,0,NA,NA,NA,0,5,2009,"WD","Normal",175900,"Train"
"1417",1417,190,"RM",60,11340,"Pave",NA,"Reg","Lvl","AllPub","Inside","Gtl","OldTown","Norm","Norm","2fmCon","2Story","4","6",1885,1950,"Gable","CompShg","VinylSd","AsbShng","None",0,"TA","TA","PConc","TA","TA","No","Unf",0,"Unf",0,777,777,"GasA","Gd","Y","SBrkr",1246,1044,0,2290,0,0,2,0,4,2,"TA",11,"Typ",0,NA,"Detchd",1971,"Unf",2,560,"TA","TA","N",0,0,114,0,0,0,NA,NA,NA,0,4,2010,"WD","Normal",122500,"Train"
"1418",1418,60,"RL",NA,16545,"Pave",NA,"IR1","Lvl","AllPub","Inside","Gtl","NoRidge","Norm","Norm","1Fam","2Story","8","5",1998,1998,"Gable","CompShg","VinylSd","VinylSd","BrkFace",731,"Gd","TA","PConc","Gd","TA","Mn","GLQ",781,"Unf",0,503,1284,"GasA","Ex","Y","SBrkr",1310,1140,0,2450,1,0,2,1,3,1,"Gd",7,"Typ",1,"TA","Attchd",1998,"Fin",3,1069,"TA","TA","Y",0,126,0,0,0,0,NA,NA,NA,0,5,2009,"WD","Normal",340000,"Train"
"1419",1419,20,"RL",71,9204,"Pave",NA,"Reg","Lvl","AllPub","Inside","Gtl","NAmes","Norm","Norm","1Fam","1Story","5","5",1963,1963,"Gable","CompShg","HdBoard","HdBoard","None",0,"TA","TA","CBlock","TA","TA","No","BLQ",25,"Rec",872,247,1144,"GasA","TA","Y","SBrkr",1144,0,0,1144,1,0,1,1,3,1,"TA",6,"Typ",0,NA,"Detchd",1962,"Unf",1,336,"TA","TA","Y",0,88,0,0,0,0,NA,NA,NA,0,8,2008,"COD","Normal",124000,"Train"
"1420",1420,20,"RL",NA,16381,"Pave",NA,"IR1","Lvl","AllPub","Inside","Gtl","Crawfor","Norm","Norm","1Fam","1Story","6","5",1969,1969,"Gable","CompShg","Plywood","Plywood","BrkFace",312,"Gd","Gd","CBlock","TA","TA","Av","Rec",1110,"Unf",0,734,1844,"GasA","Gd","Y","SBrkr",1844,0,0,1844,1,0,2,0,3,1,"Gd",7,"Typ",1,"TA","Attchd",1969,"RFn",2,540,"TA","TA","Y",0,73,216,0,0,0,NA,NA,NA,0,12,2006,"WD","Normal",223000,"Train"
"1421",1421,60,"RL",90,11700,"Pave",NA,"Reg","Lvl","AllPub","Corner","Gtl","NWAmes","Norm","Norm","1Fam","2Story","6","6",1968,1968,"Gable","CompShg","HdBoard","HdBoard","BrkFace",420,"TA","TA","CBlock","TA","TA","No","ALQ",404,"Unf",0,304,708,"GasA","Gd","Y","SBrkr",708,708,0,1416,0,0,2,1,3,1,"TA",7,"Typ",1,"TA","Attchd",1968,"RFn",2,776,"TA","TA","Y",0,169,0,0,119,0,NA,NA,NA,0,5,2006,"WD","Normal",179900,"Train"
"1422",1422,120,"RL",53,4043,"Pave",NA,"Reg","Lvl","AllPub","Inside","Gtl","NPkVill","Norm","Norm","TwnhsE","1Story","6","5",1977,1977,"Gable","CompShg","Plywood","Plywood","None",0,"TA","TA","CBlock","Gd","TA","No","ALQ",360,"Unf",0,709,1069,"GasA","TA","Y","SBrkr",1069,0,0,1069,0,0,2,0,2,1,"TA",4,"Typ",1,"Fa","Attchd",1977,"RFn",2,440,"TA","TA","Y",0,55,0,0,165,0,NA,NA,NA,0,7,2010,"WD","Normal",127500,"Train"
"1423",1423,120,"RM",37,4435,"Pave",NA,"Reg","Lvl","AllPub","Inside","Gtl","CollgCr","Norm","Norm","TwnhsE","1Story","6","5",2003,2003,"Gable","CompShg","VinylSd","VinylSd","BrkFace",170,"Gd","TA","PConc","Gd","TA","Av","GLQ",686,"Unf",0,162,848,"GasA","Ex","Y","SBrkr",848,0,0,848,1,0,1,0,1,1,"Gd",3,"Typ",0,NA,"Attchd",2003,"Fin",2,420,"TA","TA","Y",140,0,0,0,0,0,NA,NA,NA,0,3,2008,"WD","Normal",136500,"Train"
"1424",1424,80,"RL",NA,19690,"Pave",NA,"IR1","Lvl","AllPub","CulDSac","Gtl","Edwards","Norm","Norm","1Fam","SLvl","6","7",1966,1966,"Flat","Tar&Grv","Plywood","Plywood","None",0,"Gd","Gd","CBlock","Gd","TA","Av","Unf",0,"Unf",0,697,697,"GasA","TA","Y","SBrkr",1575,626,0,2201,0,0,2,0,4,1,"Gd",8,"Typ",1,"Gd","Attchd",1966,"Unf",2,432,"Gd","Gd","Y",586,236,0,0,0,738,"Gd","GdPrv",NA,0,8,2006,"WD","Alloca",274970,"Train"
"1425",1425,20,"RL",NA,9503,"Pave",NA,"Reg","Lvl","AllPub","Inside","Gtl","NAmes","Norm","Norm","1Fam","1Story","5","5",1958,1983,"Hip","CompShg","HdBoard","HdBoard","None",0,"TA","TA","CBlock","TA","TA","No","ALQ",457,"Rec",374,193,1024,"GasA","TA","Y","SBrkr",1344,0,0,1344,1,0,1,0,2,1,"TA",6,"Min1",1,"TA","Detchd",1970,"Unf",1,484,"TA","TA","Y",316,28,0,0,0,0,NA,"GdWo",NA,0,6,2007,"WD","Normal",144000,"Train"
"1426",1426,20,"RL",80,10721,"Pave",NA,"IR1","Lvl","AllPub","Inside","Gtl","NAmes","Norm","Norm","1Fam","1Story","6","6",1959,1959,"Hip","CompShg","HdBoard","HdBoard","Stone",243,"Gd","TA","CBlock","TA","TA","No","Unf",0,"Unf",0,1252,1252,"GasA","Ex","Y","SBrkr",1252,0,0,1252,0,0,1,0,3,1,"Gd",7,"Typ",0,NA,"Detchd",1960,"Unf",2,528,"TA","TA","Y",0,39,0,0,0,0,NA,NA,NA,0,10,2008,"WD","Normal",142000,"Train"
"1427",1427,60,"RL",81,10944,"Pave",NA,"IR1","Lvl","AllPub","Inside","Gtl","NoRidge","Norm","Norm","1Fam","2Story","7","5",1994,1994,"Gable","CompShg","VinylSd","VinylSd","BrkFace",448,"Gd","TA","PConc","Gd","TA","No","GLQ",1000,"Unf",0,223,1223,"GasA","Ex","Y","SBrkr",1223,904,0,2127,1,0,2,1,3,1,"Gd",5,"Typ",2,"TA","Attchd",1994,"RFn",2,525,"TA","TA","Y",171,132,0,0,0,0,NA,NA,NA,0,8,2008,"WD","Normal",271000,"Train"
"1428",1428,50,"RL",60,10930,"Pave","Grvl","Reg","Bnk","AllPub","Inside","Gtl","NAmes","Artery","Norm","1Fam","1.5Fin","5","6",1945,1950,"Gable","CompShg","MetalSd","MetalSd","None",0,"TA","TA","CBlock","TA","TA","No","BLQ",580,"Unf",0,333,913,"GasA","TA","Y","FuseA",1048,510,0,1558,1,0,1,1,3,1,"TA",6,"Typ",1,"TA","Attchd",1962,"Unf",1,288,"TA","TA","Y",0,0,0,0,0,0,NA,NA,NA,0,4,2008,"WD","Normal",140000,"Train"
"1429",1429,30,"RM",60,7200,"Pave",NA,"Reg","Lvl","AllPub","Corner","Gtl","OldTown","Norm","Norm","1Fam","1Story","5","7",1940,1992,"Gable","CompShg","MetalSd","MetalSd","Stone",294,"TA","Gd","CBlock","TA","TA","No","BLQ",510,"Unf",0,278,788,"GasA","TA","Y","SBrkr",804,0,0,804,1,0,1,0,2,1,"Gd",4,"Typ",2,"Gd","Attchd",1940,"Unf",1,240,"TA","TA","Y",0,0,154,0,0,0,NA,"MnPrv",NA,0,2,2010,"WD","Abnorml",119000,"Train"
"1430",1430,20,"RL",NA,12546,"Pave",NA,"IR1","Lvl","AllPub","Corner","Gtl","NWAmes","Norm","Norm","1Fam","1Story","6","7",1981,1981,"Gable","CompShg","MetalSd","MetalSd","BrkFace",310,"Gd","Gd","CBlock","Gd","TA","No","BLQ",678,"Unf",0,762,1440,"GasA","Ex","Y","SBrkr",1440,0,0,1440,0,0,2,0,3,1,"Gd",7,"Typ",1,"TA","Attchd",1981,"Fin",2,467,"TA","TA","Y",0,0,99,0,0,0,NA,NA,NA,0,4,2007,"WD","Normal",182900,"Train"
"1431",1431,60,"RL",60,21930,"Pave",NA,"IR3","Lvl","AllPub","Inside","Gtl","Gilbert","RRAn","Norm","1Fam","2Story","5","5",2005,2005,"Gable","CompShg","VinylSd","VinylSd","None",0,"Gd","TA","PConc","Gd","Gd","Av","Unf",0,"Unf",0,732,732,"GasA","Ex","Y","SBrkr",734,1104,0,1838,0,0,2,1,4,1,"TA",7,"Typ",1,"Gd","BuiltIn",2005,"Fin",2,372,"TA","TA","Y",100,40,0,0,0,0,NA,NA,NA,0,7,2006,"WD","Normal",192140,"Train"
"1432",1432,120,"RL",NA,4928,"Pave",NA,"IR1","Lvl","AllPub","Inside","Gtl","NPkVill","Norm","Norm","TwnhsE","1Story","6","6",1976,1976,"Gable","CompShg","Plywood","Plywood","None",0,"TA","TA","CBlock","Gd","TA","No","LwQ",958,"Unf",0,0,958,"GasA","TA","Y","SBrkr",958,0,0,958,0,0,2,0,2,1,"TA",5,"Typ",0,NA,"Attchd",1976,"RFn",2,440,"TA","TA","Y",0,60,0,0,0,0,NA,NA,NA,0,10,2009,"WD","Normal",143750,"Train"
"1433",1433,30,"RL",60,10800,"Pave","Grvl","Reg","Lvl","AllPub","Inside","Gtl","OldTown","Norm","Norm","1Fam","1Story","4","6",1927,2007,"Gable","CompShg","Wd Sdng","Wd Sdng","None",0,"TA","TA","BrkTil","TA","TA","No","Unf",0,"Unf",0,656,656,"GasA","TA","Y","SBrkr",968,0,0,968,0,0,2,0,4,1,"TA",5,"Typ",0,NA,"Detchd",1928,"Unf",1,216,"Fa","Fa","Y",0,0,0,0,0,0,NA,NA,NA,0,8,2007,"WD","Normal",64500,"Train"
"1434",1434,60,"RL",93,10261,"Pave",NA,"IR1","Lvl","AllPub","Inside","Gtl","Gilbert","Norm","Norm","1Fam","2Story","6","5",2000,2000,"Gable","CompShg","VinylSd","VinylSd","BrkFace",318,"TA","TA","PConc","Gd","TA","No","Unf",0,"Unf",0,936,936,"GasA","Ex","Y","SBrkr",962,830,0,1792,1,0,2,1,3,1,"TA",8,"Typ",1,"TA","Attchd",2000,"Fin",2,451,"TA","TA","Y",0,0,0,0,0,0,NA,NA,NA,0,5,2008,"WD","Normal",186500,"Train"
"1435",1435,20,"RL",80,17400,"Pave",NA,"Reg","Low","AllPub","Inside","Mod","Mitchel","Norm","Norm","1Fam","1Story","5","5",1977,1977,"Gable","CompShg","BrkFace","BrkFace","None",0,"TA","TA","CBlock","TA","TA","No","ALQ",936,"Unf",0,190,1126,"GasA","Fa","Y","SBrkr",1126,0,0,1126,1,0,2,0,3,1,"TA",5,"Typ",1,"Gd","Attchd",1977,"RFn",2,484,"TA","TA","P",295,41,0,0,0,0,NA,NA,NA,0,5,2006,"WD","Normal",160000,"Train"
"1436",1436,20,"RL",80,8400,"Pave",NA,"Reg","Lvl","AllPub","Inside","Gtl","NAmes","Norm","Norm","1Fam","1Story","6","9",1962,2005,"Gable","CompShg","Wd Sdng","Wd Sdng","BrkFace",237,"Gd","Gd","CBlock","TA","TA","No","Unf",0,"Unf",0,1319,1319,"GasA","TA","Y","SBrkr",1537,0,0,1537,1,0,1,1,3,1,"Gd",7,"Typ",1,"Gd","Attchd",1962,"RFn",2,462,"TA","TA","Y",0,36,0,0,0,0,NA,"GdPrv",NA,0,7,2008,"COD","Abnorml",174000,"Train"
"1437",1437,20,"RL",60,9000,"Pave",NA,"Reg","Lvl","AllPub","FR2","Gtl","NAmes","Norm","Norm","1Fam","1Story","4","6",1971,1971,"Gable","CompShg","HdBoard","HdBoard","None",0,"TA","TA","PConc","TA","TA","No","ALQ",616,"Unf",0,248,864,"GasA","TA","Y","SBrkr",864,0,0,864,0,0,1,0,3,1,"TA",5,"Typ",0,NA,"Detchd",1974,"Unf",2,528,"TA","TA","Y",0,0,0,0,0,0,NA,"GdWo",NA,0,5,2007,"WD","Normal",120500,"Train"
"1438",1438,20,"RL",96,12444,"Pave",NA,"Reg","Lvl","AllPub","FR2","Gtl","NridgHt","Norm","Norm","1Fam","1Story","8","5",2008,2008,"Hip","CompShg","VinylSd","VinylSd","Stone",426,"Ex","TA","PConc","Ex","TA","Av","GLQ",1336,"Unf",0,596,1932,"GasA","Ex","Y","SBrkr",1932,0,0,1932,1,0,2,0,2,1,"Ex",7,"Typ",1,"Gd","Attchd",2008,"Fin",3,774,"TA","TA","Y",0,66,0,304,0,0,NA,NA,NA,0,11,2008,"New","Partial",394617,"Train"
"1439",1439,20,"RM",90,7407,"Pave",NA,"Reg","Lvl","AllPub","Inside","Gtl","OldTown","Artery","Norm","1Fam","1Story","6","7",1957,1996,"Gable","CompShg","MetalSd","MetalSd","None",0,"TA","TA","CBlock","TA","TA","No","GLQ",600,"Unf",0,312,912,"GasA","TA","Y","FuseA",1236,0,0,1236,1,0,1,0,2,1,"TA",6,"Typ",0,NA,"Attchd",1957,"Unf",2,923,"TA","TA","Y",0,158,158,0,0,0,NA,"MnPrv",NA,0,4,2010,"WD","Normal",149700,"Train"
"1440",1440,60,"RL",80,11584,"Pave",NA,"Reg","Lvl","AllPub","Inside","Gtl","NWAmes","Norm","Norm","1Fam","SLvl","7","6",1979,1979,"Hip","CompShg","HdBoard","HdBoard","BrkFace",96,"TA","TA","CBlock","TA","TA","No","GLQ",315,"Rec",110,114,539,"GasA","TA","Y","SBrkr",1040,685,0,1725,0,0,2,1,3,1,"TA",6,"Typ",1,"TA","Attchd",1979,"RFn",2,550,"TA","TA","Y",0,88,216,0,0,0,NA,NA,NA,0,11,2007,"WD","Normal",197000,"Train"
"1441",1441,70,"RL",79,11526,"Pave",NA,"IR1","Bnk","AllPub","Inside","Mod","Crawfor","Norm","Norm","1Fam","2.5Fin","6","7",1922,1994,"Gable","CompShg","MetalSd","MetalSd","None",0,"TA","TA","BrkTil","Ex","TA","No","Unf",0,"Unf",0,588,588,"GasA","Fa","Y","SBrkr",1423,748,384,2555,0,0,2,0,3,1,"TA",11,"Min1",1,"Gd","Detchd",1993,"Fin",2,672,"TA","TA","Y",431,0,0,0,0,0,NA,NA,NA,0,9,2008,"WD","Normal",191000,"Train"
"1442",1442,120,"RM",NA,4426,"Pave",NA,"Reg","Lvl","AllPub","Inside","Gtl","CollgCr","Norm","Norm","TwnhsE","1Story","6","5",2004,2004,"Gable","CompShg","VinylSd","VinylSd","BrkFace",147,"Gd","TA","PConc","Gd","TA","Av","GLQ",697,"Unf",0,151,848,"GasA","Ex","Y","SBrkr",848,0,0,848,1,0,1,0,1,1,"Gd",3,"Typ",1,"TA","Attchd",2004,"RFn",2,420,"TA","TA","Y",149,0,0,0,0,0,NA,NA,NA,0,5,2008,"WD","Normal",149300,"Train"
"1443",1443,60,"FV",85,11003,"Pave",NA,"Reg","Lvl","AllPub","Inside","Gtl","Somerst","Norm","Norm","1Fam","2Story","10","5",2008,2008,"Gable","CompShg","VinylSd","VinylSd","Stone",160,"Ex","TA","PConc","Ex","TA","Av","GLQ",765,"Unf",0,252,1017,"GasA","Ex","Y","SBrkr",1026,981,0,2007,1,0,2,1,3,1,"Ex",10,"Typ",1,"Ex","Attchd",2008,"Fin",3,812,"TA","TA","Y",168,52,0,0,0,0,NA,NA,NA,0,4,2009,"WD","Normal",310000,"Train"
"1444",1444,30,"RL",NA,8854,"Pave",NA,"Reg","Lvl","AllPub","Inside","Gtl","BrkSide","Norm","Norm","1Fam","1.5Unf","6","6",1916,1950,"Gable","CompShg","Wd Sdng","Wd Sdng","None",0,"TA","TA","BrkTil","TA","TA","No","Unf",0,"Unf",0,952,952,"Grav","Fa","N","FuseF",952,0,0,952,0,0,1,0,2,1,"Fa",4,"Typ",1,"Gd","Detchd",1916,"Unf",1,192,"Fa","Po","P",0,98,0,0,40,0,NA,NA,NA,0,5,2009,"WD","Normal",121000,"Train"
"1445",1445,20,"RL",63,8500,"Pave",NA,"Reg","Lvl","AllPub","FR2","Gtl","CollgCr","Norm","Norm","1Fam","1Story","7","5",2004,2004,"Gable","CompShg","VinylSd","VinylSd","BrkFace",106,"Gd","TA","PConc","Gd","TA","Av","Unf",0,"Unf",0,1422,1422,"GasA","Ex","Y","SBrkr",1422,0,0,1422,0,0,2,0,3,1,"Gd",7,"Typ",0,NA,"Attchd",2004,"RFn",2,626,"TA","TA","Y",192,60,0,0,0,0,NA,NA,NA,0,11,2007,"WD","Normal",179600,"Train"
"1446",1446,85,"RL",70,8400,"Pave",NA,"Reg","Lvl","AllPub","Inside","Gtl","Sawyer","Norm","Norm","1Fam","SFoyer","6","5",1966,1966,"Gable","CompShg","VinylSd","VinylSd","None",0,"TA","TA","CBlock","TA","TA","Gd","LwQ",187,"Rec",627,0,814,"GasA","Gd","Y","SBrkr",913,0,0,913,1,0,1,0,3,1,"TA",6,"Typ",0,NA,"Detchd",1990,"Unf",1,240,"TA","TA","Y",0,0,252,0,0,0,NA,NA,NA,0,5,2007,"WD","Normal",129000,"Train"
"1447",1447,20,"RL",NA,26142,"Pave",NA,"IR1","Lvl","AllPub","CulDSac","Gtl","Mitchel","Norm","Norm","1Fam","1Story","5","7",1962,1962,"Gable","CompShg","HdBoard","HdBoard","BrkFace",189,"TA","TA","CBlock","TA","TA","No","Rec",593,"Unf",0,595,1188,"GasA","TA","Y","SBrkr",1188,0,0,1188,0,0,1,0,3,1,"TA",6,"Typ",0,NA,"Attchd",1962,"Unf",1,312,"TA","TA","P",261,39,0,0,0,0,NA,NA,NA,0,4,2010,"WD","Normal",157900,"Train"
"1448",1448,60,"RL",80,10000,"Pave",NA,"Reg","Lvl","AllPub","Inside","Gtl","CollgCr","Norm","Norm","1Fam","2Story","8","5",1995,1996,"Gable","CompShg","VinylSd","VinylSd","BrkFace",438,"Gd","TA","PConc","Gd","TA","No","GLQ",1079,"Unf",0,141,1220,"GasA","Ex","Y","SBrkr",1220,870,0,2090,1,0,2,1,3,1,"Gd",8,"Typ",1,"TA","Attchd",1995,"RFn",2,556,"TA","TA","Y",0,65,0,0,0,0,NA,NA,NA,0,12,2007,"WD","Normal",240000,"Train"
"1449",1449,50,"RL",70,11767,"Pave",NA,"Reg","Lvl","AllPub","Inside","Gtl","Edwards","Norm","Norm","1Fam","2Story","4","7",1910,2000,"Gable","CompShg","MetalSd","HdBoard","None",0,"TA","TA","CBlock","Fa","TA","No","Unf",0,"Unf",0,560,560,"GasA","Gd","N","SBrkr",796,550,0,1346,0,0,1,1,2,1,"TA",6,"Min2",0,NA,"Detchd",1950,"Unf",1,384,"Fa","TA","Y",168,24,0,0,0,0,NA,"GdWo",NA,0,5,2007,"WD","Normal",112000,"Train"
"1450",1450,180,"RM",21,1533,"Pave",NA,"Reg","Lvl","AllPub","Inside","Gtl","MeadowV","Norm","Norm","Twnhs","SFoyer","5","7",1970,1970,"Gable","CompShg","CemntBd","CmentBd","None",0,"TA","TA","CBlock","Gd","TA","Av","GLQ",553,"Unf",0,77,630,"GasA","Ex","Y","SBrkr",630,0,0,630,1,0,1,0,1,1,"Ex",3,"Typ",0,NA,NA,NA,NA,0,0,NA,NA,"Y",0,0,0,0,0,0,NA,NA,NA,0,8,2006,"WD","Abnorml",92000,"Train"
"1451",1451,90,"RL",60,9000,"Pave",NA,"Reg","Lvl","AllPub","FR2","Gtl","NAmes","Norm","Norm","Duplex","2Story","5","5",1974,1974,"Gable","CompShg","VinylSd","VinylSd","None",0,"TA","TA","CBlock","Gd","TA","No","Unf",0,"Unf",0,896,896,"GasA","TA","Y","SBrkr",896,896,0,1792,0,0,2,2,4,2,"TA",8,"Typ",0,NA,NA,NA,NA,0,0,NA,NA,"Y",32,45,0,0,0,0,NA,NA,NA,0,9,2009,"WD","Normal",136000,"Train"
"1452",1452,20,"RL",78,9262,"Pave",NA,"Reg","Lvl","AllPub","Inside","Gtl","Somerst","Norm","Norm","1Fam","1Story","8","5",2008,2009,"Gable","CompShg","CemntBd","CmentBd","Stone",194,"Gd","TA","PConc","Gd","TA","No","Unf",0,"Unf",0,1573,1573,"GasA","Ex","Y","SBrkr",1578,0,0,1578,0,0,2,0,3,1,"Ex",7,"Typ",1,"Gd","Attchd",2008,"Fin",3,840,"TA","TA","Y",0,36,0,0,0,0,NA,NA,NA,0,5,2009,"New","Partial",287090,"Train"
"1453",1453,180,"RM",35,3675,"Pave",NA,"Reg","Lvl","AllPub","Inside","Gtl","Edwards","Norm","Norm","TwnhsE","SLvl","5","5",2005,2005,"Gable","CompShg","VinylSd","VinylSd","BrkFace",80,"TA","TA","PConc","Gd","TA","Gd","GLQ",547,"Unf",0,0,547,"GasA","Gd","Y","SBrkr",1072,0,0,1072,1,0,1,0,2,1,"TA",5,"Typ",0,NA,"Basment",2005,"Fin",2,525,"TA","TA","Y",0,28,0,0,0,0,NA,NA,NA,0,5,2006,"WD","Normal",145000,"Train"
"1454",1454,20,"RL",90,17217,"Pave",NA,"Reg","Lvl","AllPub","Inside","Gtl","Mitchel","Norm","Norm","1Fam","1Story","5","5",2006,2006,"Gable","CompShg","VinylSd","VinylSd","None",0,"TA","TA","PConc","Gd","TA","No","Unf",0,"Unf",0,1140,1140,"GasA","Ex","Y","SBrkr",1140,0,0,1140,0,0,1,0,3,1,"TA",6,"Typ",0,NA,NA,NA,NA,0,0,NA,NA,"Y",36,56,0,0,0,0,NA,NA,NA,0,7,2006,"WD","Abnorml",84500,"Train"
"1455",1455,20,"FV",62,7500,"Pave","Pave","Reg","Lvl","AllPub","Inside","Gtl","Somerst","Norm","Norm","1Fam","1Story","7","5",2004,2005,"Gable","CompShg","VinylSd","VinylSd","None",0,"Gd","TA","PConc","Gd","TA","No","GLQ",410,"Unf",0,811,1221,"GasA","Ex","Y","SBrkr",1221,0,0,1221,1,0,2,0,2,1,"Gd",6,"Typ",0,NA,"Attchd",2004,"RFn",2,400,"TA","TA","Y",0,113,0,0,0,0,NA,NA,NA,0,10,2009,"WD","Normal",185000,"Train"
"1456",1456,60,"RL",62,7917,"Pave",NA,"Reg","Lvl","AllPub","Inside","Gtl","Gilbert","Norm","Norm","1Fam","2Story","6","5",1999,2000,"Gable","CompShg","VinylSd","VinylSd","None",0,"TA","TA","PConc","Gd","TA","No","Unf",0,"Unf",0,953,953,"GasA","Ex","Y","SBrkr",953,694,0,1647,0,0,2,1,3,1,"TA",7,"Typ",1,"TA","Attchd",1999,"RFn",2,460,"TA","TA","Y",0,40,0,0,0,0,NA,NA,NA,0,8,2007,"WD","Normal",175000,"Train"
"1457",1457,20,"RL",85,13175,"Pave",NA,"Reg","Lvl","AllPub","Inside","Gtl","NWAmes","Norm","Norm","1Fam","1Story","6","6",1978,1988,"Gable","CompShg","Plywood","Plywood","Stone",119,"TA","TA","CBlock","Gd","TA","No","ALQ",790,"Rec",163,589,1542,"GasA","TA","Y","SBrkr",2073,0,0,2073,1,0,2,0,3,1,"TA",7,"Min1",2,"TA","Attchd",1978,"Unf",2,500,"TA","TA","Y",349,0,0,0,0,0,NA,"MnPrv",NA,0,2,2010,"WD","Normal",210000,"Train"
"1458",1458,70,"RL",66,9042,"Pave",NA,"Reg","Lvl","AllPub","Inside","Gtl","Crawfor","Norm","Norm","1Fam","2Story","7","9",1941,2006,"Gable","CompShg","CemntBd","CmentBd","None",0,"Ex","Gd","Stone","TA","Gd","No","GLQ",275,"Unf",0,877,1152,"GasA","Ex","Y","SBrkr",1188,1152,0,2340,0,0,2,0,4,1,"Gd",9,"Typ",2,"Gd","Attchd",1941,"RFn",1,252,"TA","TA","Y",0,60,0,0,0,0,NA,"GdPrv","Shed",2500,5,2010,"WD","Normal",266500,"Train"
"1459",1459,20,"RL",68,9717,"Pave",NA,"Reg","Lvl","AllPub","Inside","Gtl","NAmes","Norm","Norm","1Fam","1Story","5","6",1950,1996,"Hip","CompShg","MetalSd","MetalSd","None",0,"TA","TA","CBlock","TA","TA","Mn","GLQ",49,"Rec",1029,0,1078,"GasA","Gd","Y","FuseA",1078,0,0,1078,1,0,1,0,2,1,"Gd",5,"Typ",0,NA,"Attchd",1950,"Unf",1,240,"TA","TA","Y",366,0,112,0,0,0,NA,NA,NA,0,4,2010,"WD","Normal",142125,"Train"
"1460",1460,20,"RL",75,9937,"Pave",NA,"Reg","Lvl","AllPub","Inside","Gtl","Edwards","Norm","Norm","1Fam","1Story","5","6",1965,1965,"Gable","CompShg","HdBoard","HdBoard","None",0,"Gd","TA","CBlock","TA","TA","No","BLQ",830,"LwQ",290,136,1256,"GasA","Gd","Y","SBrkr",1256,0,0,1256,1,0,1,1,3,1,"TA",6,"Typ",0,NA,"Attchd",1965,"Fin",1,276,"TA","TA","Y",736,68,0,0,0,0,NA,NA,NA,0,6,2008,"WD","Normal",147500,"Train"
"1461",1461,20,"RH",80,11622,"Pave",NA,"Reg","Lvl","AllPub","Inside","Gtl","NAmes","Feedr","Norm","1Fam","1Story","5","6",1961,1961,"Gable","CompShg","VinylSd","VinylSd","None",0,"TA","TA","CBlock","TA","TA","No","Rec",468,"LwQ",144,270,882,"GasA","TA","Y","SBrkr",896,0,0,896,0,0,1,0,2,1,"TA",5,"Typ",0,NA,"Attchd",1961,"Unf",1,730,"TA","TA","Y",140,0,0,0,120,0,NA,"MnPrv",NA,0,6,2010,"WD","Normal",0,"Test"
"1462",1462,20,"RL",81,14267,"Pave",NA,"IR1","Lvl","AllPub","Corner","Gtl","NAmes","Norm","Norm","1Fam","1Story","6","6",1958,1958,"Hip","CompShg","Wd Sdng","Wd Sdng","BrkFace",108,"TA","TA","CBlock","TA","TA","No","ALQ",923,"Unf",0,406,1329,"GasA","TA","Y","SBrkr",1329,0,0,1329,0,0,1,1,3,1,"Gd",6,"Typ",0,NA,"Attchd",1958,"Unf",1,312,"TA","TA","Y",393,36,0,0,0,0,NA,NA,"Gar2",12500,6,2010,"WD","Normal",0,"Test"
"1463",1463,60,"RL",74,13830,"Pave",NA,"IR1","Lvl","AllPub","Inside","Gtl","Gilbert","Norm","Norm","1Fam","2Story","5","5",1997,1998,"Gable","CompShg","VinylSd","VinylSd","None",0,"TA","TA","PConc","Gd","TA","No","GLQ",791,"Unf",0,137,928,"GasA","Gd","Y","SBrkr",928,701,0,1629,0,0,2,1,3,1,"TA",6,"Typ",1,"TA","Attchd",1997,"Fin",2,482,"TA","TA","Y",212,34,0,0,0,0,NA,"MnPrv",NA,0,3,2010,"WD","Normal",0,"Test"
"1464",1464,60,"RL",78,9978,"Pave",NA,"IR1","Lvl","AllPub","Inside","Gtl","Gilbert","Norm","Norm","1Fam","2Story","6","6",1998,1998,"Gable","CompShg","VinylSd","VinylSd","BrkFace",20,"TA","TA","PConc","TA","TA","No","GLQ",602,"Unf",0,324,926,"GasA","Ex","Y","SBrkr",926,678,0,1604,0,0,2,1,3,1,"Gd",7,"Typ",1,"Gd","Attchd",1998,"Fin",2,470,"TA","TA","Y",360,36,0,0,0,0,NA,NA,NA,0,6,2010,"WD","Normal",0,"Test"
"1465",1465,120,"RL",43,5005,"Pave",NA,"IR1","HLS","AllPub","Inside","Gtl","StoneBr","Norm","Norm","TwnhsE","1Story","8","5",1992,1992,"Gable","CompShg","HdBoard","HdBoard","None",0,"Gd","TA","PConc","Gd","TA","No","ALQ",263,"Unf",0,1017,1280,"GasA","Ex","Y","SBrkr",1280,0,0,1280,0,0,2,0,2,1,"Gd",5,"Typ",0,NA,"Attchd",1992,"RFn",2,506,"TA","TA","Y",0,82,0,0,144,0,NA,NA,NA,0,1,2010,"WD","Normal",0,"Test"
"1466",1466,60,"RL",75,10000,"Pave",NA,"IR1","Lvl","AllPub","Corner","Gtl","Gilbert","Norm","Norm","1Fam","2Story","6","5",1993,1994,"Gable","CompShg","HdBoard","HdBoard","None",0,"TA","TA","PConc","Gd","TA","No","Unf",0,"Unf",0,763,763,"GasA","Gd","Y","SBrkr",763,892,0,1655,0,0,2,1,3,1,"TA",7,"Typ",1,"TA","Attchd",1993,"Fin",2,440,"TA","TA","Y",157,84,0,0,0,0,NA,NA,NA,0,4,2010,"WD","Normal",0,"Test"
"1467",1467,20,"RL",NA,7980,"Pave",NA,"IR1","Lvl","AllPub","Inside","Gtl","Gilbert","Norm","Norm","1Fam","1Story","6","7",1992,2007,"Gable","CompShg","HdBoard","HdBoard","None",0,"TA","Gd","PConc","Gd","TA","No","ALQ",935,"Unf",0,233,1168,"GasA","Ex","Y","SBrkr",1187,0,0,1187,1,0,2,0,3,1,"TA",6,"Typ",0,NA,"Attchd",1992,"Fin",2,420,"TA","TA","Y",483,21,0,0,0,0,NA,"GdPrv","Shed",500,3,2010,"WD","Normal",0,"Test"
"1468",1468,60,"RL",63,8402,"Pave",NA,"IR1","Lvl","AllPub","Inside","Gtl","Gilbert","Norm","Norm","1Fam","2Story","6","5",1998,1998,"Gable","CompShg","VinylSd","VinylSd","None",0,"TA","TA","PConc","Gd","TA","No","Unf",0,"Unf",0,789,789,"GasA","Gd","Y","SBrkr",789,676,0,1465,0,0,2,1,3,1,"TA",7,"Typ",1,"Gd","Attchd",1998,"Fin",2,393,"TA","TA","Y",0,75,0,0,0,0,NA,NA,NA,0,5,2010,"WD","Normal",0,"Test"
"1469",1469,20,"RL",85,10176,"Pave",NA,"Reg","Lvl","AllPub","Inside","Gtl","Gilbert","Norm","Norm","1Fam","1Story","7","5",1990,1990,"Gable","CompShg","HdBoard","HdBoard","None",0,"TA","TA","PConc","Gd","TA","Gd","GLQ",637,"Unf",0,663,1300,"GasA","Gd","Y","SBrkr",1341,0,0,1341,1,0,1,1,2,1,"Gd",5,"Typ",1,"Po","Attchd",1990,"Unf",2,506,"TA","TA","Y",192,0,0,0,0,0,NA,NA,NA,0,2,2010,"WD","Normal",0,"Test"
"1470",1470,20,"RL",70,8400,"Pave",NA,"Reg","Lvl","AllPub","Corner","Gtl","NAmes","Norm","Norm","1Fam","1Story","4","5",1970,1970,"Gable","CompShg","Plywood","Plywood","None",0,"TA","TA","CBlock","TA","TA","No","ALQ",804,"Rec",78,0,882,"GasA","TA","Y","SBrkr",882,0,0,882,1,0,1,0,2,1,"TA",4,"Typ",0,NA,"Attchd",1970,"Fin",2,525,"TA","TA","Y",240,0,0,0,0,0,NA,"MnPrv",NA,0,4,2010,"WD","Normal",0,"Test"
"1471",1471,120,"RH",26,5858,"Pave",NA,"IR1","Lvl","AllPub","FR2","Gtl","NAmes","Norm","Norm","TwnhsE","1Story","7","5",1999,1999,"Gable","CompShg","MetalSd","MetalSd","None",0,"Gd","TA","PConc","Gd","TA","No","GLQ",1051,"BLQ",0,354,1405,"GasA","Ex","Y","SBrkr",1337,0,0,1337,1,0,2,0,2,1,"Gd",5,"Typ",1,"Fa","Attchd",1999,"Fin",2,511,"TA","TA","Y",203,68,0,0,0,0,NA,NA,NA,0,6,2010,"WD","Normal",0,"Test"
"1472",1472,160,"RM",21,1680,"Pave",NA,"Reg","Lvl","AllPub","Inside","Gtl","BrDale","Norm","Norm","Twnhs","2Story","6","5",1971,1971,"Gable","CompShg","HdBoard","HdBoard","BrkFace",504,"TA","TA","CBlock","TA","TA","No","Rec",156,"Unf",0,327,483,"GasA","TA","Y","SBrkr",483,504,0,987,0,0,1,1,2,1,"TA",5,"Typ",0,NA,"Detchd",1971,"Unf",1,264,"TA","TA","Y",275,0,0,0,0,0,NA,NA,NA,0,2,2010,"COD","Normal",0,"Test"
"1473",1473,160,"RM",21,1680,"Pave",NA,"Reg","Lvl","AllPub","Inside","Gtl","BrDale","Norm","Norm","Twnhs","2Story","5","5",1971,1971,"Gable","CompShg","HdBoard","HdBoard","BrkFace",492,"TA","TA","CBlock","TA","TA","No","Rec",300,"Unf",0,225,525,"GasA","TA","Y","SBrkr",525,567,0,1092,0,0,1,1,3,1,"TA",6,"Typ",0,NA,"Detchd",1997,"Unf",1,320,"TA","TA","Y",0,0,0,0,0,0,NA,NA,NA,0,3,2010,"WD","Normal",0,"Test"
"1474",1474,160,"RL",24,2280,"Pave",NA,"Reg","Lvl","AllPub","FR2","Gtl","NPkVill","Norm","Norm","Twnhs","2Story","6","6",1975,1975,"Gable","CompShg","Plywood","Brk Cmn","None",0,"TA","TA","CBlock","TA","TA","No","ALQ",514,"Unf",0,341,855,"GasA","TA","Y","SBrkr",855,601,0,1456,0,0,2,1,3,1,"Gd",6,"Typ",1,"TA","Attchd",1975,"Unf",2,440,"TA","TA","Y",173,0,0,0,0,0,NA,NA,NA,0,6,2010,"WD","Normal",0,"Test"
"1475",1475,120,"RL",24,2280,"Pave",NA,"Reg","Lvl","AllPub","FR2","Gtl","NPkVill","Norm","Norm","Twnhs","1Story","7","6",1975,1975,"Gable","CompShg","Plywood","Brk Cmn","None",0,"TA","TA","CBlock","Gd","TA","No","Unf",0,"Unf",0,836,836,"GasA","Ex","Y","SBrkr",836,0,0,836,0,0,1,0,2,1,"TA",4,"Typ",0,NA,"Attchd",1975,"Unf",1,308,"TA","TA","Y",0,30,0,0,0,0,NA,NA,NA,0,6,2010,"WD","Normal",0,"Test"
"1476",1476,60,"RL",102,12858,"Pave",NA,"IR1","Lvl","AllPub","Inside","Gtl","NridgHt","Norm","Norm","1Fam","2Story","9","5",2009,2010,"Gable","CompShg","VinylSd","VinylSd","Stone",162,"Ex","TA","PConc","Ex","TA","No","Unf",0,"Unf",0,1590,1590,"GasA","Ex","Y","SBrkr",1627,707,0,2334,0,0,2,1,3,1,"Ex",10,"Typ",1,"Gd","Attchd",2009,"Fin",3,751,"TA","TA","Y",144,133,0,0,0,0,NA,NA,NA,0,1,2010,"New","Partial",0,"Test"
"1477",1477,20,"RL",94,12883,"Pave",NA,"IR1","Lvl","AllPub","Corner","Gtl","NridgHt","Norm","Norm","1Fam","1Story","8","5",2009,2010,"Gable","CompShg","VinylSd","VinylSd","Stone",256,"Gd","TA","PConc","Gd","TA","No","Unf",0,"Unf",0,1544,1544,"GasA","Ex","Y","SBrkr",1544,0,0,1544,0,0,2,0,3,1,"Gd",7,"Typ",0,NA,"Attchd",2009,"RFn",3,868,"TA","TA","Y",0,35,0,0,0,0,NA,NA,NA,0,6,2010,"New","Partial",0,"Test"
"1478",1478,20,"RL",90,11520,"Pave",NA,"Reg","Lvl","AllPub","Inside","Gtl","NridgHt","PosN","Norm","1Fam","1Story","9","5",2005,2005,"Hip","CompShg","VinylSd","VinylSd","BrkFace",615,"Gd","TA","PConc","Ex","TA","No","GLQ",110,"Unf",0,1588,1698,"GasA","Ex","Y","SBrkr",1698,0,0,1698,0,0,2,0,3,1,"Ex",7,"Typ",1,"Gd","Attchd",2005,"Fin",3,730,"TA","TA","Y",192,74,0,0,0,0,NA,NA,NA,0,6,2010,"WD","Normal",0,"Test"
"1479",1479,20,"RL",79,14122,"Pave",NA,"IR1","Lvl","AllPub","Inside","Gtl","NridgHt","Norm","Norm","1Fam","1Story","8","5",2005,2006,"Hip","CompShg","CemntBd","CmentBd","BrkFace",240,"Gd","TA","PConc","Ex","TA","No","GLQ",28,"Unf",0,1794,1822,"GasA","Ex","Y","SBrkr",1822,0,0,1822,0,0,2,0,3,1,"Ex",8,"Typ",1,"Gd","Attchd",2005,"RFn",3,678,"TA","TA","Y",0,119,0,0,0,0,NA,NA,NA,0,2,2010,"WD","Normal",0,"Test"
"1480",1480,20,"RL",110,14300,"Pave",NA,"Reg","HLS","AllPub","Inside","Mod","NridgHt","Norm","Norm","1Fam","1Story","9","5",2003,2004,"Hip","CompShg","VinylSd","VinylSd","BrkFace",1095,"Ex","TA","PConc","Ex","TA","Gd","GLQ",1373,"Unf",0,1473,2846,"GasA","Ex","Y","SBrkr",2696,0,0,2696,1,0,2,1,3,1,"Ex",10,"Typ",2,"Gd","Attchd",2003,"Fin",3,958,"TA","TA","Y",220,150,0,0,0,0,NA,NA,NA,0,6,2010,"WD","Normal",0,"Test"
"1481",1481,60,"RL",105,13650,"Pave",NA,"Reg","Lvl","AllPub","Corner","Gtl","NridgHt","Norm","Norm","1Fam","2Story","8","5",2002,2002,"Gable","CompShg","VinylSd","VinylSd","BrkFace",232,"Gd","TA","PConc","Gd","TA","Gd","GLQ",578,"Unf",0,1093,1671,"GasA","Ex","Y","SBrkr",1687,563,0,2250,1,0,2,1,3,1,"Gd",7,"Typ",1,"Ex","Attchd",2002,"Fin",3,756,"TA","TA","Y",238,130,0,0,0,0,NA,NA,NA,0,6,2010,"WD","Normal",0,"Test"
"1482",1482,120,"RL",41,7132,"Pave",NA,"IR1","Lvl","AllPub","Inside","Gtl","NridgHt","Norm","Norm","TwnhsE","1Story","8","5",2006,2006,"Gable","CompShg","VinylSd","VinylSd","Stone",178,"Gd","TA","PConc","Gd","TA","Mn","GLQ",24,"Unf",0,1346,1370,"GasA","Ex","Y","SBrkr",1370,0,0,1370,0,0,2,0,2,1,"Gd",6,"Typ",1,"Gd","Attchd",2006,"RFn",2,484,"TA","TA","Y",120,49,0,0,0,0,NA,NA,NA,0,4,2010,"WD","Normal",0,"Test"
"1483",1483,20,"RL",100,18494,"Pave",NA,"IR1","Lvl","AllPub","Corner","Gtl","Gilbert","Norm","Norm","1Fam","1Story","6","5",2005,2005,"Gable","CompShg","VinylSd","VinylSd","None",0,"Gd","TA","PConc","Gd","TA","No","Unf",0,"Unf",0,1324,1324,"GasA","Ex","Y","SBrkr",1324,0,0,1324,0,0,2,0,3,1,"Gd",6,"Typ",0,NA,"Attchd",2005,"Fin",2,430,"TA","TA","Y",36,23,0,0,0,0,NA,NA,NA,0,1,2010,"WD","Normal",0,"Test"
"1484",1484,120,"RL",43,3203,"Pave",NA,"Reg","Lvl","AllPub","Inside","Gtl","Blmngtn","Norm","Norm","TwnhsE","1Story","7","5",2006,2006,"Gable","CompShg","VinylSd","VinylSd","BrkFace",14,"Gd","TA","PConc","Gd","TA","Av","GLQ",16,"Unf",0,1129,1145,"GasA","Ex","Y","SBrkr",1145,0,0,1145,0,0,2,0,2,1,"Gd",6,"Typ",0,NA,"Attchd",2006,"Fin",2,437,"TA","TA","Y",100,116,0,0,0,0,NA,NA,NA,0,1,2010,"WD","Normal",0,"Test"
"1485",1485,80,"RL",67,13300,"Pave",NA,"IR1","Lvl","AllPub","Inside","Gtl","Gilbert","Norm","Norm","1Fam","SLvl","7","5",2004,2004,"Gable","CompShg","VinylSd","VinylSd","None",0,"Gd","TA","PConc","Gd","TA","No","GLQ",326,"Unf",0,58,384,"GasA","Ex","Y","SBrkr",744,630,0,1374,1,0,2,1,3,1,"Gd",7,"Typ",1,"Gd","BuiltIn",2004,"Fin",2,400,"TA","TA","Y",100,0,0,0,0,0,NA,NA,NA,0,6,2010,"WD","Normal",0,"Test"
"1486",1486,60,"RL",63,8577,"Pave",NA,"IR1","Lvl","AllPub","Inside","Gtl","Gilbert","Norm","Norm","1Fam","2Story","7","5",2004,2004,"Gable","CompShg","VinylSd","VinylSd","None",0,"Gd","TA","PConc","Gd","TA","No","Unf",0,"Unf",0,847,847,"GasA","Ex","Y","SBrkr",847,886,0,1733,0,0,2,1,3,1,"Gd",7,"Typ",1,"Gd","BuiltIn",2004,"Fin",2,433,"TA","TA","Y",144,48,0,0,0,0,NA,NA,NA,0,4,2010,"WD","Normal",0,"Test"
"1487",1487,60,"RL",60,17433,"Pave",NA,"IR2","Lvl","AllPub","CulDSac","Gtl","NoRidge","Norm","Norm","1Fam","2Story","8","5",1998,1998,"Hip","CompShg","VinylSd","VinylSd","BrkFace",114,"Gd","TA","PConc","Ex","TA","No","Unf",0,"Unf",0,1629,1629,"GasA","Ex","Y","SBrkr",1645,830,0,2475,0,0,2,1,4,1,"Gd",7,"Typ",1,"TA","Attchd",1998,"Fin",3,962,"TA","TA","Y",23,172,0,0,256,0,NA,NA,NA,0,1,2010,"WD","Normal",0,"Test"
"1488",1488,20,"RL",73,8987,"Pave",NA,"Reg","Lvl","AllPub","Inside","Gtl","Somerst","Norm","Norm","1Fam","1Story","8","5",2005,2006,"Gable","CompShg","VinylSd","VinylSd","BrkFace",226,"Gd","TA","PConc","Gd","TA",NA,"Unf",0,"Unf",0,1595,1595,"GasA","Ex","Y","SBrkr",1595,0,0,1595,0,0,2,0,2,1,"Gd",6,"Typ",1,"Gd","Attchd",2005,"RFn",3,880,"TA","TA","Y",144,0,0,0,0,0,NA,NA,NA,0,5,2010,"WD","Normal",0,"Test"
"1489",1489,20,"FV",92,9215,"Pave",NA,"Reg","Lvl","AllPub","Inside","Gtl","Somerst","Norm","Norm","1Fam","1Story","7","5",2009,2010,"Hip","CompShg","VinylSd","VinylSd","None",0,"Gd","TA","PConc","Gd","TA","No","Unf",0,"Unf",0,1218,1218,"GasA","Ex","Y","SBrkr",1218,0,0,1218,0,0,2,0,2,1,"Gd",4,"Typ",0,NA,"Attchd",2009,"RFn",2,676,"TA","TA","Y",0,136,0,0,0,0,NA,NA,NA,0,4,2010,"New","Partial",0,"Test"
"1490",1490,20,"FV",84,10440,"Pave",NA,"Reg","Lvl","AllPub","Corner","Gtl","Somerst","Norm","Norm","1Fam","1Story","6","5",2005,2005,"Gable","CompShg","VinylSd","VinylSd","None",0,"Gd","TA","PConc","Ex","TA","No","GLQ",1414,"Unf",0,54,1468,"GasA","Ex","Y","SBrkr",1468,0,0,1468,1,0,2,0,2,1,"Gd",6,"Typ",1,"Gd","Attchd",2005,"Fin",2,528,"TA","TA","Y",0,102,0,0,216,0,NA,NA,NA,0,5,2010,"WD","Normal",0,"Test"
"1491",1491,60,"RL",70,11920,"Pave",NA,"Reg","Lvl","AllPub","Inside","Gtl","SawyerW","Norm","Norm","1Fam","2Story","7","5",2004,2004,"Gable","CompShg","VinylSd","VinylSd","BrkFace",122,"Gd","TA","PConc","Gd","TA","Av","Unf",0,"Unf",0,831,831,"GasA","Ex","Y","SBrkr",831,828,0,1659,0,0,2,1,3,1,"Gd",8,"Typ",0,NA,"Attchd",2004,"RFn",2,484,"TA","TA","Y",144,68,0,0,0,0,NA,NA,NA,0,4,2010,"WD","Normal",0,"Test"
"1492",1492,30,"RH",70,9800,"Pave",NA,"Reg","Lvl","AllPub","Corner","Gtl","SawyerW","Feedr","Norm","1Fam","1Story","5","5",1920,1950,"Gable","CompShg","Wd Sdng","Wd Sdng","None",0,"TA","Fa","BrkTil","TA","TA","No","Unf",0,"Unf",0,816,816,"GasA","TA","N","FuseA",1012,0,0,1012,0,0,1,0,2,1,"TA",5,"Typ",0,NA,"Detchd",1920,"Unf",1,429,"TA","TA","Y",121,0,80,0,0,0,NA,NA,NA,0,4,2010,"WD","Normal",0,"Test"
"1493",1493,20,"RL",39,15410,"Pave",NA,"IR1","Lvl","AllPub","CulDSac","Gtl","Sawyer","RRNe","Norm","1Fam","1Story","6","6",1974,2002,"Hip","CompShg","Plywood","Plywood","BrkCmn",250,"TA","Gd","CBlock","TA","TA","Gd","BLQ",126,"GLQ",859,223,1208,"GasA","Ex","Y","SBrkr",1494,0,0,1494,1,0,2,0,3,1,"TA",7,"Typ",2,"Fa","Attchd",1974,"Fin",2,461,"TA","TA","Y",296,0,186,0,0,0,NA,"GdPrv",NA,0,4,2010,"WD","Abnorml",0,"Test"
"1494",1494,60,"RL",85,13143,"Pave",NA,"IR1","Lvl","AllPub","Inside","Gtl","NoRidge","Norm","Norm","1Fam","2Story","8","5",1993,1993,"Gable","CompShg","HdBoard","ImStucc","BrkFace",504,"Gd","TA","PConc","Gd","TA","No","LwQ",250,"GLQ",981,0,1231,"GasA","Ex","Y","SBrkr",1251,1098,0,2349,1,0,2,1,4,1,"Gd",9,"Typ",1,"TA","Attchd",1993,"RFn",3,762,"TA","TA","Y",32,130,0,0,0,0,NA,NA,NA,0,6,2010,"WD","Normal",0,"Test"
"1495",1495,60,"RL",88,11134,"Pave",NA,"Reg","Lvl","AllPub","Inside","Gtl","NoRidge","Norm","Norm","1Fam","2Story","8","5",1992,1993,"Gable","CompShg","HdBoard","HdBoard","BrkFace",180,"Gd","TA","PConc","Gd","TA","No","GLQ",1129,"Unf",0,261,1390,"GasA","Ex","Y","SBrkr",1402,823,0,2225,1,0,2,1,4,1,"Gd",7,"Typ",1,"TA","Attchd",1992,"RFn",3,713,"TA","TA","Y",198,30,0,0,0,0,NA,NA,NA,0,6,2010,"WD","Normal",0,"Test"
"1496",1496,120,"FV",25,4835,"Pave",NA,"IR1","Lvl","AllPub","CulDSac","Gtl","Somerst","Norm","Norm","TwnhsE","1Story","7","5",2004,2005,"Gable","CompShg","MetalSd","MetalSd","None",0,"Gd","TA","PConc","Ex","TA","Av","GLQ",1298,"Unf",0,190,1488,"GasA","Ex","Y","SBrkr",1488,0,0,1488,1,0,2,0,2,1,"Gd",6,"Typ",1,"Gd","Attchd",2004,"Fin",2,506,"TA","TA","Y",168,50,0,0,0,0,NA,NA,NA,0,3,2010,"WD","Normal",0,"Test"
"1497",1497,160,"FV",39,3515,"Pave","Pave","Reg","Lvl","AllPub","Inside","Gtl","Somerst","Norm","Norm","TwnhsE","2Story","7","5",2004,2004,"Gable","CompShg","VinylSd","VinylSd","None",0,"Gd","TA","PConc","Gd","TA","No","Unf",0,"Unf",0,840,840,"GasA","Ex","Y","SBrkr",840,840,0,1680,0,0,2,1,2,1,"Gd",3,"Typ",0,NA,"Attchd",2004,"RFn",2,588,"TA","TA","Y",0,111,0,0,0,0,NA,NA,NA,0,1,2010,"WD","Normal",0,"Test"
"1498",1498,160,"FV",30,3215,"Pave","Pave","Reg","Lvl","AllPub","Inside","Gtl","Somerst","Norm","Norm","TwnhsE","2Story","7","5",2004,2004,"Gable","CompShg","MetalSd","MetalSd","BrkFace",120,"Gd","TA","PConc","Gd","TA","Av","GLQ",280,"Unf",0,320,600,"GasA","Ex","Y","SBrkr",600,600,0,1200,0,0,2,1,2,1,"Gd",4,"Typ",0,NA,"Detchd",2004,"RFn",2,480,"TA","TA","Y",0,172,0,0,0,0,NA,NA,NA,0,4,2010,"ConLD","Normal",0,"Test"
"1499",1499,160,"FV",24,2544,"Pave","Pave","Reg","Lvl","AllPub","Inside","Gtl","Somerst","Norm","Norm","Twnhs","2Story","7","5",2004,2005,"Gable","CompShg","MetalSd","MetalSd","None",0,"Gd","TA","PConc","Gd","TA","No","GLQ",368,"ALQ",42,190,600,"GasA","Ex","Y","SBrkr",600,600,0,1200,1,0,2,1,2,1,"Gd",4,"Typ",0,NA,"Detchd",2004,"RFn",2,480,"TA","TA","Y",0,172,0,0,0,0,NA,NA,NA,0,2,2010,"WD","Normal",0,"Test"
"1500",1500,160,"FV",24,2544,"Pave","Pave","Reg","Lvl","AllPub","Inside","Gtl","Somerst","Norm","Norm","Twnhs","2Story","6","5",2005,2005,"Gable","CompShg","VinylSd","VinylSd","BrkFace",216,"Gd","TA","PConc","Gd","TA","No","GLQ",376,"Unf",0,224,600,"GasA","Ex","Y","SBrkr",600,636,0,1236,1,0,2,1,2,1,"Gd",4,"Typ",0,NA,"Detchd",2005,"RFn",2,480,"TA","TA","Y",0,166,0,0,0,0,NA,NA,NA,0,5,2010,"WD","Normal",0,"Test"
"1501",1501,160,"FV",NA,2980,"Pave",NA,"Reg","Lvl","AllPub","Corner","Gtl","Somerst","Norm","Norm","TwnhsE","2Story","6","5",2000,2000,"Gable","CompShg","MetalSd","MetalSd","BrkFace",1159,"Gd","TA","PConc","Gd","TA","No","GLQ",466,"Unf",0,290,756,"GasA","Ex","Y","SBrkr",756,756,0,1512,1,0,2,1,2,1,"Gd",5,"Typ",0,NA,"Detchd",2000,"Unf",2,440,"TA","TA","Y",0,32,0,0,0,0,NA,NA,NA,0,5,2010,"WD","Normal",0,"Test"
"1502",1502,160,"FV",NA,2403,"Pave",NA,"IR1","Lvl","AllPub","FR2","Gtl","Somerst","Norm","Norm","TwnhsE","2Story","7","5",2003,2003,"Gable","CompShg","VinylSd","VinylSd","None",0,"Gd","TA","PConc","Gd","TA","No","GLQ",244,"Unf",0,286,530,"GasA","Ex","Y","SBrkr",530,550,0,1080,0,0,2,1,2,1,"Gd",4,"Typ",0,NA,"Attchd",2003,"RFn",2,496,"TA","TA","Y",0,50,0,0,0,0,NA,NA,NA,0,6,2010,"WD","Normal",0,"Test"
"1503",1503,20,"FV",57,12853,"Pave","Pave","IR1","Lvl","AllPub","Inside","Gtl","Somerst","Norm","Norm","1Fam","1Story","8","5",2010,2010,"Gable","CompShg","CemntBd","CmentBd","None",0,"Gd","TA","PConc","Ex","Po","No","GLQ",1032,"Unf",0,610,1642,"GasA","Ex","Y","SBrkr",1418,0,0,1418,1,0,1,1,1,1,"Gd",6,"Typ",1,"Gd","Attchd",2010,"RFn",3,852,"TA","TA","Y",160,192,0,224,0,0,NA,NA,NA,0,4,2010,"New","Partial",0,"Test"
"1504",1504,60,"FV",68,7379,"Pave",NA,"IR1","Lvl","AllPub","Inside","Gtl","Somerst","Norm","Norm","1Fam","2Story","8","5",2000,2000,"Gable","CompShg","VinylSd","VinylSd","None",0,"Gd","TA","PConc","Gd","TA","No","GLQ",484,"Unf",0,491,975,"GasA","Ex","Y","SBrkr",975,873,0,1848,1,0,2,1,3,1,"Gd",7,"Typ",1,"TA","Attchd",2000,"RFn",2,592,"TA","TA","Y",280,184,0,0,0,0,NA,NA,NA,0,4,2010,"WD","Normal",0,"Test"
"1505",1505,20,"FV",80,8000,"Pave",NA,"Reg","Lvl","AllPub","Inside","Gtl","Somerst","Norm","Norm","1Fam","1Story","7","5",2002,2002,"Gable","CompShg","VinylSd","VinylSd","None",0,"Gd","TA","PConc","Gd","TA","No","GLQ",833,"Unf",0,659,1492,"GasA","Ex","Y","SBrkr",1492,0,0,1492,1,0,2,0,3,1,"Gd",6,"Typ",1,"Gd","Attchd",2002,"RFn",2,596,"TA","TA","Y",277,137,0,0,0,0,NA,NA,NA,0,4,2010,"WD","Normal",0,"Test"
"1506",1506,20,"RL",NA,10456,"Pave",NA,"IR1","Lvl","AllPub","Inside","Gtl","NWAmes","Norm","Norm","1Fam","1Story","6","6",1967,1967,"Hip","CompShg","HdBoard","HdBoard","BrkFace",120,"TA","TA","CBlock","TA","TA","No","GLQ",506,"Unf",0,1323,1829,"GasA","Gd","Y","SBrkr",1829,0,0,1829,1,0,2,0,4,1,"TA",8,"Typ",0,NA,"Attchd",1967,"RFn",2,535,"TA","TA","Y",0,76,0,0,0,0,NA,NA,NA,0,5,2010,"WD","Normal",0,"Test"
"1507",1507,60,"RL",80,10791,"Pave",NA,"Reg","Lvl","AllPub","Inside","Gtl","NWAmes","Norm","Norm","1Fam","2Story","6","5",1993,1993,"Gable","CompShg","MetalSd","MetalSd","None",0,"TA","TA","PConc","Gd","TA","Mn","GLQ",1137,"Unf",0,143,1280,"GasA","Ex","Y","SBrkr",1280,1215,0,2495,1,0,2,1,4,1,"Gd",9,"Typ",1,"TA","Attchd",1993,"Unf",2,660,"TA","TA","Y",224,32,0,0,0,0,NA,NA,NA,0,3,2010,"WD","Normal",0,"Test"
"1508",1508,50,"RL",NA,18837,"Pave",NA,"IR1","Lvl","AllPub","Inside","Gtl","NWAmes","Norm","Norm","1Fam","1.5Fin","6","5",1978,1978,"Gable","CompShg","MetalSd","MetalSd","None",0,"TA","TA","PConc","Gd","TA","Mn","ALQ",687,"LwQ",46,491,1224,"GasA","TA","Y","SBrkr",1287,604,0,1891,0,1,3,0,3,1,"TA",7,"Typ",1,"TA","Attchd",1978,"RFn",2,678,"TA","TA","Y",0,69,0,0,0,0,NA,NA,NA,0,4,2010,"WD","Normal",0,"Test"
"1509",1509,60,"RL",80,9600,"Pave",NA,"Reg","Lvl","AllPub","Inside","Gtl","NWAmes","Norm","Norm","1Fam","2Story","6","6",1971,1971,"Gable","CompShg","MetalSd","MetalSd","None",0,"TA","TA","CBlock","TA","TA","No","ALQ",329,"Unf",0,386,715,"GasA","TA","Y","SBrkr",930,715,0,1645,0,0,1,2,4,1,"TA",7,"Typ",0,NA,"Attchd",1971,"RFn",2,441,"TA","TA","Y",0,78,0,0,0,0,NA,"GdWo",NA,0,6,2010,"WD","Normal",0,"Test"
"1510",1510,20,"RL",80,9600,"Pave",NA,"Reg","Lvl","AllPub","Inside","Gtl","NAmes","Norm","Norm","1Fam","1Story","5","5",1966,1966,"Hip","CompShg","VinylSd","VinylSd","BrkFace",172,"TA","TA","CBlock","TA","TA","No","Rec",698,"Unf",0,534,1232,"GasA","TA","Y","SBrkr",1232,0,0,1232,1,0,1,1,3,1,"TA",6,"Typ",0,NA,"Attchd",1966,"RFn",2,490,"TA","TA","Y",0,224,0,0,0,0,NA,NA,NA,0,4,2010,"WD","Normal",0,"Test"
"1511",1511,20,"RL",90,9900,"Pave",NA,"Reg","Lvl","AllPub","Corner","Gtl","NAmes","Norm","Norm","1Fam","1Story","5","5",1966,1966,"Hip","CompShg","HdBoard","HdBoard","None",0,"TA","TA","PConc","Gd","TA","No","BLQ",1059,"Unf",0,150,1209,"GasA","Gd","Y","SBrkr",1209,0,0,1209,1,0,1,0,3,1,"TA",6,"Typ",0,NA,"Attchd",1966,"RFn",2,504,"TA","TA","Y",0,0,120,0,0,0,NA,NA,NA,0,4,2010,"ConLD","Normal",0,"Test"
"1512",1512,20,"RL",88,9680,"Pave",NA,"Reg","Lvl","AllPub","Inside","Gtl","NAmes","Norm","Norm","1Fam","1Story","5","6",1967,1967,"Gable","CompShg","Wd Sdng","Plywood","BrkFace",268,"TA","TA","CBlock","TA","TA","No","BLQ",1010,"Unf",0,500,1510,"GasA","Ex","Y","SBrkr",1510,0,0,1510,1,0,2,0,3,1,"Gd",6,"Typ",0,NA,"Attchd",1967,"RFn",2,517,"TA","TA","Y",0,40,0,0,204,0,NA,"GdPrv",NA,0,4,2010,"WD","Normal",0,"Test"
"1513",1513,80,"RL",NA,10600,"Pave","Pave","IR1","Lvl","AllPub","Inside","Gtl","NAmes","Norm","Norm","1Fam","SLvl","6","5",1964,1964,"Gable","CompShg","HdBoard","HdBoard","None",0,"TA","TA","CBlock","TA","TA","No","Unf",0,"Unf",0,533,533,"GasA","TA","Y","SBrkr",1131,644,0,1775,0,0,2,0,3,1,"TA",8,"Typ",0,NA,"Attchd",1964,"Unf",2,480,"TA","TA","Y",0,172,0,0,0,0,NA,NA,NA,0,5,2010,"COD","Family",0,"Test"
"1514",1514,90,"RL",98,13260,"Pave",NA,"IR1","Lvl","AllPub","Inside","Gtl","NAmes","Norm","Norm","Duplex","1Story","5","6",1962,2001,"Hip","CompShg","HdBoard","HdBoard","BrkFace",144,"TA","TA","CBlock","TA","TA","No","BLQ",1500,"Unf",0,228,1728,"GasA","TA","Y","SBrkr",1728,0,0,1728,2,0,2,0,6,2,"TA",10,"Typ",0,NA,NA,NA,NA,0,0,NA,NA,"Y",0,0,0,0,0,0,NA,NA,NA,0,1,2010,"Oth","Abnorml",0,"Test"
"1515",1515,50,"RL",68,9724,"Pave",NA,"Reg","Lvl","AllPub","Inside","Gtl","NAmes","Norm","Norm","1Fam","1.5Fin","5","7",1952,2002,"Gable","CompShg","MetalSd","MetalSd","BrkFace",265,"Gd","TA","CBlock","TA","TA","No","LwQ",670,"Unf",0,470,1140,"GasA","Gd","Y","SBrkr",1929,532,0,2461,0,0,2,0,3,1,"TA",7,"Min2",2,"Gd","Detchd",1994,"Unf",2,400,"TA","TA","Y",0,0,0,0,0,0,NA,"GdWo",NA,0,3,2010,"WD","Normal",0,"Test"
"1516",1516,50,"RL",120,17360,"Pave",NA,"Reg","Lvl","AllPub","Corner","Gtl","NAmes","Artery","Norm","1Fam","1.5Fin","6","6",1949,1950,"Gable","CompShg","MetalSd","MetalSd","Stone",340,"TA","Gd","CBlock","TA","TA","No","Rec",300,"Unf",0,482,782,"GasA","TA","Y","SBrkr",1019,537,0,1556,0,0,2,0,3,1,"TA",6,"Typ",1,"Gd","Attchd",1949,"Unf",2,470,"TA","TA","Y",0,0,150,0,0,0,NA,NA,NA,0,1,2010,"WD","Normal",0,"Test"
"1517",1517,85,"RL",75,11380,"Pave",NA,"IR1","Lvl","AllPub","Inside","Gtl","NAmes","Norm","Norm","1Fam","SFoyer","6","8",1966,2008,"Gable","CompShg","HdBoard","HdBoard","BrkFace",216,"TA","TA","CBlock","TA","TA","Gd","GLQ",944,"Unf",0,136,1080,"GasA","Gd","Y","SBrkr",1128,0,0,1128,1,0,1,0,2,1,"Gd",5,"Typ",1,"Gd","Attchd",1966,"Unf",1,315,"TA","TA","Y",238,0,0,0,0,0,NA,NA,"Shed",1500,1,2010,"WD","Normal",0,"Test"
"1518",1518,90,"RL",70,8267,"Pave",NA,"Reg","Lvl","AllPub","Corner","Gtl","NAmes","Feedr","Norm","Duplex","1Story","5","5",1958,1958,"Gable","CompShg","HdBoard","HdBoard","None",0,"TA","TA","CBlock","TA","TA","No","Unf",0,"Unf",0,1604,1604,"GasA","TA","Y","SBrkr",1604,0,0,1604,0,0,2,0,4,2,"TA",8,"Typ",0,NA,"Attchd",1958,"Unf",2,576,"TA","TA","Y",42,0,0,0,0,0,NA,NA,NA,0,3,2010,"WD","Normal",0,"Test"
"1519",1519,20,"RL",70,8197,"Pave",NA,"Reg","Lvl","AllPub","Inside","Gtl","NAmes","Norm","Norm","1Fam","1Story","7","5",2003,2009,"Gable","CompShg","VinylSd","VinylSd","BrkFace",506,"Gd","TA","PConc","Gd","TA","No","GLQ",1188,"Unf",0,292,1480,"GasA","Ex","Y","SBrkr",1480,0,0,1480,1,0,2,0,3,1,"Gd",7,"Typ",0,NA,"Attchd",2003,"RFn",2,620,"TA","TA","Y",252,73,0,0,0,0,NA,"MnPrv","Shed",300,2,2010,"WD","Normal",0,"Test"
"1520",1520,20,"RL",NA,8050,"Pave",NA,"IR1","Lvl","AllPub","Inside","Gtl","NAmes","Norm","Norm","1Fam","1Story","5","5",1959,1959,"Hip","CompShg","MetalSd","MetalSd","BrkFace",150,"TA","TA","CBlock","TA","TA","No","BLQ",856,"Rec",162,125,1143,"GasA","TA","Y","SBrkr",1143,0,0,1143,1,0,1,0,3,1,"TA",6,"Typ",0,NA,"Attchd",1959,"RFn",1,308,"TA","TA","Y",0,0,0,0,0,0,NA,"GdPrv",NA,0,5,2010,"WD","Normal",0,"Test"
"1521",1521,20,"RL",87,10725,"Pave",NA,"IR1","Lvl","AllPub","Inside","Gtl","NAmes","Norm","Norm","1Fam","1Story","5","5",1959,1959,"Hip","CompShg","MetalSd","MetalSd","BrkFace",91,"TA","TA","CBlock","TA","TA","No","Rec",936,"Unf",0,270,1206,"GasA","Fa","Y","SBrkr",1206,0,0,1206,0,0,1,0,3,1,"TA",6,"Typ",0,NA,"Attchd",1959,"RFn",1,312,"TA","TA","Y",0,21,0,0,0,0,NA,NA,NA,0,5,2010,"WD","Normal",0,"Test"
"1522",1522,20,"RL",80,10032,"Pave",NA,"Reg","Lvl","AllPub","Inside","Gtl","NAmes","Norm","Norm","1Fam","1Story","6","5",1959,1959,"Gable","CompShg","Wd Sdng","Wd Sdng","Stone",432,"TA","TA","CBlock","TA","TA","No","Rec",734,"Unf",0,510,1244,"GasA","Ex","Y","SBrkr",1580,0,0,1580,1,0,1,1,3,1,"TA",6,"Typ",2,"Gd","Attchd",1956,"Unf",2,440,"TA","TA","Y",0,28,0,0,160,0,NA,"GdWo",NA,0,6,2010,"WD","Normal",0,"Test"
"1523",1523,50,"RL",60,8382,"Pave",NA,"Reg","Lvl","AllPub","Inside","Gtl","NAmes","Norm","Norm","1Fam","1.5Fin","4","5",1956,1956,"Gable","CompShg","MetalSd","MetalSd","None",0,"TA","TA","CBlock","TA","TA","No","Unf",0,"Unf",0,832,832,"GasA","TA","Y","FuseA",832,505,0,1337,0,0,1,0,3,1,"TA",5,"Typ",0,NA,"Attchd",1956,"Unf",1,263,"TA","TA","Y",0,0,0,0,0,0,NA,NA,NA,0,2,2010,"WD","Normal",0,"Test"
"1524",1524,20,"RL",60,10950,"Pave",NA,"Reg","Lvl","AllPub","Inside","Gtl","NAmes","Norm","Norm","1Fam","1Story","5","7",1952,1952,"Gable","CompShg","WdShing","Wd Shng","None",0,"TA","TA","CBlock","TA","TA","No","BLQ",339,"Unf",0,525,864,"GasA","TA","Y","SBrkr",1064,0,0,1064,0,1,1,0,2,1,"Fa",4,"Typ",0,NA,"Detchd",1952,"Unf",1,318,"TA","TA","Y",0,0,0,0,0,0,NA,NA,NA,0,5,2010,"WD","Normal",0,"Test"
"1525",1525,20,"RL",119,10895,"Pave",NA,"Reg","Lvl","AllPub","Corner","Gtl","NAmes","Norm","Norm","1Fam","1Story","5","6",1955,1955,"Gable","CompShg","MetalSd","MetalSd","None",0,"TA","Gd","CBlock","TA","TA","No","Rec",648,"Unf",0,324,972,"GasA","TA","Y","SBrkr",972,0,0,972,0,0,1,0,3,1,"TA",5,"Typ",0,NA,"Attchd",1955,"Unf",1,305,"TA","TA","Y",0,0,205,0,0,0,NA,"GdWo",NA,0,6,2010,"WD","Normal",0,"Test"
"1526",1526,190,"RL",70,13587,"Pave",NA,"Reg","Lvl","AllPub","Inside","Gtl","NAmes","Norm","Norm","2fmCon","1Story","5","5",1958,1958,"Gable","CompShg","MetalSd","MetalSd","None",0,"TA","TA","CBlock","TA","TA","Av","Rec",532,"Unf",0,456,988,"GasA","TA","Y","SBrkr",988,0,0,988,1,0,1,0,2,1,"TA",5,"Typ",0,NA,"Attchd",1958,"Unf",1,264,"TA","TA","Y",0,0,0,0,0,0,NA,NA,NA,0,4,2010,"WD","Abnorml",0,"Test"
"1527",1527,30,"RL",65,7898,"Pave",NA,"Reg","Lvl","AllPub","Corner","Gtl","NAmes","Norm","Norm","1Fam","1Story","4","7",1920,1994,"Gable","CompShg","MetalSd","MetalSd","None",0,"TA","TA","BrkTil","TA","TA","No","Unf",0,"Unf",0,576,576,"GasA","Gd","Y","SBrkr",985,0,0,985,0,1,1,0,2,1,"TA",4,"Typ",0,NA,"Detchd",1989,"Unf",2,676,"TA","TA","N",0,0,0,0,0,0,NA,NA,NA,0,4,2010,"WD","Normal",0,"Test"
"1528",1528,50,"RL",60,8064,"Pave",NA,"Reg","Lvl","AllPub","Inside","Gtl","NAmes","Artery","Norm","1Fam","1.5Fin","6","8",1948,2004,"Gable","CompShg","WdShing","Wd Shng","None",0,"TA","TA","CBlock","TA","TA","No","ALQ",481,"Rec",174,161,816,"GasA","TA","Y","SBrkr",816,408,0,1224,1,0,1,0,3,1,"TA",5,"Typ",0,NA,"Detchd",1950,"Unf",1,280,"TA","TA","Y",414,0,0,0,0,0,NA,"GdWo",NA,0,5,2010,"WD","Normal",0,"Test"
"1529",1529,20,"RL",81,7635,"Pave",NA,"IR1","Lvl","AllPub","Corner","Gtl","NAmes","Norm","Norm","1Fam","1Story","5","6",1960,1960,"Gable","CompShg","BrkFace","Wd Sdng","None",0,"TA","TA","CBlock","TA","TA","No","Rec",588,"LwQ",350,237,1175,"GasA","Ex","Y","SBrkr",1175,0,0,1175,0,0,1,1,3,1,"TA",6,"Typ",0,NA,"Detchd",1960,"RFn",2,484,"TA","TA","Y",0,0,0,0,0,0,NA,NA,NA,0,6,2010,"WD","Normal",0,"Test"
"1530",1530,20,"RL",80,9760,"Pave",NA,"Reg","Lvl","AllPub","Inside","Mod","NAmes","Norm","Norm","1Fam","1Story","6","7",1963,1984,"Hip","CompShg","Wd Sdng","Wd Sdng","BrkFace",218,"TA","TA","CBlock","TA","TA","Gd","BLQ",717,"LwQ",263,415,1395,"GasA","TA","Y","SBrkr",1395,0,0,1395,1,0,1,0,2,1,"TA",7,"Min1",1,"TA","Attchd",1963,"RFn",2,440,"TA","TA","Y",657,0,113,0,240,0,NA,NA,NA,0,5,2010,"WD","Normal",0,"Test"
"1531",1531,50,"RM",60,4800,"Pave",NA,"Reg","Lvl","AllPub","Corner","Gtl","OldTown","Norm","Norm","1Fam","1.5Fin","4","5",1900,1954,"Hip","CompShg","Wd Sdng","Wd Sdng","BrkFace",771,"TA","TA","PConc","TA","TA","No","ALQ",48,"Unf",0,661,709,"GasA","TA","Y","SBrkr",1157,687,0,1844,1,0,1,0,3,1,"TA",9,"Min2",2,"Gd","Basment",1900,"Unf",1,240,"TA","TA","Y",84,0,0,0,0,0,NA,NA,NA,0,1,2010,"COD","Abnorml",0,"Test"
"1532",1532,30,"RM",56,4485,"Pave","Grvl","Reg","Lvl","AllPub","Inside","Gtl","OldTown","Artery","Norm","1Fam","1Story","5","7",1920,1950,"Gable","CompShg","Wd Sdng","Wd Sdng","None",0,"TA","TA","PConc","TA","TA","No","BLQ",579,"Unf",0,357,936,"GasA","TA","Y","SBrkr",936,0,0,936,1,0,1,0,2,1,"TA",5,"Typ",1,"Gd",NA,NA,NA,0,0,NA,NA,"P",51,0,135,0,0,0,NA,"MnPrv",NA,0,5,2010,"WD","Normal",0,"Test"
"1533",1533,20,"RM",69,5805,"Pave","Grvl","Reg","Bnk","AllPub","Inside","Mod","OldTown","Norm","Norm","1Fam","1Story","5","7",1957,1957,"Hip","CompShg","MetalSd","MetalSd","None",0,"TA","TA","CBlock","TA","TA","Mn","BLQ",274,"Rec",1073,0,1347,"GasA","Gd","Y","SBrkr",1347,0,0,1347,1,1,1,0,3,1,"Gd",6,"Typ",0,NA,"Detchd",1957,"Unf",2,551,"TA","TA","Y",0,0,0,0,0,0,NA,NA,NA,0,6,2010,"WD","Normal",0,"Test"
"1534",1534,45,"RM",50,6900,"Pave",NA,"Reg","Lvl","AllPub","Corner","Gtl","OldTown","Norm","Norm","1Fam","1.5Fin","6","7",1938,2000,"Gable","CompShg","MetalSd","MetalSd","None",0,"TA","TA","PConc","Gd","TA","No","Unf",0,"Unf",0,827,827,"GasA","Gd","Y","SBrkr",827,424,0,1251,0,0,1,0,3,1,"Fa",6,"Typ",0,NA,"Detchd",1938,"Unf",1,240,"Fa","TA","N",0,0,0,0,0,0,NA,NA,NA,0,1,2010,"WD","Normal",0,"Test"
"1535",1535,50,"RM",69,11851,"Pave",NA,"Reg","Lvl","AllPub","Inside","Gtl","OldTown","Artery","Norm","1Fam","1.5Fin","5","7",1948,2009,"Gable","CompShg","VinylSd","VinylSd","None",0,"TA","Gd","BrkTil","TA","TA","No","BLQ",780,"Unf",0,247,1027,"GasA","Ex","Y","SBrkr",1027,606,0,1633,0,0,1,0,3,1,"Gd",7,"Typ",1,"Gd","Detchd",1948,"Unf",1,240,"TA","TA","Y",0,100,126,0,0,0,NA,NA,NA,0,6,2010,"WD","Normal",0,"Test"
"1536",1536,50,"RM",NA,8239,"Pave",NA,"Reg","Lvl","AllPub","Inside","Gtl","OldTown","Artery","Norm","1Fam","1.5Fin","5","6",1920,1962,"Gable","CompShg","MetalSd","MetalSd","None",0,"TA","TA","BrkTil","TA","TA","No","Rec",176,"Unf",0,832,1008,"GasA","TA","Y","SBrkr",1060,185,0,1245,0,0,1,0,3,1,"TA",6,"Typ",0,NA,"Detchd",1962,"Unf",1,315,"TA","TA","Y",0,0,334,0,0,0,NA,NA,NA,0,3,2010,"WD","Normal",0,"Test"
"1537",1537,30,"RM",68,9656,"Pave",NA,"Reg","Lvl","AllPub","Inside","Gtl","OldTown","Norm","Norm","1Fam","1Story","2","2",1923,1970,"Gable","CompShg","AsbShng","AsbShng","None",0,"TA","Fa","BrkTil","Fa","Fa","No","Unf",0,"Unf",0,678,678,"GasA","TA","N","SBrkr",832,0,0,832,0,0,1,0,2,1,"TA",5,"Typ",1,"Gd","Detchd",1928,"Unf",2,780,"Fa","Fa","N",0,0,0,0,0,0,NA,NA,NA,0,6,2010,"WD","Abnorml",0,"Test"
"1538",1538,70,"RM",60,9600,"Pave","Grvl","Reg","Lvl","AllPub","Corner","Gtl","OldTown","Norm","Norm","1Fam","2Story","8","9",1900,2003,"Gable","CompShg","Wd Sdng","Wd Sdng","None",0,"Gd","Gd","BrkTil","TA","TA","No","Unf",0,"Unf",0,930,930,"GasW","TA","N","SBrkr",930,636,0,1566,0,0,2,0,3,1,"Gd",7,"Typ",0,NA,"Detchd",1930,"Unf",1,288,"TA","TA","Y",54,228,246,0,0,0,NA,NA,NA,0,4,2010,"WD","Abnorml",0,"Test"
"1539",1539,70,"RM",50,9000,"Pave","Grvl","Reg","Lvl","AllPub","Inside","Gtl","OldTown","Norm","Norm","1Fam","2Story","8","9",1890,2002,"Gable","CompShg","Wd Sdng","Wd Sdng","None",0,"Gd","Gd","Stone","Fa","Fa","No","Unf",0,"Unf",0,346,346,"GasA","Ex","Y","SBrkr",1157,1111,0,2268,0,0,3,0,3,1,"Gd",7,"Typ",0,NA,"Detchd",2003,"Unf",2,624,"TA","TA","N",0,108,0,0,0,0,NA,NA,NA,0,4,2010,"WD","Normal",0,"Test"
"1540",1540,190,"RM",100,9045,"Pave",NA,"Reg","Lvl","AllPub","Inside","Gtl","OldTown","Norm","Norm","2fmCon","2Story","5","3",1910,1950,"Gable","CompShg","MetalSd","MetalSd","None",0,"TA","Fa","BrkTil","TA","TA","Mn","Unf",0,"Unf",0,840,840,"Grav","Fa","N","FuseF",1128,1128,0,2256,0,0,2,0,4,2,"Fa",12,"Typ",0,NA,NA,NA,NA,0,0,NA,NA,"N",0,18,18,0,0,0,NA,NA,NA,0,6,2010,"WD","Abnorml",0,"Test"
"1541",1541,70,"RM",60,10560,"Pave",NA,"Reg","Lvl","AllPub","Inside","Gtl","OldTown","Norm","Norm","1Fam","2Story","6","7",1922,1994,"Gable","CompShg","Wd Sdng","Wd Sdng","None",0,"TA","TA","CBlock","Fa","TA","No","Rec",283,"Unf",0,455,738,"GasA","Ex","Y","SBrkr",868,602,0,1470,0,0,1,1,2,1,"TA",6,"Min1",0,NA,"Detchd",1970,"Unf",2,624,"TA","TA","Y",0,0,0,0,0,0,NA,NA,NA,0,6,2010,"WD","Normal",0,"Test"
"1542",1542,50,"RM",53,5830,"Pave",NA,"Reg","Lvl","AllPub","Corner","Gtl","BrkSide","Feedr","Feedr","1Fam","1.5Fin","5","6",1950,1997,"Gable","CompShg","MetalSd","MetalSd","None",0,"TA","Gd","CBlock","TA","TA","No","Rec",788,"Unf",0,200,988,"GasA","Ex","Y","SBrkr",1030,582,0,1612,0,0,1,1,3,1,"TA",7,"Typ",0,NA,"Detchd",1950,"Unf",1,363,"TA","TA","Y",0,0,0,0,0,0,NA,"MnPrv",NA,0,3,2010,"WD","Normal",0,"Test"
"1543",1543,75,"RL",NA,7793,"Pave",NA,"IR1","Bnk","AllPub","Corner","Gtl","BrkSide","Norm","Norm","1Fam","2.5Unf","7","7",1922,2005,"Gable","CompShg","Wd Sdng","Wd Sdng","None",0,"TA","TA","BrkTil","Gd","TA","No","BLQ",474,"Unf",0,634,1108,"GasA","TA","N","FuseA",1160,908,0,2068,0,0,1,1,3,1,"Gd",8,"Typ",1,"Gd","Detchd",1928,"Unf",1,315,"TA","TA","Y",0,0,60,0,0,0,NA,NA,NA,0,5,2010,"WD","Normal",0,"Test"
"1544",1544,30,"RM",50,5000,"Pave",NA,"Reg","Lvl","AllPub","Inside","Gtl","BrkSide","Feedr","Norm","1Fam","1Story","4","7",1925,1950,"Gable","CompShg","MetalSd","MetalSd","None",0,"TA","TA","BrkTil","TA","TA","No","Rec",188,"Unf",0,577,765,"GasA","TA","N","FuseF",765,0,0,765,1,0,1,0,2,1,"Gd",4,"Typ",0,NA,"Detchd",1926,"Unf",1,200,"Fa","TA","P",135,0,41,0,0,0,NA,"MnPrv",NA,0,4,2010,"WD","Normal",0,"Test"
"1545",1545,50,"RM",50,6000,"Pave",NA,"Reg","Lvl","AllPub","Inside","Gtl","BrkSide","Norm","Norm","1Fam","1.5Fin","6","7",1939,1950,"Gable","CompShg","MetalSd","MetalSd","None",0,"TA","TA","BrkTil","TA","Gd","No","BLQ",452,"LwQ",12,144,608,"GasA","TA","Y","SBrkr",608,524,0,1132,1,0,1,0,2,1,"TA",5,"Typ",0,NA,"Detchd",1939,"Unf",1,240,"TA","TA","Y",0,0,128,0,0,0,NA,"MnPrv",NA,0,4,2010,"WD","Abnorml",0,"Test"
"1546",1546,50,"RM",50,6000,"Pave",NA,"Reg","Lvl","AllPub","Inside","Gtl","BrkSide","Norm","Norm","1Fam","1.5Fin","6","6",1940,1950,"Gable","CompShg","MetalSd","MetalSd","None",0,"TA","Gd","CBlock","TA","TA","No","LwQ",264,"Unf",0,308,572,"GasA","Ex","Y","FuseA",848,348,0,1196,0,1,1,1,3,1,"TA",6,"Typ",2,"Gd","Detchd",1973,"Unf",2,576,"TA","TA","Y",0,0,0,0,0,0,NA,NA,NA,0,3,2010,"WD","Normal",0,"Test"
"1547",1547,50,"RM",53,6360,"Pave",NA,"Reg","Lvl","AllPub","Corner","Gtl","BrkSide","Feedr","Norm","1Fam","1.5Fin","5","6",1942,1950,"Gable","CompShg","MetalSd","MetalSd","Stone",300,"TA","TA","CBlock","TA","TA","No","Rec",360,"LwQ",159,316,835,"GasA","TA","Y","FuseA",955,498,0,1453,0,0,1,1,3,1,"Gd",7,"Min2",2,"Fa","Detchd",1942,"Unf",1,240,"TA","TA","Y",0,0,35,0,148,0,NA,NA,NA,0,3,2010,"WD","Normal",0,"Test"
"1548",1548,50,"RM",50,6000,"Pave",NA,"Reg","Lvl","AllPub","Inside","Gtl","BrkSide","Norm","Norm","1Fam","1.5Fin","6","7",1948,1950,"Gable","CompShg","Wd Sdng","Wd Sdng","None",0,"TA","TA","CBlock","TA","TA","No","Rec",300,"Unf",0,480,780,"GasA","TA","Y","SBrkr",780,636,0,1416,0,0,1,1,3,1,"TA",6,"Typ",0,NA,"Detchd",1948,"Unf",1,312,"TA","TA","P",221,0,48,0,0,0,NA,NA,NA,0,3,2010,"WD","Normal",0,"Test"
"1549",1549,50,"RM",52,6240,"Pave",NA,"Reg","Lvl","AllPub","Inside","Gtl","BrkSide","Norm","Norm","1Fam","1.5Fin","5","7",1936,1980,"Gable","CompShg","VinylSd","VinylSd","None",0,"TA","TA","CBlock","TA","Fa","No","Rec",276,"Unf",0,252,528,"GasA","Gd","Y","SBrkr",548,492,0,1040,0,0,1,0,2,1,"TA",5,"Typ",0,NA,"Detchd",1979,"Fin",2,624,"TA","TA","P",306,0,32,0,0,0,NA,NA,NA,0,5,2010,"WD","Normal",0,"Test"
"1550",1550,50,"RM",52,6240,"Pave",NA,"Reg","Lvl","AllPub","Inside","Gtl","BrkSide","Norm","Norm","1Fam","1.5Fin","5","5",1930,1950,"Gable","CompShg","MetalSd","MetalSd","None",0,"TA","TA","BrkTil","TA","TA","No","LwQ",448,"Unf",0,480,928,"GasA","TA","Y","FuseF",928,608,0,1536,0,0,2,0,4,1,"TA",7,"Typ",1,"Gd","Detchd",1930,"Unf",2,480,"TA","TA","Y",0,10,0,0,0,0,NA,"MnPrv",NA,0,3,2010,"WD","Normal",0,"Test"
"1551",1551,30,"RM",51,6120,"Pave",NA,"Reg","Lvl","AllPub","Inside","Gtl","OldTown","Artery","Norm","1Fam","1Story","6","5",1923,1950,"Gable","CompShg","Wd Sdng","Wd Sdng","None",0,"TA","TA","BrkTil","Fa","Fa","No","ALQ",960,"Unf",0,164,1124,"GasA","TA","Y","SBrkr",1068,0,0,1068,1,0,1,0,2,1,"TA",5,"Typ",1,"Gd","Detchd",1923,"Unf",1,288,"TA","TA","Y",0,0,128,0,0,0,NA,NA,NA,0,3,2010,"WD","Normal",0,"Test"
"1552",1552,50,"RM",57,8094,"Pave","Grvl","Reg","Lvl","AllPub","Inside","Gtl","OldTown","Norm","Norm","1Fam","1.5Fin","4","5",1915,1950,"Gable","CompShg","MetalSd","MetalSd","None",0,"TA","Fa","CBlock","TA","TA","No","Unf",0,"Unf",0,888,888,"GasA","Ex","Y","SBrkr",888,1074,0,1962,0,0,1,1,4,1,"TA",9,"Typ",1,"TA","Detchd",1915,"Unf",2,572,"TA","TA","Y",160,0,364,0,0,0,NA,"GdPrv",NA,0,6,2010,"WD","Normal",0,"Test"
"1553",1553,70,"RM",60,12900,"Pave","Grvl","Reg","Lvl","AllPub","Inside","Gtl","OldTown","Norm","Norm","1Fam","2Story","6","8",1912,2009,"Gable","CompShg","Wd Sdng","Wd Sdng","None",0,"Gd","Gd","PConc","TA","TA","No","Unf",0,"Unf",0,780,780,"GasA","Ex","Y","SBrkr",780,780,0,1560,0,0,1,1,3,1,"Gd",7,"Typ",0,NA,NA,NA,NA,0,0,NA,NA,"N",344,0,0,0,168,0,NA,NA,NA,0,5,2010,"WD","Normal",0,"Test"
"1554",1554,70,"RM",52,3068,"Pave","Grvl","Reg","Lvl","AllPub","Inside","Gtl","OldTown","Norm","Norm","1Fam","2Story","6","8",1920,1993,"Gable","CompShg","VinylSd","VinylSd","None",0,"TA","Gd","BrkTil","TA","TA","No","Unf",0,"Unf",0,662,662,"GasA","Ex","Y","SBrkr",662,662,0,1324,0,1,1,0,3,1,"TA",6,"Typ",0,NA,"Detchd",1920,"Unf",1,180,"TA","TA","Y",0,0,112,0,0,0,NA,"GdPrv",NA,0,2,2010,"WD","Normal",0,"Test"
"1555",1555,20,"RL",100,15263,"Pave",NA,"IR1","Lvl","AllPub","Inside","Gtl","ClearCr","Feedr","Norm","1Fam","1Story","5","5",1959,1959,"Gable","CompShg","HdBoard","HdBoard","BrkFace",90,"TA","TA","CBlock","Gd","TA","No","Rec",766,"Unf",0,656,1422,"GasA","Gd","Y","SBrkr",1675,0,0,1675,0,0,2,0,3,1,"TA",8,"Typ",2,"Gd","Attchd",1959,"Unf",1,365,"TA","TA","Y",0,132,0,0,0,0,NA,NA,NA,0,5,2010,"WD","Normal",0,"Test"
"1556",1556,50,"RL",72,10632,"Pave",NA,"IR1","Lvl","AllPub","Inside","Gtl","ClearCr","Norm","Norm","1Fam","1.5Fin","5","3",1917,1950,"Gable","CompShg","Wd Sdng","Wd Sdng","None",0,"TA","TA","BrkTil","Gd","Fa","No","Unf",0,"Unf",0,689,689,"GasA","Gd","N","SBrkr",725,499,0,1224,0,0,1,1,3,1,NA,6,"Mod",0,NA,"Detchd",1917,"Unf",1,180,"Fa","Fa","N",0,0,248,0,0,0,NA,NA,NA,0,1,2010,"COD","Normal",0,"Test"
"1557",1557,190,"RL",60,9900,"Pave",NA,"Reg","Lvl","AllPub","Inside","Gtl","SWISU","Norm","Norm","2fmCon","1.5Fin","5","4",1915,1950,"Gable","CompShg","Wd Sdng","Wd Shng","None",0,"Fa","Fa","BrkTil","TA","TA","No","Rec",1026,"Unf",0,186,1212,"GasA","TA","N","SBrkr",1212,180,0,1392,1,0,1,0,3,1,"TA",6,"Typ",0,NA,NA,NA,NA,0,0,NA,NA,"N",0,0,168,0,0,0,NA,NA,NA,0,2,2010,"ConLD","Normal",0,"Test"
"1558",1558,50,"RL",65,6001,"Pave",NA,"IR1","Bnk","AllPub","Inside","Mod","SWISU","Norm","Norm","1Fam","1.5Fin","6","5",1940,1950,"Gable","CompShg","VinylSd","VinylSd","None",0,"TA","TA","CBlock","Fa","TA","No","LwQ",368,"Unf",0,232,600,"GasA","Ex","N","SBrkr",600,319,0,919,0,0,1,0,3,1,"TA",5,"Typ",0,NA,"Detchd",1940,"Unf",1,231,"TA","TA","Y",0,0,45,0,0,0,NA,"MnPrv",NA,0,3,2010,"WD","Normal",0,"Test"
"1559",1559,70,"C (all)",NA,6449,"Pave",NA,"IR1","Lvl","AllPub","Inside","Gtl","SWISU","Norm","Norm","1Fam","2Story","4","1",1907,1950,"Gambrel","CompShg","Wd Sdng","Stucco","None",0,"TA","TA","CBlock","TA","TA","No","Rec",73,"Unf",0,634,707,"GasW","TA","N","SBrkr",942,942,0,1884,0,0,1,1,4,1,"TA",7,"Typ",0,NA,NA,NA,NA,0,0,NA,NA,"N",0,0,239,0,0,0,NA,NA,NA,0,3,2010,"WD","Abnorml",0,"Test"
"1560",1560,190,"RH",60,6048,"Pave",NA,"Reg","Lvl","AllPub","Corner","Gtl","SWISU","Artery","Norm","2fmCon","1.5Fin","5","7",1910,1950,"Gable","CompShg","Wd Sdng","Wd Sdng","None",0,"TA","Gd","BrkTil","TA","TA","Mn","LwQ",736,"Unf",0,120,856,"GasA","Gd","Y","SBrkr",936,744,0,1680,1,0,2,0,2,2,"TA",7,"Typ",1,"Gd","Detchd",1910,"Unf",2,450,"TA","Fa","P",56,144,0,0,0,0,NA,NA,NA,0,6,2010,"COD","Normal",0,"Test"
"1561",1561,90,"RL",72,10773,"Pave",NA,"Reg","Lvl","AllPub","Inside","Gtl","Sawyer","Norm","Norm","Duplex","1Story","4","3",1967,1967,"Gable","Tar&Grv","Plywood","Plywood","BrkFace",72,"Fa","Fa","CBlock","TA","TA","No","ALQ",704,"Unf",0,1128,1832,"GasA","TA","N","SBrkr",1832,0,0,1832,2,0,2,0,4,2,"TA",8,"Typ",0,NA,NA,NA,NA,0,0,NA,NA,"Y",0,58,0,0,0,0,NA,NA,NA,0,5,2010,"WD","Normal",0,"Test"
"1562",1562,20,"RL",65,7800,"Pave",NA,"Reg","Lvl","AllPub","Inside","Gtl","Sawyer","Norm","Norm","1Fam","1Story","5","7",1966,2008,"Hip","CompShg","HdBoard","HdBoard","BrkFace",47,"TA","TA","CBlock","TA","TA","Mn","BLQ",240,"Rec",474,150,864,"GasA","Ex","Y","SBrkr",892,0,0,892,1,0,1,0,3,1,"Gd",5,"Typ",0,NA,"Detchd",1966,"Unf",1,416,"TA","TA","Y",0,0,0,0,0,0,NA,NA,NA,0,6,2010,"WD","Normal",0,"Test"
"1563",1563,20,"RL",65,7832,"Pave",NA,"Reg","Lvl","AllPub","Inside","Gtl","Sawyer","Norm","Norm","1Fam","1Story","5","5",1968,1968,"Hip","CompShg","HdBoard","HdBoard","None",0,"TA","TA","CBlock","TA","TA","No","GLQ",775,"Unf",0,89,864,"GasA","Ex","Y","SBrkr",864,0,0,864,1,0,1,0,2,1,"TA",4,"Typ",0,NA,"Detchd",1969,"Unf",1,280,"TA","TA","Y",226,0,0,0,0,0,NA,NA,NA,0,5,2010,"WD","Normal",0,"Test"
"1564",1564,90,"RL",NA,7424,"Pave",NA,"IR1","Lvl","AllPub","Inside","Gtl","Sawyer","Norm","Norm","Duplex","SFoyer","5","5",1978,1978,"Gable","CompShg","Plywood","Plywood","None",0,"TA","TA","CBlock","Gd","TA","Av","GLQ",1319,"Unf",0,0,1319,"GasA","TA","Y","SBrkr",1373,0,0,1373,1,0,1,0,3,1,"TA",5,"Typ",2,"TA","Attchd",1978,"Fin",2,591,"TA","TA","Y",0,0,0,0,0,0,NA,NA,NA,0,5,2010,"WD","Normal",0,"Test"
"1565",1565,60,"RL",86,11227,"Pave",NA,"Reg","Lvl","AllPub","Inside","Gtl","Sawyer","Norm","Norm","1Fam","2Story","5","5",1968,1968,"Gable","CompShg","HdBoard","HdBoard","None",0,"TA","Gd","CBlock","TA","Gd","No","Rec",267,"ALQ",453,0,720,"GasA","Ex","Y","SBrkr",720,720,0,1440,0,0,1,1,4,1,"TA",7,"Typ",2,"TA","Attchd",1968,"Unf",2,480,"TA","TA","Y",192,38,0,0,0,0,NA,"MnPrv",NA,0,3,2010,"WD","Normal",0,"Test"
"1566",1566,20,"RL",NA,20062,"Pave",NA,"IR1","Low","AllPub","Inside","Mod","ClearCr","Norm","Norm","1Fam","1Story","7","7",1977,2001,"Hip","CompShg","Wd Sdng","Wd Sdng","None",0,"Gd","Gd","CBlock","Gd","TA","Gd","ALQ",1092,"Unf",0,328,1420,"GasA","Gd","Y","SBrkr",1483,0,0,1483,1,0,1,1,1,1,"TA",4,"Typ",2,"TA","Attchd",1977,"RFn",2,690,"TA","TA","Y",496,0,0,0,0,0,NA,NA,NA,0,4,2010,"WD","Normal",0,"Test"
"1567",1567,30,"RL",94,9259,"Pave",NA,"Reg","Lvl","AllPub","Corner","Gtl","Sawyer","Feedr","Norm","1Fam","1Story","4","4",1927,1950,"Gable","CompShg","Wd Sdng","Wd Sdng","None",0,"TA","TA","BrkTil","Fa","TA","No","Unf",0,"Unf",0,660,660,"GasA","TA","N","SBrkr",756,0,0,756,0,0,1,0,2,1,"TA",4,"Typ",0,NA,"Detchd",1945,"Unf",2,440,"TA","TA","N",80,0,0,0,0,0,NA,NA,NA,0,6,2010,"WD","Normal",0,"Test"
"1568",1568,60,"RL",NA,17082,"Pave",NA,"IR1","Low","AllPub","CulDSac","Mod","ClearCr","Norm","Norm","1Fam","2Story","6","5",1978,1992,"Gable","CompShg","VinylSd","VinylSd","BrkFace",288,"TA","TA","PConc","Gd","TA","Av","ALQ",964,"Unf",0,153,1117,"GasA","Ex","Y","SBrkr",1117,864,0,1981,1,0,2,1,4,1,"Gd",8,"Typ",1,"TA","Attchd",1978,"Fin",2,522,"TA","TA","Y",336,104,0,0,0,0,NA,NA,NA,0,5,2010,"WD","Normal",0,"Test"
"1569",1569,50,"RL",124,18600,"Pave",NA,"Reg","Lvl","AllPub","Inside","Gtl","Edwards","Norm","Norm","1Fam","1.5Fin","3","4",1938,1990,"Gable","CompShg","Wd Sdng","Wd Sdng","None",0,"TA","TA","CBlock","TA","TA","Mn","BLQ",288,"LwQ",684,0,972,"GasA","TA","Y","FuseA",1052,558,0,1610,0,1,2,0,4,1,"Fa",8,"Typ",1,"Gd","Attchd",1938,"RFn",1,480,"TA","TA","Y",0,0,60,0,0,0,NA,NA,"Shed",450,6,2010,"WD","Normal",0,"Test"
"1570",1570,20,"RL",65,11479,"Pave",NA,"Reg","Lvl","AllPub","Inside","Gtl","Edwards","Norm","Norm","1Fam","1Story","6","7",1950,1987,"Gable","CompShg","Wd Sdng","Plywood","None",0,"TA","TA","CBlock","TA","TA","No","GLQ",104,"Rec",387,172,663,"GasA","Ex","Y","SBrkr",1074,0,0,1074,1,0,1,0,3,1,"Gd",6,"Typ",1,"TA","Attchd",1987,"Unf",1,467,"TA","TA","Y",0,52,52,0,0,0,NA,"MnPrv",NA,0,6,2010,"WD","Normal",0,"Test"
"1571",1571,50,"RL",50,9350,"Pave",NA,"Reg","Bnk","AllPub","Inside","Gtl","Edwards","Norm","Norm","1Fam","1.5Fin","4","6",1947,1979,"Gable","CompShg","WdShing","Wd Shng","None",0,"TA","TA","CBlock","TA","Fa","No","LwQ",192,"Unf",0,564,756,"GasA","Ex","Y","SBrkr",1169,0,362,1531,0,0,1,0,3,1,"TA",8,"Typ",1,"TA","Detchd",1947,"Unf",1,209,"Fa","TA","Y",0,0,0,0,0,0,NA,"MnPrv",NA,0,6,2010,"WD","Normal",0,"Test"
"1572",1572,20,"RL",75,9525,"Pave",NA,"Reg","Lvl","AllPub","Inside","Gtl","Edwards","Norm","Norm","1Fam","1Story","5","7",1954,1998,"Gable","CompShg","WdShing","Wd Shng","None",0,"TA","TA","CBlock","TA","TA","Av","BLQ",954,"Unf",0,218,1172,"GasA","TA","Y","SBrkr",1172,0,0,1172,1,0,1,0,3,1,"TA",5,"Typ",0,NA,"Attchd",1954,"Fin",1,366,"TA","TA","Y",240,0,0,0,0,0,NA,NA,NA,0,6,2010,"WD","Normal",0,"Test"
"1573",1573,20,"RL",44,17485,"Pave",NA,"IR2","Lvl","AllPub","Inside","Gtl","Edwards","Norm","Norm","1Fam","1Story","7","5",2009,2010,"Gable","CompShg","VinylSd","VinylSd","Stone",96,"Gd","TA","PConc","Gd","TA","Gd","GLQ",1346,"Unf",0,162,1508,"GasA","Ex","Y","SBrkr",1508,0,0,1508,1,0,1,0,1,1,"Gd",5,"Typ",2,"TA","Attchd",2009,"RFn",2,572,"TA","TA","Y",0,0,0,0,0,0,NA,NA,NA,0,1,2010,"Con","Partial",0,"Test"
"1574",1574,20,"RL",NA,11200,"Pave",NA,"IR1","Lvl","AllPub","CulDSac","Gtl","Edwards","Norm","Norm","1Fam","1Story","5","3",1964,1964,"Gable","CompShg","Wd Sdng","Wd Sdng","None",0,"TA","Fa","CBlock","TA","TA","Mn","Unf",0,"Unf",0,1250,1250,"GasA","Ex","Y","SBrkr",1298,0,0,1298,0,0,2,0,3,1,"TA",5,"Typ",0,NA,"Detchd",1964,"Unf",2,504,"TA","Fa","N",0,144,0,0,0,0,NA,NA,NA,0,6,2010,"COD","Normal",0,"Test"
"1575",1575,20,"RL",83,11980,"Pave",NA,"Reg","Low","AllPub","Inside","Mod","SawyerW","Norm","Norm","1Fam","1Story","7","5",1987,1987,"Gable","CompShg","Plywood","Plywood","BrkFace",177,"Gd","TA","CBlock","Gd","TA","Gd","GLQ",1433,"Unf",0,0,1433,"GasA","Ex","Y","SBrkr",1433,0,0,1433,1,0,1,1,1,1,"Gd",4,"Typ",2,"TA","Attchd",1987,"RFn",2,528,"Gd","Gd","Y",0,278,0,0,266,0,NA,"MnPrv",NA,0,6,2010,"WD","Normal",0,"Test"
"1576",1576,60,"RL",87,12361,"Pave",NA,"IR1","Lvl","AllPub","CulDSac","Gtl","SawyerW","Norm","Norm","1Fam","2Story","6","7",1993,1993,"Gable","CompShg","VinylSd","VinylSd","BrkFace",85,"Gd","Gd","PConc","Gd","TA","No","GLQ",860,"Unf",0,86,946,"GasA","Ex","Y","SBrkr",964,838,0,1802,0,1,2,1,3,1,"Gd",8,"Typ",1,"Gd","2Types",2000,"RFn",4,1017,"TA","TA","Y",450,92,0,0,0,0,NA,NA,NA,0,5,2010,"WD","Normal",0,"Test"
"1577",1577,20,"RL",64,7360,"Pave",NA,"Reg","Lvl","AllPub","Inside","Gtl","CollgCr","Norm","Norm","1Fam","1Story","7","5",2010,2010,"Gable","CompShg","VinylSd","VinylSd","Stone",80,"Gd","TA","PConc","Gd","TA","No","GLQ",24,"Unf",0,1198,1222,"GasA","Ex","Y","SBrkr",1222,0,0,1222,0,0,2,0,2,1,"Gd",6,"Typ",0,NA,"Attchd",2009,"RFn",2,615,"TA","TA","Y",0,54,0,0,0,0,NA,NA,NA,0,3,2010,"WD","Normal",0,"Test"
"1578",1578,50,"RL",82,14235,"Pave",NA,"IR1","Lvl","AllPub","Inside","Gtl","SawyerW","Norm","Norm","1Fam","1.5Fin","6","8",1900,1993,"Gable","CompShg","Wd Sdng","Plywood","None",0,"TA","TA","PConc","Fa","Gd","No","Unf",0,"Unf",0,676,676,"GasA","TA","Y","SBrkr",831,614,0,1445,0,0,2,0,3,1,"TA",6,"Typ",0,NA,"Detchd",1957,"Unf",2,484,"TA","TA","N",0,59,0,0,0,0,NA,NA,NA,0,3,2010,"WD","Normal",0,"Test"
"1579",1579,85,"RL",82,11105,"Pave",NA,"Reg","Lvl","AllPub","Corner","Gtl","CollgCr","Norm","Norm","1Fam","SFoyer","5","5",1996,1996,"Gable","CompShg","VinylSd","VinylSd","None",0,"TA","Gd","PConc","Gd","Fa","Av","GLQ",870,"Unf",0,0,870,"GasA","Gd","Y","SBrkr",965,0,0,965,1,0,1,0,2,1,"TA",4,"Typ",0,NA,"Attchd",1998,"Unf",2,580,"Gd","TA","Y",71,0,0,0,0,0,NA,"GdPrv",NA,0,7,2010,"WD","Normal",0,"Test"
"1580",1580,60,"RL",NA,9337,"Pave",NA,"IR1","Lvl","AllPub","Inside","Gtl","CollgCr","Norm","Norm","1Fam","2Story","7","5",1997,1998,"Gable","CompShg","VinylSd","VinylSd","None",0,"TA","TA","PConc","Gd","TA","No","ALQ",353,"Unf",0,525,878,"GasA","Ex","Y","SBrkr",892,800,0,1692,0,0,2,1,3,1,"TA",8,"Typ",1,"TA","Attchd",1997,"RFn",2,513,"TA","TA","Y",0,39,0,0,0,0,NA,NA,NA,0,4,2010,"WD","Normal",0,"Test"
"1581",1581,20,"RL",38,15240,"Pave",NA,"IR1","Lvl","AllPub","FR2","Gtl","CollgCr","Norm","Norm","1Fam","1Story","5","8",1977,2004,"Gable","CompShg","CemntBd","CmentBd","None",0,"Gd","Gd","CBlock","Gd","TA","No","GLQ",198,"Rec",688,140,1026,"GasA","Ex","Y","SBrkr",1026,0,0,1026,1,0,1,1,3,1,"TA",5,"Typ",0,NA,"Attchd",1977,"Unf",1,308,"TA","TA","Y",316,85,0,0,0,0,NA,"MnPrv",NA,0,6,2010,"WD","Normal",0,"Test"
"1582",1582,20,"RL",68,7480,"Pave",NA,"Reg","Lvl","AllPub","Inside","Gtl","CollgCr","Norm","Norm","1Fam","1Story","5","6",1972,1972,"Gable","CompShg","Wd Sdng","Wd Sdng","None",0,"TA","TA","CBlock","TA","TA","Av","ALQ",480,"Unf",0,396,876,"GasA","TA","Y","SBrkr",876,0,0,876,1,0,1,0,3,1,"TA",5,"Typ",0,NA,"Detchd",1977,"Unf",2,484,"TA","TA","Y",0,0,0,0,0,0,NA,"MnPrv",NA,0,6,2010,"WD","Normal",0,"Test"
"1583",1583,20,"RL",80,10389,"Pave",NA,"Reg","Lvl","AllPub","Inside","Gtl","CollgCr","Norm","Norm","1Fam","1Story","8","5",2003,2003,"Hip","CompShg","CemntBd","CmentBd","BrkFace",320,"Gd","TA","PConc","Gd","TA","No","GLQ",1682,"Unf",0,296,1978,"GasA","Ex","Y","SBrkr",1978,0,0,1978,1,0,2,1,3,1,"Gd",8,"Typ",1,"Gd","Attchd",2003,"RFn",3,850,"TA","TA","Y",188,25,0,0,0,0,NA,NA,NA,0,5,2010,"WD","Normal",0,"Test"
"1584",1584,60,"RL",75,9375,"Pave",NA,"Reg","Lvl","AllPub","Inside","Gtl","CollgCr","Norm","Norm","1Fam","2Story","7","5",1997,1997,"Gable","CompShg","VinylSd","VinylSd","None",0,"Gd","TA","PConc","Gd","TA","No","Unf",0,"Unf",0,1040,1040,"GasA","Ex","Y","SBrkr",1044,1054,0,2098,0,0,2,1,4,1,"Gd",9,"Typ",1,"TA","Attchd",1997,"Fin",2,621,"TA","TA","Y",331,38,0,0,0,0,NA,NA,NA,0,4,2010,"WD","Normal",0,"Test"
"1585",1585,120,"RM",NA,4435,"Pave",NA,"Reg","Lvl","AllPub","Inside","Gtl","CollgCr","Norm","Norm","TwnhsE","1Story","6","5",2003,2003,"Gable","CompShg","VinylSd","VinylSd","BrkFace",170,"Gd","TA","PConc","Gd","TA","Av","GLQ",672,"Unf",0,176,848,"GasA","Ex","Y","SBrkr",848,0,0,848,1,0,1,0,1,1,"Gd",4,"Typ",0,NA,"Attchd",2003,"Fin",2,420,"TA","TA","Y",140,0,0,0,0,0,NA,NA,NA,0,4,2010,"WD","Normal",0,"Test"
"1586",1586,30,"RL",67,8777,"Pave",NA,"Reg","Lvl","AllPub","Inside","Mod","Edwards","Feedr","Norm","1Fam","1Story","3","6",1945,2007,"Gable","CompShg","VinylSd","VinylSd","None",0,"TA","Gd","CBlock",NA,NA,NA,NA,0,NA,0,0,0,"GasA","TA","N","SBrkr",640,0,0,640,0,0,1,0,2,1,"TA",5,"Min1",0,NA,"Detchd",1945,"Unf",1,240,"TA","TA","N",0,0,0,0,0,0,NA,NA,NA,0,4,2010,"ConLD","Normal",0,"Test"
"1587",1587,20,"RL",68,8842,"Pave",NA,"Reg","Lvl","AllPub","Corner","Gtl","Edwards","Norm","Norm","1Fam","1Story","5","6",1954,1954,"Gable","CompShg","VinylSd","VinylSd","None",0,"TA","Gd","CBlock","Fa","TA","No","Unf",0,"Unf",0,381,381,"GasA","Ex","Y","SBrkr",992,0,0,992,0,0,1,0,3,1,"TA",6,"Typ",0,NA,"Detchd",1954,"Unf",1,319,"TA","TA","Y",60,0,56,0,0,0,NA,"MnPrv",NA,0,1,2010,"Oth","Abnorml",0,"Test"
"1588",1588,20,"RL",60,10044,"Pave",NA,"IR1","Low","AllPub","CulDSac","Gtl","Edwards","Norm","Norm","1Fam","1Story","5","6",1968,1968,"Gable","CompShg","MetalSd","MetalSd","None",0,"TA","TA","CBlock","Gd","TA","Gd","ALQ",1070,"Unf",0,126,1196,"GasA","TA","Y","SBrkr",1196,0,0,1196,1,0,1,0,3,1,"TA",6,"Typ",0,NA,"Attchd",1968,"RFn",1,336,"TA","TA","Y",257,0,168,0,0,0,NA,"MnPrv",NA,0,6,2010,"WD","Normal",0,"Test"
"1589",1589,50,"RL",89,11792,"Pave",NA,"Reg","Lvl","AllPub","Inside","Gtl","Edwards","Norm","Norm","1Fam","1.5Fin","4","5",1948,1950,"Gable","CompShg","VinylSd","VinylSd","None",0,"TA","TA","CBlock","TA","TA","No","Unf",0,"Unf",0,744,744,"GasA","Ex","N","FuseF",792,328,0,1120,0,0,1,0,2,1,"Fa",5,"Typ",0,NA,"Detchd",1956,"Unf",2,480,"TA","Fa","P",0,0,0,0,160,0,NA,NA,NA,0,6,2010,"WD","Abnorml",0,"Test"
"1590",1590,80,"RL",65,6305,"Pave",NA,"Reg","Lvl","AllPub","Inside","Gtl","Edwards","Norm","Norm","1Fam","SLvl","6","6",1975,1975,"Gable","CompShg","Plywood","Plywood","None",0,"TA","TA","CBlock","TA","TA","Av","ALQ",528,"Unf",0,480,1008,"GasA","TA","Y","SBrkr",1096,0,0,1096,1,0,1,0,3,1,"TA",5,"Typ",1,"Fa","Detchd",1975,"Unf",1,352,"TA","TA","Y",0,0,0,0,0,0,NA,NA,NA,0,6,2010,"WD","Normal",0,"Test"
"1591",1591,20,"RL",64,6410,"Pave",NA,"Reg","HLS","AllPub","Inside","Gtl","Edwards","Norm","Norm","1Fam","1Story","4","5",1958,1958,"Hip","CompShg","WdShing","Wd Shng","None",0,"TA","TA","CBlock","TA","TA","No","Unf",0,"Unf",0,960,960,"GasA","Ex","Y","SBrkr",960,0,0,960,0,0,1,0,3,1,"TA",5,"Typ",0,NA,NA,NA,NA,0,0,NA,NA,"Y",0,0,0,0,0,0,NA,"MnPrv",NA,0,5,2010,"WD","Normal",0,"Test"
"1592",1592,30,"RL",67,4853,"Pave",NA,"Reg","Bnk","AllPub","Inside","Gtl","SWISU","Artery","Norm","1Fam","1Story","5","6",1924,1999,"Gable","CompShg","MetalSd","VinylSd","BrkFace",203,"TA","TA","BrkTil","TA","TA","Mn","Rec",133,"Unf",0,974,1107,"GasA","Fa","N","FuseA",1296,0,0,1296,0,0,2,0,2,1,"Fa",5,"Typ",1,"Gd","Detchd",1979,"Unf",1,260,"TA","TA","Y",0,0,36,0,0,0,NA,"MnPrv",NA,0,5,2010,"WD","Normal",0,"Test"
"1593",1593,30,"RL",NA,7890,"Pave",NA,"Reg","Lvl","AllPub","Corner","Gtl","SWISU","Norm","Norm","1Fam","1Story","6","6",1939,1950,"Gable","CompShg","Wd Sdng","Wd Sdng","None",0,"TA","TA","CBlock","TA","TA","No","Rec",238,"Unf",0,618,856,"GasA","TA","Y","SBrkr",856,0,0,856,1,0,1,0,2,1,"TA",4,"Typ",1,"Gd","Detchd",1939,"Unf",2,399,"TA","TA","Y",0,0,0,0,166,0,NA,NA,NA,0,3,2010,"WD","Normal",0,"Test"
"1594",1594,90,"RH",60,7200,"Pave","Pave","Reg","Lvl","AllPub","Inside","Gtl","SWISU","Norm","Norm","Duplex","2Story","4","6",1967,1967,"Flat","Tar&Grv","Plywood","CBlock","None",0,"TA","TA","Slab",NA,NA,NA,NA,0,NA,0,0,0,"GasA","TA","Y","SBrkr",862,1788,0,2650,0,0,3,0,6,2,"TA",10,"Min2",0,NA,NA,NA,NA,0,0,NA,NA,"Y",0,0,0,0,0,0,NA,NA,"Shed",500,2,2010,"WD","Normal",0,"Test"
"1595",1595,50,"RL",51,9839,"Pave",NA,"Reg","Lvl","AllPub","Inside","Gtl","SWISU","Feedr","Norm","1Fam","1.5Fin","5","2",1931,1950,"Gable","CompShg","VinylSd","VinylSd","None",0,"TA","TA","PConc","TA","Fa","No","Unf",0,"Unf",0,894,894,"GasA","Ex","Y","SBrkr",894,772,0,1666,1,0,1,0,3,1,"TA",7,"Typ",1,"Gd",NA,NA,NA,0,0,NA,NA,"N",0,156,0,0,0,0,NA,NA,NA,0,5,2010,"WD","Normal",0,"Test"
"1596",1596,50,"RL",78,10452,"Pave",NA,"IR1","Lvl","AllPub","Inside","Gtl","Crawfor","Norm","Norm","1Fam","1.5Fin","7","6",1941,1985,"Gable","CompShg","Wd Sdng","Wd Sdng","BrkFace",371,"Gd","Gd","BrkTil","Gd","TA","No","ALQ",426,"BLQ",252,850,1528,"GasA","Ex","Y","SBrkr",1225,908,0,2133,1,0,1,1,4,1,"TA",8,"Typ",2,"TA","Attchd",1941,"Unf",1,312,"TA","TA","Y",0,0,86,0,0,0,NA,NA,NA,0,7,2010,"WD","Normal",0,"Test"
"1597",1597,90,"RL",78,15600,"Pave",NA,"Reg","Lvl","AllPub","Inside","Gtl","Crawfor","Norm","Norm","Duplex","2Story","5","6",1950,1991,"Gable","CompShg","VinylSd","VinylSd","BrkFace",430,"TA","Gd","CBlock","TA","TA","No","ALQ",375,"Unf",0,657,1032,"GasA","Ex","Y","SBrkr",1102,1075,0,2177,0,0,2,1,5,2,"TA",11,"Typ",0,NA,"Detchd",1950,"Unf",2,484,"TA","TA","Y",0,0,0,0,0,0,NA,NA,NA,0,3,2010,"WD","Normal",0,"Test"
"1598",1598,80,"RL",85,19645,"Pave",NA,"IR1","Lvl","AllPub","FR2","Gtl","Crawfor","Norm","Norm","1Fam","SLvl","7","6",1994,2007,"Gable","CompShg","VinylSd","VinylSd","BrkFace",44,"TA","TA","PConc","Gd","TA","No","GLQ",343,"Unf",0,80,423,"GasA","Ex","Y","SBrkr",896,756,0,1652,1,0,2,1,3,1,"Gd",6,"Typ",0,NA,"BuiltIn",1994,"RFn",2,473,"TA","TA","Y",0,0,0,0,0,0,NA,NA,NA,0,6,2010,"WD","Normal",0,"Test"
"1599",1599,120,"RM",35,3907,"Pave",NA,"IR1","HLS","AllPub","Inside","Mod","Blueste","Norm","Norm","TwnhsE","1Story","8","6",1989,1989,"Gable","CompShg","HdBoard","HdBoard","None",0,"Gd","TA","CBlock","Gd","TA","Gd","GLQ",747,"Unf",0,235,982,"GasA","Gd","Y","SBrkr",1034,0,0,1034,1,0,1,0,1,1,"Gd",4,"Typ",1,"TA","Attchd",1989,"Fin",2,598,"TA","TA","Y",141,36,0,0,0,0,NA,NA,NA,0,4,2010,"WD","Normal",0,"Test"
"1600",1600,120,"RM",35,3907,"Pave",NA,"IR1","HLS","AllPub","Inside","Mod","Blueste","Norm","Norm","TwnhsE","1Story","8","5",1989,1989,"Gable","CompShg","HdBoard","HdBoard","None",0,"Gd","TA","CBlock","Gd","TA","Av","GLQ",76,"Unf",0,1115,1191,"GasA","Gd","Y","SBrkr",1191,0,0,1191,0,0,2,0,2,1,"Gd",5,"Typ",1,"TA","Attchd",1989,"Unf",2,531,"TA","TA","Y",112,81,0,0,0,0,NA,NA,NA,0,3,2010,"WD","Normal",0,"Test"
"1601",1601,30,"RM",58,8154,"Pave",NA,"Reg","Lvl","AllPub","Inside","Gtl","IDOTRR","Norm","Norm","1Fam","1Story","2","5",1941,1950,"Gable","CompShg","Wd Sdng","Wd Sdng","None",0,"TA","TA","BrkTil","TA","TA","No","BLQ",480,"Unf",0,0,480,"GasA","TA","Y","SBrkr",540,0,0,540,0,0,1,0,1,1,"TA",4,"Typ",0,NA,"Detchd",1951,"Unf",1,200,"Fa","Fa","N",0,0,0,0,0,0,NA,NA,NA,0,4,2010,"ConLw","Normal",0,"Test"
"1602",1602,50,"RM",50,9140,"Pave",NA,"Reg","HLS","AllPub","Inside","Gtl","IDOTRR","Norm","Norm","1Fam","1.5Fin","6","5",1921,1975,"Gable","CompShg","Wd Sdng","Wd Sdng","None",0,"TA","TA","BrkTil","TA","TA","Mn","BLQ",308,"Unf",0,321,629,"GasA","Fa","Y","SBrkr",727,380,0,1107,0,0,1,0,2,1,"TA",5,"Typ",0,NA,"Detchd",1950,"Unf",1,625,"TA","TA","Y",0,56,0,0,200,0,NA,"MnPrv",NA,0,4,2010,"COD","Normal",0,"Test"
"1603",1603,30,"C (all)",66,8712,"Grvl",NA,"Reg","Lvl","AllPub","Corner","Gtl","IDOTRR","Norm","Norm","1Fam","1Story","4","7",1896,1950,"Hip","CompShg","Wd Sdng","Wd Sdng","None",0,"Fa","Fa","CBlock","TA","TA","No","Unf",0,"Unf",0,756,756,"GasA","Gd","Y","SBrkr",952,0,0,952,0,0,1,0,3,1,"TA",5,"Typ",0,NA,"Detchd",1896,"RFn",1,330,"TA","TA","N",0,0,265,0,0,0,NA,NA,NA,0,6,2010,"WD","Alloca",0,"Test"
"1604",1604,120,"RM",44,3811,"Pave",NA,"IR1","HLS","AllPub","Corner","Mod","Crawfor","Artery","Norm","TwnhsE","1Story","8","5",2004,2005,"Hip","CompShg","CemntBd","CmentBd","Stone",186,"Gd","TA","PConc","Ex","TA","Gd","GLQ",1373,"Unf",0,221,1594,"GasA","Ex","Y","SBrkr",1646,0,0,1646,1,1,2,0,2,1,"Gd",5,"Typ",1,"Gd","Attchd",2004,"Fin",2,525,"TA","TA","Y",128,53,0,0,155,0,NA,NA,NA,0,5,2010,"WD","Normal",0,"Test"
"1605",1605,60,"RL",85,11050,"Pave",NA,"Reg","Lvl","AllPub","Inside","Gtl","Mitchel","Norm","Norm","1Fam","2Story","8","5",1998,1999,"Gable","CompShg","VinylSd","VinylSd","None",0,"Gd","TA","PConc","Gd","TA","No","GLQ",615,"Unf",0,434,1049,"GasA","Ex","Y","SBrkr",1036,880,0,1916,1,0,2,1,3,1,"Gd",8,"Typ",1,"TA","Attchd",1998,"Unf",3,741,"TA","TA","Y",0,70,0,0,0,0,NA,NA,NA,0,5,2010,"WD","Normal",0,"Test"
"1606",1606,80,"RL",74,9620,"Pave",NA,"Reg","Lvl","AllPub","Inside","Gtl","Mitchel","Norm","Norm","1Fam","SLvl","6","7",1977,1977,"Gable","CompShg","Plywood","Plywood","None",0,"TA","TA","CBlock","TA","TA","No","ALQ",679,"Unf",0,564,1243,"GasA","TA","Y","SBrkr",1285,0,0,1285,0,1,2,0,3,1,"Gd",6,"Typ",1,"Fa","Attchd",1977,"Unf",2,473,"TA","TA","Y",375,26,0,0,0,0,NA,"GdPrv","Shed",80,5,2010,"WD","Normal",0,"Test"
"1607",1607,90,"RL",NA,12760,"Pave",NA,"IR1","Lvl","AllPub","Inside","Gtl","Mitchel","Norm","Norm","Duplex","1Story","6","5",1976,1976,"Gable","CompShg","Plywood","Plywood","None",0,"TA","TA","CBlock","TA","TA","No","Unf",0,"Unf",0,1958,1958,"GasA","TA","Y","SBrkr",2048,0,0,2048,0,0,3,0,5,2,"TA",9,"Typ",0,NA,"2Types",1976,"Unf",2,776,"TA","TA","Y",0,0,0,0,0,0,NA,NA,NA,0,3,2010,"ConLD","Normal",0,"Test"
"1608",1608,20,"RL",88,11896,"Pave",NA,"IR1","Lvl","AllPub","Corner","Gtl","Timber","Norm","Norm","1Fam","1Story","7","5",2008,2008,"Gable","CompShg","VinylSd","VinylSd","Stone",60,"Gd","TA","PConc","Gd","TA","No","GLQ",78,"Unf",0,1258,1336,"GasA","Ex","Y","SBrkr",1346,0,0,1346,1,0,2,0,3,1,"Gd",6,"Typ",1,"TA","Attchd",2008,"Fin",3,660,"TA","TA","Y",100,48,0,0,0,0,NA,NA,NA,0,5,2010,"WD","Normal",0,"Test"
"1609",1609,20,"RL",73,9803,"Pave",NA,"Reg","Lvl","AllPub","Inside","Gtl","Timber","Norm","Norm","1Fam","1Story","7","5",2009,2010,"Gable","CompShg","VinylSd","VinylSd","None",0,"Gd","TA","PConc","Gd","TA","No","Unf",0,"Unf",0,1214,1214,"GasA","Ex","Y","SBrkr",1214,0,0,1214,0,0,2,0,2,1,"Gd",6,"Typ",0,NA,"Attchd",2010,"RFn",2,520,"TA","TA","Y",0,25,0,0,0,0,NA,NA,NA,0,1,2010,"New","Partial",0,"Test"
"1610",1610,60,"RL",73,9802,"Pave",NA,"Reg","Lvl","AllPub","Inside","Gtl","Timber","Norm","Norm","1Fam","2Story","5","5",2006,2007,"Gable","CompShg","VinylSd","VinylSd","None",0,"TA","TA","PConc","Gd","TA","No","Unf",0,"Unf",0,384,384,"GasA","Gd","Y","SBrkr",744,700,0,1444,0,0,2,1,3,1,"TA",7,"Typ",0,NA,"BuiltIn",2007,"Fin",2,400,"TA","TA","Y",100,0,0,0,0,0,NA,NA,NA,0,4,2010,"WD","Normal",0,"Test"
"1611",1611,20,"RL",85,15300,"Pave",NA,"Reg","Bnk","AllPub","Inside","Gtl","Mitchel","Norm","Norm","1Fam","1Story","5","5",1965,1977,"Hip","CompShg","Plywood","HdBoard","None",0,"TA","TA","CBlock","TA","TA","No","Rec",42,"Unf",0,1026,1068,"GasA","TA","Y","SBrkr",1264,0,0,1264,1,0,1,0,2,1,"TA",7,"Typ",1,"TA","Attchd",1965,"Unf",2,528,"TA","TA","Y",0,0,0,0,0,0,NA,NA,NA,0,6,2010,"WD","Normal",0,"Test"
"1612",1612,20,"RL",93,10114,"Pave",NA,"Reg","Lvl","AllPub","Inside","Gtl","Mitchel","Norm","Norm","1Fam","1Story","5","5",2004,2005,"Gable","CompShg","VinylSd","VinylSd","None",0,"TA","TA","PConc","Ex","TA","Av","Unf",0,"Unf",0,1430,1430,"GasA","Ex","Y","SBrkr",1430,0,0,1430,0,0,2,0,3,1,"Gd",7,"Typ",0,NA,"Attchd",2004,"RFn",2,624,"TA","TA","Y",0,0,0,0,0,0,NA,NA,NA,0,3,2010,"WD","Normal",0,"Test"
"1613",1613,20,"RL",NA,11875,"Pave",NA,"Reg","Lvl","AllPub","Inside","Gtl","Mitchel","Norm","Norm","1Fam","1Story","5","5",1999,1999,"Gable","CompShg","VinylSd","VinylSd","None",0,"TA","TA","PConc","Gd","TA","No","Unf",0,"Unf",0,1344,1344,"GasA","Ex","Y","SBrkr",1344,0,0,1344,0,0,2,0,3,1,"TA",7,"Typ",1,"Gd","Attchd",2001,"Unf",2,686,"TA","TA","Y",328,0,0,0,0,0,NA,NA,NA,0,6,2010,"WD","Normal",0,"Test"
"1614",1614,120,"RM",31,2394,"Pave",NA,"Reg","Low","AllPub","Inside","Mod","MeadowV","Norm","Norm","Twnhs","1Story","5","6",1973,1973,"Gable","CompShg","CemntBd","CmentBd","None",0,"TA","TA","CBlock","Gd","TA","Gd","GLQ",915,"Unf",0,30,945,"GasA","Ex","Y","SBrkr",945,0,0,945,1,1,1,0,2,1,"TA",5,"Typ",1,"Po","Attchd",1973,"RFn",1,253,"TA","TA","Y",174,0,56,0,108,0,NA,NA,NA,0,5,2010,"WD","Normal",0,"Test"
"1615",1615,160,"RM",21,1476,"Pave",NA,"Reg","Lvl","AllPub","Inside","Gtl","MeadowV","Norm","Norm","Twnhs","2Story","4","7",1970,1970,"Gable","CompShg","CemntBd","CmentBd","None",0,"TA","TA","CBlock","TA","TA","No","GLQ",176,"Unf",0,370,546,"GasA","Ex","Y","SBrkr",546,546,0,1092,0,0,1,1,3,1,"TA",5,"Typ",0,NA,NA,NA,NA,0,0,NA,NA,"Y",200,26,0,0,0,0,NA,NA,NA,0,3,2010,"WD","Normal",0,"Test"
"1616",1616,160,"RM",21,1900,"Pave",NA,"Reg","Lvl","AllPub","Inside","Gtl","MeadowV","Norm","Norm","TwnhsE","2Story","4","4",1970,1970,"Gable","CompShg","CemntBd","CmentBd","None",0,"TA","TA","CBlock","TA","TA","No","Unf",0,"Unf",0,546,546,"GasA","Ex","Y","SBrkr",546,546,0,1092,0,0,1,1,3,1,"TA",5,"Typ",0,NA,NA,NA,NA,0,0,NA,NA,"Y",0,0,0,0,0,0,NA,NA,NA,0,6,2010,"WD","Normal",0,"Test"
"1617",1617,160,"RM",21,1890,"Pave",NA,"Reg","Lvl","AllPub","Inside","Gtl","MeadowV","Norm","Norm","TwnhsE","2Story","4","6",1972,1972,"Gable","CompShg","CemntBd","CmentBd","None",0,"TA","TA","CBlock","TA","TA","No","Rec",294,"Unf",0,252,546,"GasA","TA","Y","SBrkr",546,546,0,1092,0,0,1,1,3,1,"TA",5,"Typ",0,NA,"Attchd",1972,"Unf",1,286,"TA","TA","Y",0,0,64,0,0,0,NA,NA,NA,0,6,2010,"WD","Normal",0,"Test"
"1618",1618,20,"RL",50,6953,"Pave",NA,"Reg","Lvl","AllPub","Inside","Gtl","Mitchel","Norm","Norm","1Fam","1Story","5","7",1971,2004,"Gable","CompShg","VinylSd","VinylSd","None",0,"TA","Gd","CBlock","TA","TA","No","ALQ",469,"Unf",0,395,864,"GasA","Ex","Y","SBrkr",874,0,0,874,0,0,1,0,3,1,"TA",5,"Typ",0,NA,"Detchd",1971,"Unf",1,352,"TA","TA","Y",0,0,0,0,0,0,NA,NA,NA,0,6,2010,"ConLD","Normal",0,"Test"
"1619",1619,20,"RL",76,12887,"Pave",NA,"Reg","Lvl","AllPub","Inside","Gtl","Mitchel","Norm","Norm","1Fam","1Story","5","7",1984,1984,"Gable","CompShg","VinylSd","VinylSd","None",0,"TA","TA","CBlock","Gd","TA","Mn","Rec",207,"GLQ",590,36,833,"GasA","TA","Y","SBrkr",833,0,0,833,1,0,1,0,2,1,"Gd",5,"Typ",0,NA,"Attchd",1984,"Unf",2,495,"TA","TA","Y",431,0,0,0,0,0,NA,"MnPrv",NA,0,4,2010,"WD","Normal",0,"Test"
"1620",1620,90,"RL",70,7700,"Pave",NA,"Reg","Lvl","AllPub","Inside","Gtl","Mitchel","Norm","Norm","Duplex","2Story","5","2",1985,1986,"Gable","CompShg","HdBoard","HdBoard","None",0,"TA","Po","PConc","TA","TA","No","Unf",0,"Unf",0,1216,1216,"GasA","Gd","Y","SBrkr",1216,1216,0,2432,0,0,4,2,4,2,"TA",10,"Typ",0,NA,"Attchd",1985,"Unf",2,616,"TA","Fa","Y",200,0,0,0,0,0,NA,NA,"Shed",600,2,2010,"WD","Normal",0,"Test"
"1621",1621,60,"RL",63,10475,"Pave",NA,"Reg","Lvl","AllPub","Inside","Gtl","Mitchel","Norm","Norm","1Fam","2Story","5","5",1991,1991,"Gable","CompShg","HdBoard","HdBoard","None",0,"TA","TA","PConc","Gd","TA","No","Rec",458,"Unf",0,166,624,"GasA","Gd","Y","SBrkr",624,650,0,1274,0,0,1,1,3,1,"TA",6,"Typ",0,NA,"Detchd",1993,"Unf",2,576,"TA","TA","Y",22,0,0,0,0,0,NA,"GdWo",NA,0,3,2010,"WD","Normal",0,"Test"
"1622",1622,50,"RL",68,10544,"Pave",NA,"IR1","Lvl","AllPub","Inside","Mod","Mitchel","Norm","Norm","1Fam","1.5Fin","5","5",1969,1969,"Gable","CompShg","HdBoard","HdBoard","None",0,"TA","TA","CBlock","TA","TA","Av","BLQ",476,"Unf",0,388,864,"GasA","TA","Y","SBrkr",864,615,0,1479,0,0,2,0,5,1,"TA",8,"Typ",0,NA,"Attchd",1969,"Fin",1,275,"TA","TA","Y",287,0,280,0,0,0,NA,NA,NA,0,4,2010,"WD","Normal",0,"Test"
"1623",1623,20,"RL",76,9892,"Pave",NA,"Reg","Lvl","AllPub","Inside","Mod","Mitchel","Norm","Norm","1Fam","1Story","8","5",1994,1995,"Hip","CompShg","VinylSd","VinylSd","None",0,"Gd","Gd","PConc","Gd","Gd","Gd","GLQ",1341,"LwQ",284,54,1679,"GasA","Ex","Y","SBrkr",1803,0,0,1803,1,1,2,1,3,1,"Gd",6,"Typ",2,"TA","Attchd",1994,"Unf",2,482,"TA","TA","Y",129,64,222,0,0,0,NA,"GdWo",NA,0,2,2010,"WD","Normal",0,"Test"
"1624",1624,60,"RL",74,12961,"Pave",NA,"Reg","Lvl","AllPub","Inside","Gtl","Mitchel","Norm","Norm","1Fam","2Story","6","5",1993,1994,"Gable","CompShg","VinylSd","VinylSd","None",0,"Gd","Gd","PConc","Gd","TA","Mn","GLQ",944,"Unf",0,208,1152,"GasA","Ex","Y","SBrkr",1152,645,0,1797,1,0,2,1,3,1,"Gd",7,"Typ",1,"Fa","Attchd",1993,"Fin",2,616,"TA","TA","Y",162,312,0,0,0,0,NA,NA,NA,0,3,2010,"WD","Normal",0,"Test"
"1625",1625,20,"RL",74,13008,"Pave",NA,"IR1","Lvl","AllPub","Inside","Gtl","NAmes","Norm","Norm","1Fam","1Story","6","5",1956,1956,"Gable","CompShg","MetalSd","MetalSd","None",0,"TA","TA","CBlock","Fa","Fa","No","Rec",564,"Unf",0,318,882,"GasA","TA","Y","SBrkr",882,0,0,882,0,0,1,0,2,1,"TA",5,"Typ",0,NA,"Attchd",1956,"Unf",1,502,"TA","TA","Y",0,0,0,0,0,0,NA,NA,NA,0,10,2009,"WD","Normal",0,"Test"
"1626",1626,20,"RL",85,10200,"Pave",NA,"Reg","Lvl","AllPub","Inside","Gtl","NAmes","Norm","Norm","1Fam","1Story","6","5",1974,1974,"Hip","CompShg","Plywood","Plywood","BrkFace",440,"TA","TA","CBlock","TA","TA","No","LwQ",844,"Unf",0,590,1434,"GasA","TA","Y","SBrkr",1434,0,0,1434,1,0,2,0,4,1,"TA",7,"Typ",1,"Gd","Attchd",1974,"RFn",2,528,"TA","TA","Y",80,21,0,0,0,0,NA,NA,NA,0,6,2009,"WD","Normal",0,"Test"
"1627",1627,60,"RL",88,10179,"Pave",NA,"IR1","Lvl","AllPub","Corner","Gtl","Gilbert","Norm","Norm","1Fam","2Story","6","5",1997,1997,"Gable","CompShg","VinylSd","VinylSd","None",0,"TA","TA","PConc","Gd","TA","No","ALQ",847,"Unf",0,98,945,"GasA","Ex","Y","SBrkr",945,663,0,1608,0,0,2,1,3,1,"TA",7,"Typ",1,"TA","Attchd",1997,"Fin",2,470,"TA","TA","Y",252,30,0,0,0,0,NA,NA,NA,0,7,2009,"WD","Normal",0,"Test"
"1628",1628,60,"RL",NA,11792,"Pave",NA,"IR1","Lvl","AllPub","Inside","Gtl","Gilbert","Norm","Norm","1Fam","2Story","8","5",2003,2003,"Gable","CompShg","VinylSd","VinylSd","BrkFace",188,"Gd","TA","PConc","Gd","TA","Gd","GLQ",850,"Unf",0,158,1008,"GasA","Ex","Y","SBrkr",1008,1275,0,2283,0,0,2,1,4,1,"Gd",9,"Typ",1,"Gd","BuiltIn",2003,"Fin",3,632,"TA","TA","Y",120,46,0,0,0,0,NA,NA,NA,0,8,2009,"WD","Normal",0,"Test"
"1629",1629,80,"RL",60,8400,"Pave",NA,"Reg","Lvl","AllPub","Inside","Gtl","Gilbert","Norm","Norm","1Fam","SLvl","7","5",1996,1997,"Gable","CompShg","HdBoard","HdBoard","BrkFace",32,"TA","TA","PConc","Gd","TA","No","GLQ",284,"Unf",0,100,384,"GasA","Gd","Y","SBrkr",958,670,0,1628,0,0,2,1,3,1,"TA",7,"Typ",1,"TA","BuiltIn",1996,"Fin",2,390,"TA","TA","Y",48,72,0,0,0,0,NA,NA,"Shed",490,6,2009,"WD","Normal",0,"Test"
"1630",1630,120,"RL",28,7296,"Pave",NA,"IR1","Lvl","AllPub","CulDSac","Gtl","StoneBr","Norm","Norm","TwnhsE","1Story","8","5",2004,2005,"Gable","CompShg","CemntBd","CmentBd","None",0,"Gd","TA","PConc","Ex","TA","Av","GLQ",1965,"Unf",0,243,2208,"GasA","Ex","Y","SBrkr",2522,0,0,2522,1,0,2,0,1,1,"Gd",8,"Typ",1,"Gd","Attchd",2004,"Fin",2,564,"TA","TA","Y",182,57,0,0,0,0,NA,NA,NA,0,11,2009,"WD","Normal",0,"Test"
"1631",1631,120,"RL",61,7380,"Pave",NA,"IR1","Lvl","AllPub","Corner","Gtl","StoneBr","Norm","Norm","1Fam","1Story","8","5",1998,1998,"Gable","CompShg","CemntBd","CmentBd","None",0,"TA","TA","PConc","Gd","TA","Av","GLQ",341,"Unf",0,1077,1418,"GasA","Ex","Y","SBrkr",1478,0,0,1478,1,0,2,0,2,1,"TA",5,"Typ",0,NA,"Attchd",1998,"Fin",2,495,"TA","TA","Y",168,43,0,0,0,0,NA,NA,NA,0,7,2009,"WD","Normal",0,"Test"
"1632",1632,120,"RL",57,8013,"Pave",NA,"IR1","Lvl","AllPub","Corner","Gtl","StoneBr","Norm","Norm","TwnhsE","1Story","8","5",1995,1996,"Gable","CompShg","CemntBd","CmentBd","None",0,"Gd","TA","PConc","Gd","TA","No","GLQ",741,"Unf",0,846,1587,"GasA","Ex","Y","SBrkr",1734,0,0,1734,1,0,2,0,2,1,"Gd",6,"Typ",0,NA,"Attchd",1995,"RFn",2,528,"TA","TA","Y",52,50,0,0,0,0,NA,NA,NA,0,9,2009,"WD","Normal",0,"Test"
"1633",1633,80,"RL",57,8923,"Pave",NA,"IR1","Lvl","AllPub","Inside","Gtl","Gilbert","Norm","Norm","1Fam","SLvl","7","5",1998,1998,"Gable","CompShg","VinylSd","VinylSd","None",0,"Gd","TA","PConc","Gd","TA","No","GLQ",189,"Unf",0,195,384,"GasA","Gd","Y","SBrkr",751,631,0,1382,0,0,2,1,3,1,"TA",7,"Typ",1,"TA","BuiltIn",1998,"Fin",2,396,"TA","TA","Y",256,0,0,0,0,0,NA,NA,NA,0,2,2009,"WD","Normal",0,"Test"
"1634",1634,60,"RL",60,7500,"Pave",NA,"Reg","Lvl","AllPub","Inside","Gtl","Gilbert","Norm","Norm","1Fam","2Story","6","5",1998,1999,"Gable","CompShg","VinylSd","VinylSd","None",0,"Gd","TA","PConc","Gd","TA","No","GLQ",476,"Unf",0,476,952,"GasA","Gd","Y","SBrkr",952,684,0,1636,1,0,2,1,3,1,"TA",7,"Typ",1,"TA","Attchd",1998,"Fin",2,440,"TA","TA","Y",0,84,0,0,0,0,NA,NA,NA,0,10,2009,"WD","Normal",0,"Test"
"1635",1635,60,"RL",NA,8803,"Pave",NA,"IR1","Lvl","AllPub","Inside","Gtl","Gilbert","Norm","Norm","1Fam","2Story","6","5",1994,1995,"Gable","CompShg","HdBoard","HdBoard","None",0,"TA","TA","PConc","Gd","TA","No","GLQ",600,"Unf",0,107,707,"GasA","Gd","Y","SBrkr",707,809,0,1516,1,0,2,1,3,1,"Gd",7,"Typ",1,"TA","Attchd",1994,"Fin",2,409,"TA","TA","Y",0,46,0,0,0,0,NA,NA,NA,0,7,2009,"WD","Normal",0,"Test"
"1636",1636,20,"RL",58,7250,"Pave",NA,"Reg","Lvl","AllPub","Inside","Gtl","Gilbert","Norm","Norm","1Fam","1Story","6","5",1993,1993,"Gable","CompShg","HdBoard","HdBoard","BrkFace",45,"TA","TA","PConc","Gd","TA","No","Unf",0,"Unf",0,1181,1181,"GasA","Ex","Y","SBrkr",1190,0,0,1190,0,0,2,0,3,1,"Gd",6,"Typ",1,"TA","Attchd",1993,"Unf",2,430,"TA","TA","Y",0,21,0,0,0,0,NA,NA,NA,0,11,2009,"WD","Normal",0,"Test"
"1637",1637,60,"RL",85,11900,"Pave",NA,"Reg","Lvl","AllPub","Inside","Gtl","Gilbert","Norm","Norm","1Fam","2Story","5","6",1977,1977,"Gable","CompShg","HdBoard","Wd Sdng","BrkFace",157,"TA","TA","PConc","Gd","TA","No","ALQ",400,"Unf",0,722,1122,"GasA","Ex","Y","SBrkr",946,988,0,1934,1,0,2,1,3,1,"TA",6,"Typ",1,"TA","Attchd",1977,"Unf",2,567,"TA","TA","P",0,176,0,0,200,0,NA,NA,NA,0,7,2009,"WD","Normal",0,"Test"
"1638",1638,60,"RL",NA,13250,"Pave",NA,"IR1","Lvl","AllPub","Inside","Gtl","NWAmes","RRNn","Norm","1Fam","2Story","7","6",1978,1978,"Gable","CompShg","HdBoard","HdBoard","BrkFace",256,"TA","TA","CBlock","Gd","TA","No","Unf",0,"Unf",0,832,832,"GasA","TA","Y","SBrkr",1154,896,0,2050,0,0,2,1,4,1,"Gd",8,"Typ",1,"TA","Attchd",1978,"RFn",2,529,"TA","TA","Y",192,192,0,0,0,0,NA,NA,NA,0,5,2009,"WD","Abnorml",0,"Test"
"1639",1639,20,"RL",80,10928,"Pave",NA,"Reg","Lvl","AllPub","Inside","Gtl","NWAmes","Norm","Norm","1Fam","1Story","6","6",1978,1986,"Gable","CompShg","VinylSd","VinylSd","BrkFace",101,"TA","TA","PConc","TA","TA","No","LwQ",363,"Unf",0,1064,1427,"GasA","TA","Y","SBrkr",1671,0,0,1671,0,0,2,0,3,1,"TA",7,"Typ",1,"TA","Attchd",1978,"RFn",2,484,"TA","TA","Y",252,55,0,0,0,0,NA,NA,NA,0,8,2009,"WD","Normal",0,"Test"
"1640",1640,60,"RL",NA,12388,"Pave",NA,"IR1","Lvl","AllPub","Inside","Gtl","NWAmes","Norm","Norm","1Fam","2Story","7","7",1980,1991,"Gable","CompShg","Plywood","Plywood","BrkFace",229,"TA","TA","CBlock","Gd","TA","No","ALQ",602,"Unf",0,441,1043,"GasA","TA","Y","SBrkr",1539,1134,0,2673,0,0,2,1,4,1,"Gd",9,"Typ",1,"TA","BuiltIn",1980,"RFn",2,441,"TA","TA","Y",178,84,0,0,0,0,NA,NA,NA,0,8,2009,"WD","Normal",0,"Test"
"1641",1641,20,"RL",80,11088,"Pave",NA,"Reg","Lvl","AllPub","Inside","Gtl","NWAmes","Norm","Norm","1Fam","1Story","6","5",1978,1998,"Gable","CompShg","HdBoard","HdBoard","BrkFace",144,"TA","TA","PConc","TA","TA","No","ALQ",832,"Unf",0,308,1140,"GasA","Gd","Y","SBrkr",1707,0,0,1707,0,0,2,0,3,1,"TA",7,"Typ",1,"TA","Attchd",1978,"Fin",2,479,"TA","TA","Y",0,0,0,0,0,0,NA,NA,NA,0,5,2009,"WD","Normal",0,"Test"
"1642",1642,60,"FV",70,7000,"Pave",NA,"Reg","Lvl","AllPub","Inside","Gtl","Somerst","Norm","Norm","1Fam","2Story","7","5",2003,2003,"Gable","CompShg","CemntBd","CmentBd","None",0,"Gd","TA","PConc","Gd","TA","Mn","GLQ",622,"Unf",0,304,926,"GasA","Ex","Y","SBrkr",1016,868,0,1884,1,0,2,1,3,1,"Ex",7,"Typ",1,"Ex","Attchd",2003,"RFn",2,581,"TA","TA","Y",0,35,0,0,0,0,NA,NA,NA,0,6,2009,"WD","Normal",0,"Test"
"1643",1643,60,"FV",NA,7500,"Pave",NA,"Reg","Lvl","AllPub","Inside","Gtl","Somerst","RRNn","Norm","1Fam","2Story","8","5",2000,2001,"Gable","CompShg","VinylSd","VinylSd","None",0,"Gd","TA","PConc","Gd","TA","No","Unf",0,"Unf",0,1058,1058,"GasA","Ex","Y","SBrkr",1058,816,0,1874,0,0,2,1,3,1,"Gd",7,"Typ",1,"TA","Attchd",2000,"Fin",2,588,"TA","TA","Y",0,134,0,0,0,0,NA,NA,NA,0,3,2009,"WD","Normal",0,"Test"
"1644",1644,60,"FV",NA,8470,"Pave",NA,"Reg","Lvl","AllPub","Corner","Gtl","Somerst","Norm","Norm","1Fam","2Story","8","5",2002,2002,"Gable","CompShg","VinylSd","VinylSd","None",0,"Gd","TA","PConc","Gd","TA","No","GLQ",225,"ALQ",276,471,972,"GasA","Ex","Y","SBrkr",972,839,0,1811,0,0,2,1,3,1,"Gd",7,"Typ",1,"Gd","Attchd",2002,"RFn",2,565,"TA","TA","Y",225,48,0,0,0,0,NA,NA,NA,0,10,2009,"WD","Normal",0,"Test"
"1645",1645,20,"RL",NA,9373,"Pave",NA,"IR1","Lvl","AllPub","CulDSac","Gtl","NWAmes","PosN","Norm","1Fam","1Story","5","7",1975,1975,"Gable","CompShg","HdBoard","HdBoard","BrkFace",161,"TA","TA","CBlock","Gd","TA","Av","ALQ",1333,"LwQ",168,120,1621,"GasA","TA","Y","SBrkr",1621,0,0,1621,1,0,2,0,3,1,"TA",7,"Typ",2,"Fa","Attchd",1975,"RFn",2,478,"TA","TA","Y",0,0,0,0,490,0,NA,NA,NA,0,6,2009,"WD","Normal",0,"Test"
"1646",1646,20,"RL",78,10140,"Pave",NA,"Reg","Lvl","AllPub","Inside","Gtl","NWAmes","Norm","Norm","1Fam","1Story","6","6",1974,1974,"Hip","CompShg","Plywood","Plywood","BrkFace",196,"TA","TA","CBlock","TA","TA","No","ALQ",888,"Unf",0,228,1116,"GasA","Ex","Y","SBrkr",1116,0,0,1116,1,0,2,0,3,1,"TA",6,"Typ",1,"TA","Attchd",1974,"RFn",2,528,"TA","TA","Y",0,0,0,0,0,0,NA,"GdWo",NA,0,4,2009,"WD","Normal",0,"Test"
"1647",1647,20,"RL",85,11050,"Pave",NA,"IR1","Lvl","AllPub","Corner","Gtl","NWAmes","Norm","Norm","1Fam","1Story","7","5",1975,1975,"Gable","CompShg","Plywood","Plywood","None",0,"TA","TA","CBlock","TA","TA","No","ALQ",636,"Unf",0,540,1176,"GasA","Fa","Y","SBrkr",1193,0,0,1193,0,0,2,0,3,1,"TA",5,"Typ",1,"TA","Attchd",1975,"Unf",2,506,"TA","TA","Y",40,0,0,0,0,0,NA,NA,NA,0,8,2009,"WD","Normal",0,"Test"
"1648",1648,20,"RL",NA,7830,"Pave",NA,"IR1","Lvl","AllPub","Inside","Gtl","NAmes","Norm","Norm","1Fam","1Story","5","5",1970,1970,"Gable","CompShg","HdBoard","HdBoard","None",0,"TA","TA","CBlock","TA","TA","No","Unf",0,"Unf",0,1180,1180,"GasA","TA","Y","SBrkr",1180,0,0,1180,0,0,1,1,2,1,"TA",6,"Typ",0,NA,"Attchd",1970,"RFn",2,477,"TA","TA","Y",0,45,0,0,0,0,NA,NA,NA,0,3,2009,"COD","Normal",0,"Test"
"1649",1649,20,"RL",NA,8510,"Pave",NA,"IR1","Lvl","AllPub","Inside","Gtl","NAmes","Norm","Norm","1Fam","1Story","5","7",1971,1971,"Gable","CompShg","Plywood","Plywood","BrkFace",178,"TA","TA","CBlock","Gd","TA","No","ALQ",500,"Unf",0,543,1043,"GasA","Ex","Y","SBrkr",1050,0,0,1050,1,0,1,1,3,1,"TA",6,"Typ",0,NA,"Attchd",1971,"Unf",1,336,"TA","TA","Y",0,0,0,0,0,0,NA,NA,NA,0,7,2009,"WD","Normal",0,"Test"
"1650",1650,20,"RL",60,7038,"Pave",NA,"Reg","Lvl","AllPub","Inside","Gtl","NAmes","Norm","Norm","1Fam","1Story","4","6",1970,1970,"Gable","CompShg","VinylSd","VinylSd","None",0,"TA","TA","CBlock","TA","TA","No","ALQ",726,"Unf",0,138,864,"GasA","TA","Y","SBrkr",864,0,0,864,1,0,1,0,3,1,"TA",5,"Typ",0,NA,"Detchd",2001,"Unf",2,576,"TA","TA","Y",210,0,0,0,0,0,NA,"GdPrv",NA,0,9,2009,"WD","Abnorml",0,"Test"
"1651",1651,20,"RL",60,9000,"Pave",NA,"Reg","Lvl","AllPub","FR2","Gtl","NAmes","Norm","Norm","1Fam","1Story","4","7",1971,2006,"Gable","CompShg","VinylSd","VinylSd","None",0,"TA","Gd","CBlock","TA","TA","No","ALQ",240,"Unf",0,624,864,"GasA","Gd","Y","SBrkr",864,0,0,864,0,0,1,0,3,1,"TA",5,"Typ",0,NA,"Detchd",1986,"Unf",2,576,"TA","TA","Y",200,0,0,0,0,0,NA,"GdWo",NA,0,7,2009,"WD","Normal",0,"Test"
"1652",1652,160,"RM",21,1680,"Pave",NA,"Reg","Lvl","AllPub","Inside","Gtl","BrDale","Norm","Norm","Twnhs","2Story","6","5",1973,1973,"Gable","CompShg","HdBoard","HdBoard","BrkFace",504,"TA","TA","CBlock","TA","TA","No","BLQ",254,"Unf",0,229,483,"GasA","TA","Y","SBrkr",483,504,0,987,1,0,1,1,2,1,"TA",5,"Typ",0,NA,"Detchd",1973,"Unf",1,264,"TA","TA","Y",0,0,0,0,0,0,NA,NA,NA,0,7,2009,"WD","Normal",0,"Test"
"1653",1653,160,"RM",21,1680,"Pave",NA,"Reg","Lvl","AllPub","Inside","Gtl","BrDale","Norm","Norm","Twnhs","2Story","6","6",1972,1972,"Gable","CompShg","HdBoard","HdBoard","BrkFace",425,"TA","TA","CBlock","TA","TA","No","Rec",110,"LwQ",294,79,483,"GasA","TA","Y","SBrkr",483,504,0,987,1,0,1,1,2,1,"TA",5,"Typ",0,NA,"Detchd",1972,"Unf",1,288,"TA","TA","Y",0,0,0,0,0,0,NA,NA,NA,0,7,2009,"WD","Normal",0,"Test"
"1654",1654,160,"RL",24,2308,"Pave",NA,"Reg","Lvl","AllPub","FR2","Gtl","NPkVill","Norm","Norm","TwnhsE","2Story","6","5",1976,1976,"Gable","CompShg","Plywood","Brk Cmn","None",0,"TA","TA","CBlock","Gd","TA","No","ALQ",306,"Unf",0,498,804,"GasA","TA","Y","SBrkr",804,744,0,1548,0,0,2,1,3,1,"TA",7,"Typ",1,"TA","Detchd",1976,"RFn",2,440,"TA","TA","Y",108,0,0,0,0,0,NA,NA,NA,0,9,2009,"WD","Normal",0,"Test"
"1655",1655,120,"RL",24,2280,"Pave",NA,"Reg","Lvl","AllPub","FR2","Gtl","NPkVill","Norm","Norm","Twnhs","1Story","7","5",1975,1975,"Gable","CompShg","Plywood","Brk Cmn","None",0,"TA","TA","CBlock","Gd","TA","No","ALQ",435,"LwQ",622,0,1057,"GasA","TA","Y","SBrkr",1055,0,0,1055,0,1,2,0,2,1,"TA",4,"Typ",1,"Fa","Attchd",1975,"RFn",2,440,"TA","TA","Y",0,27,0,0,0,0,NA,NA,NA,0,8,2009,"WD","Normal",0,"Test"
"1656",1656,160,"RL",24,2349,"Pave",NA,"Reg","Lvl","AllPub","Inside","Gtl","NPkVill","Norm","Norm","Twnhs","2Story","6","5",1977,1977,"Gable","CompShg","Plywood","Brk Cmn","None",0,"TA","TA","CBlock","Gd","TA","No","ALQ",389,"Unf",0,466,855,"GasA","TA","Y","SBrkr",855,601,0,1456,0,0,2,1,3,1,"TA",6,"Typ",1,"TA","Attchd",1977,"Unf",2,440,"TA","TA","Y",0,28,0,0,0,0,NA,NA,NA,0,5,2009,"WD","Normal",0,"Test"
"1657",1657,160,"RL",24,2364,"Pave",NA,"Reg","Lvl","AllPub","Inside","Gtl","NPkVill","Norm","Norm","TwnhsE","2Story","6","5",1978,1978,"Gable","CompShg","Plywood","Brk Cmn","None",0,"TA","TA","CBlock","Gd","TA","No","ALQ",320,"Unf",0,484,804,"GasA","TA","Y","SBrkr",804,744,0,1548,0,1,2,1,3,1,"TA",7,"Typ",1,"TA","Detchd",1978,"Unf",2,440,"TA","TA","Y",108,0,0,0,0,0,NA,NA,NA,0,7,2009,"WD","Normal",0,"Test"
"1658",1658,160,"RL",24,2364,"Pave",NA,"Reg","Lvl","AllPub","Inside","Gtl","NPkVill","Norm","Norm","TwnhsE","2Story","6","5",1978,1978,"Gable","CompShg","Plywood","Brk Cmn","None",0,"Gd","TA","CBlock","Gd","TA","No","ALQ",279,"Unf",0,576,855,"GasA","TA","Y","SBrkr",855,601,0,1456,0,0,2,1,3,1,"TA",6,"Typ",1,"TA","Attchd",1978,"Fin",2,440,"TA","TA","Y",147,0,0,0,0,0,NA,NA,NA,0,4,2009,"WD","Normal",0,"Test"
"1659",1659,120,"RL",24,2104,"Pave",NA,"Reg","Lvl","AllPub","Inside","Gtl","NPkVill","Norm","Norm","TwnhsE","1Story","7","6",1976,1976,"Gable","CompShg","Plywood","Brk Cmn","None",0,"TA","TA","CBlock","TA","TA","No","ALQ",536,"Unf",0,300,836,"GasA","TA","Y","SBrkr",836,0,0,836,0,1,1,0,2,1,"TA",5,"Typ",0,NA,"Attchd",1976,"Unf",1,345,"TA","TA","Y",150,20,0,0,0,0,NA,NA,NA,0,10,2009,"WD","Normal",0,"Test"
"1660",1660,20,"RL",NA,10710,"Pave",NA,"Reg","Lvl","AllPub","Inside","Gtl","NAmes","Norm","Norm","1Fam","1Story","5","7",1966,2004,"Hip","CompShg","HdBoard","HdBoard","BrkFace",165,"Gd","TA","PConc","TA","TA","No","BLQ",644,"Unf",0,220,864,"GasA","Ex","Y","SBrkr",1120,0,0,1120,0,1,1,0,3,1,"TA",5,"Typ",1,"TA","Attchd",1966,"RFn",2,656,"TA","TA","Y",0,162,0,0,0,0,NA,NA,"Shed",1200,7,2009,"WD","Normal",0,"Test"
"1661",1661,60,"RL",110,14257,"Pave",NA,"Reg","Lvl","AllPub","Inside","Gtl","NridgHt","PosN","Norm","1Fam","2Story","9","5",2007,2007,"Hip","CompShg","VinylSd","VinylSd","Stone",726,"Ex","TA","PConc","Ex","TA","No","GLQ",1360,"Unf",0,416,1776,"GasA","Ex","Y","SBrkr",1794,978,0,2772,1,0,3,1,4,1,"Ex",10,"Typ",3,"Gd","BuiltIn",2007,"Fin",3,754,"TA","TA","Y",135,64,0,0,0,0,NA,NA,NA,0,6,2009,"WD","Normal",0,"Test"
"1662",1662,60,"RL",95,12350,"Pave",NA,"Reg","Lvl","AllPub","Inside","Gtl","NridgHt","Norm","Norm","1Fam","2Story","9","5",2009,2009,"Gable","CompShg","VinylSd","VinylSd","None",0,"Gd","TA","PConc","Ex","TA","No","GLQ",986,"Unf",0,379,1365,"GasA","Ex","Y","SBrkr",1365,1325,0,2690,1,0,2,1,3,1,"Ex",8,"Typ",1,"Gd","Attchd",2009,"RFn",3,864,"TA","TA","Y",0,197,0,0,0,0,NA,NA,NA,0,7,2009,"New","Partial",0,"Test"
"1663",1663,20,"RL",95,12350,"Pave",NA,"Reg","Lvl","AllPub","Inside","Gtl","NridgHt","Norm","Norm","1Fam","1Story","9","5",2008,2008,"Hip","CompShg","VinylSd","VinylSd","Stone",450,"Ex","TA","PConc","Ex","TA","Av","GLQ",1232,"Unf",0,788,2020,"GasA","Ex","Y","SBrkr",2020,0,0,2020,1,0,2,0,3,1,"Ex",7,"Typ",1,"Gd","Attchd",2008,"RFn",3,896,"TA","TA","Y",192,98,0,0,0,0,NA,NA,NA,0,5,2009,"WD","Normal",0,"Test"
"1664",1664,20,"RL",105,13693,"Pave",NA,"Reg","Lvl","AllPub","Inside","Gtl","NridgHt","PosA","PosA","1Fam","1Story","10","5",2007,2007,"Hip","CompShg","VinylSd","VinylSd","Stone",472,"Ex","TA","PConc","Ex","TA","Gd","GLQ",2288,"Unf",0,342,2630,"GasA","Ex","Y","SBrkr",2674,0,0,2674,2,0,2,1,2,1,"Ex",8,"Typ",2,"Gd","Attchd",2007,"Fin",3,762,"TA","TA","Y",360,50,0,0,0,0,NA,NA,NA,0,3,2009,"WD","Normal",0,"Test"
"1665",1665,20,"RL",95,11578,"Pave",NA,"Reg","Lvl","AllPub","Inside","Gtl","NridgHt","Norm","Norm","1Fam","1Story","9","5",2008,2008,"Gable","CompShg","VinylSd","VinylSd","Stone",302,"Ex","TA","PConc","Ex","TA","No","Unf",0,"Unf",0,1736,1736,"GasA","Ex","Y","SBrkr",1736,0,0,1736,0,0,2,0,3,1,"Ex",7,"Typ",1,"Gd","Attchd",2008,"RFn",3,834,"TA","TA","Y",319,90,0,0,0,0,NA,NA,NA,0,7,2009,"WD","Normal",0,"Test"
"1666",1666,20,"RL",129,16870,"Pave",NA,"IR1","Lvl","AllPub","FR3","Gtl","NridgHt","Norm","Norm","1Fam","1Story","8","5",2004,2005,"Hip","CompShg","VinylSd","VinylSd","BrkFace",238,"Gd","TA","PConc","Ex","TA","Gd","GLQ",1531,"Unf",0,251,1782,"GasA","Ex","Y","SBrkr",1782,0,0,1782,1,0,2,0,3,1,"Gd",7,"Typ",2,"Gd","Attchd",2004,"Fin",3,932,"TA","TA","Y",99,82,0,0,0,0,NA,NA,NA,0,4,2009,"WD","Normal",0,"Test"
"1667",1667,60,"RL",59,23303,"Pave",NA,"IR3","Lvl","AllPub","CulDSac","Gtl","NridgHt","Norm","Norm","1Fam","2Story","8","5",2007,2007,"Gable","CompShg","VinylSd","VinylSd","Stone",20,"Gd","TA","PConc","Ex","TA","Av","GLQ",1230,"Unf",0,278,1508,"GasA","Ex","Y","SBrkr",1508,1012,0,2520,1,0,2,1,5,1,"Ex",10,"Typ",1,"Gd","BuiltIn",2007,"Fin",3,640,"TA","TA","Y",192,273,0,0,0,0,NA,NA,NA,0,6,2009,"WD","Family",0,"Test"
"1668",1668,20,"RL",87,10367,"Pave",NA,"IR1","Lvl","AllPub","Inside","Gtl","NridgHt","Norm","Norm","1Fam","1Story","9","5",2008,2008,"Hip","CompShg","VinylSd","VinylSd","Stone",284,"Ex","TA","PConc","Ex","TA","Mn","GLQ",1015,"Unf",0,724,1739,"GasA","Ex","Y","SBrkr",1743,0,0,1743,1,0,2,0,3,1,"Ex",8,"Typ",1,"Gd","Attchd",2008,"RFn",3,927,"TA","TA","Y",168,45,0,0,0,0,NA,NA,NA,0,6,2009,"ConLI","Normal",0,"Test"
"1669",1669,20,"RL",77,10872,"Pave",NA,"IR1","Lvl","AllPub","Inside","Gtl","NridgHt","Norm","Norm","1Fam","1Story","9","5",2006,2006,"Gable","CompShg","VinylSd","VinylSd","Stone",122,"Gd","TA","PConc","Ex","Gd","Av","GLQ",1037,"Unf",0,467,1504,"GasA","Ex","Y","SBrkr",1531,0,0,1531,1,0,2,0,2,1,"Ex",6,"Typ",1,"Gd","Attchd",2006,"Fin",3,700,"TA","TA","Y",184,52,0,0,0,0,NA,NA,NA,0,2,2009,"WD","Normal",0,"Test"
"1670",1670,20,"RL",102,13514,"Pave",NA,"IR1","Lvl","AllPub","Corner","Gtl","NridgHt","Norm","Norm","1Fam","1Story","9","5",2008,2008,"Hip","CompShg","VinylSd","VinylSd","None",285,"Ex","TA","PConc","Ex","TA","No","GLQ",1142,"Unf",0,632,1774,"GasA","Ex","Y","SBrkr",1808,0,0,1808,1,0,2,0,3,1,"Ex",7,"Typ",1,"Gd","Attchd",2008,"Fin",3,850,"TA","TA","Y",200,26,0,0,0,0,NA,NA,NA,0,3,2009,"WD","Normal",0,"Test"
"1671",1671,20,"RL",90,12878,"Pave",NA,"IR1","Lvl","AllPub","Corner","Gtl","NridgHt","Norm","Norm","1Fam","1Story","7","5",2003,2004,"Hip","CompShg","VinylSd","VinylSd","BrkFace",418,"Gd","TA","PConc","Gd","TA","No","ALQ",1262,"Unf",0,498,1760,"GasA","Ex","Y","SBrkr",1760,0,0,1760,1,0,2,0,3,1,"Gd",8,"Typ",1,"Gd","Attchd",2003,"Fin",2,583,"TA","TA","Y",165,190,0,0,0,0,NA,NA,NA,0,6,2009,"WD","Normal",0,"Test"
"1672",1672,20,"RL",110,15274,"Pave",NA,"IR1","Lvl","AllPub","Corner","Gtl","NridgHt","Norm","Norm","1Fam","1Story","9","5",2003,2003,"Hip","CompShg","VinylSd","VinylSd","BrkFace",724,"Gd","TA","PConc","Ex","TA","No","GLQ",1972,"Unf",0,480,2452,"GasA","Ex","Y","SBrkr",2452,0,0,2452,2,0,2,0,3,1,"Ex",10,"Typ",1,"Gd","Attchd",2003,"Fin",3,886,"TA","TA","Y",0,116,0,0,0,0,NA,"MnPrv",NA,0,7,2009,"WD","Normal",0,"Test"
"1673",1673,60,"RL",96,13262,"Pave",NA,"IR1","Lvl","AllPub","Inside","Gtl","NridgHt","Norm","Norm","1Fam","2Story","8","5",2003,2004,"Gable","CompShg","VinylSd","VinylSd","Stone",186,"Gd","TA","PConc","Gd","TA","No","Unf",0,"Unf",0,1082,1082,"GasA","Ex","Y","SBrkr",1105,1295,0,2400,0,0,3,1,4,1,"Gd",10,"Typ",1,"Gd","BuiltIn",2003,"Fin",3,730,"TA","TA","Y",114,40,0,0,0,0,NA,NA,NA,0,6,2009,"WD","Normal",0,"Test"
"1674",1674,20,"RL",70,9658,"Pave",NA,"IR1","Lvl","AllPub","Inside","Gtl","NridgHt","Norm","Norm","1Fam","1Story","8","5",2006,2006,"Gable","CompShg","VinylSd","VinylSd","Stone",383,"Gd","TA","PConc","Gd","TA","No","Unf",0,"Unf",0,1598,1598,"GasA","Gd","Y","SBrkr",1606,0,0,1606,0,0,2,0,3,1,"Gd",6,"Typ",1,"Gd","Attchd",2006,"RFn",3,871,"TA","TA","Y",230,60,0,0,0,0,NA,NA,NA,0,7,2009,"WD","Normal",0,"Test"
"1675",1675,120,"RL",47,6904,"Pave",NA,"IR1","Lvl","AllPub","Inside","Gtl","NridgHt","Norm","Norm","TwnhsE","1Story","6","5",2005,2005,"Gable","CompShg","VinylSd","VinylSd","Stone",240,"Gd","TA","PConc","Gd","TA","Av","ALQ",836,"Unf",0,522,1358,"GasA","Ex","Y","SBrkr",1358,0,0,1358,0,0,2,0,2,1,"Gd",6,"Typ",1,"Gd","Attchd",2005,"RFn",2,484,"TA","TA","Y",192,36,0,0,0,0,NA,NA,NA,0,8,2009,"WD","Normal",0,"Test"
"1676",1676,120,"RL",34,5122,"Pave",NA,"IR1","Lvl","AllPub","Inside","Gtl","NridgHt","Norm","Norm","Twnhs","1Story","6","5",2005,2005,"Gable","CompShg","VinylSd","VinylSd","Stone",135,"Gd","TA","PConc","Gd","TA","Av","GLQ",881,"Unf",0,425,1306,"GasA","Ex","Y","SBrkr",1306,0,0,1306,1,0,2,0,1,1,"Gd",5,"Typ",1,"Gd","Attchd",2005,"RFn",2,624,"TA","TA","Y",170,63,0,0,0,0,NA,NA,NA,0,3,2009,"WD","Normal",0,"Test"
"1677",1677,120,"RL",80,10307,"Pave",NA,"IR1","Lvl","AllPub","Inside","Gtl","NridgHt","Norm","Norm","TwnhsE","1Story","7","5",2007,2008,"Gable","CompShg","VinylSd","VinylSd","Stone",176,"Gd","TA","PConc","Gd","TA","No","GLQ",876,"Unf",0,474,1350,"GasA","Ex","Y","SBrkr",1358,0,0,1358,1,0,2,0,2,1,"Gd",6,"Typ",1,"Gd","Attchd",2008,"RFn",2,484,"TA","TA","Y",192,26,0,0,0,0,NA,NA,NA,0,5,2009,"WD","Normal",0,"Test"
"1678",1678,20,"RL",100,14836,"Pave",NA,"IR1","HLS","AllPub","Inside","Mod","NridgHt","Norm","Norm","1Fam","1Story","10","5",2004,2005,"Hip","CompShg","CemntBd","CmentBd","Stone",730,"Ex","TA","PConc","Ex","TA","Gd","GLQ",2146,"Unf",0,346,2492,"GasA","Ex","Y","SBrkr",2492,0,0,2492,1,0,2,1,2,1,"Ex",8,"Typ",1,"Ex","Attchd",2004,"Fin",3,949,"TA","TA","Y",226,235,0,0,0,0,NA,NA,NA,0,2,2009,"WD","Abnorml",0,"Test"
"1679",1679,20,"RL",117,15262,"Pave",NA,"IR1","Lvl","AllPub","Corner","Gtl","NridgHt","Norm","Norm","1Fam","1Story","8","5",2003,2004,"Hip","CompShg","VinylSd","VinylSd","BrkFace",470,"Gd","TA","PConc","Ex","TA","Gd","GLQ",1557,"Unf",0,643,2200,"GasA","Ex","Y","SBrkr",2200,0,0,2200,1,0,2,1,3,1,"Ex",8,"Typ",1,"Gd","Attchd",2003,"Fin",3,685,"TA","TA","Y",208,55,0,0,0,0,NA,NA,NA,0,7,2009,"WD","Normal",0,"Test"
"1680",1680,120,"RL",44,7390,"Pave",NA,"IR1","Lvl","AllPub","Inside","Gtl","NridgHt","Norm","Norm","TwnhsE","1Story","9","5",2008,2009,"Hip","CompShg","MetalSd","MetalSd","BrkFace",308,"Ex","TA","PConc","Ex","TA","No","GLQ",800,"Unf",0,1084,1884,"GasA","Ex","Y","SBrkr",1884,0,0,1884,1,0,2,0,2,1,"Ex",6,"Typ",1,"Gd","Attchd",2008,"Fin",2,649,"TA","TA","Y",231,90,0,0,0,0,NA,NA,NA,0,5,2009,"New","Partial",0,"Test"
"1681",1681,120,"RL",48,6472,"Pave",NA,"Reg","Lvl","AllPub","Inside","Gtl","NridgHt","Norm","Norm","TwnhsE","1Story","9","5",2008,2008,"Hip","CompShg","VinylSd","VinylSd","BrkFace",500,"Ex","TA","PConc","Ex","TA","No","Unf",0,"Unf",0,1451,1451,"GasA","Ex","Y","SBrkr",1456,0,0,1456,0,0,2,0,2,1,"Ex",6,"Typ",1,"Gd","Attchd",2008,"RFn",2,539,"TA","TA","Y",192,42,0,0,0,0,NA,NA,NA,0,4,2009,"WD","Normal",0,"Test"
"1682",1682,20,"RL",129,16770,"Pave",NA,"Reg","Lvl","AllPub","Corner","Gtl","NridgHt","Norm","Norm","1Fam","1Story","8","5",2002,2003,"Hip","CompShg","VinylSd","VinylSd","BrkFace",270,"Gd","TA","PConc","Ex","TA","Gd","GLQ",1196,"Unf",0,516,1712,"GasA","Ex","Y","SBrkr",1712,0,0,1712,1,0,2,0,3,1,"Gd",8,"Typ",1,"Gd","Attchd",2002,"RFn",3,701,"TA","TA","Y",218,183,0,0,0,0,NA,NA,NA,0,9,2009,"WD","Normal",0,"Test"
"1683",1683,120,"RL",48,3480,"Pave",NA,"Reg","Lvl","AllPub","Inside","Gtl","NridgHt","Norm","Norm","TwnhsE","1Story","7","5",2003,2003,"Gable","CompShg","VinylSd","VinylSd","Stone",163,"Gd","TA","PConc","Gd","TA","No","Unf",0,"Unf",0,1405,1405,"GasA","Ex","Y","SBrkr",1405,0,0,1405,0,0,2,0,2,1,"Gd",6,"Typ",1,"TA","Attchd",2003,"RFn",2,478,"TA","TA","Y",148,36,0,0,0,0,NA,NA,NA,0,11,2009,"WD","Normal",0,"Test"
"1684",1684,60,"RL",63,10928,"Pave",NA,"Reg","Lvl","AllPub","Inside","Gtl","Gilbert","RRAn","Norm","1Fam","2Story","7","5",2005,2005,"Gable","CompShg","VinylSd","VinylSd","None",0,"Gd","TA","PConc","Gd","Gd","No","Unf",0,"Unf",0,728,728,"GasA","Ex","Y","SBrkr",728,728,0,1456,0,0,2,1,3,1,"Gd",8,"Typ",1,"Gd","Attchd",2005,"Fin",2,390,"TA","TA","Y",100,0,0,0,0,0,NA,NA,NA,0,6,2009,"WD","Normal",0,"Test"
"1685",1685,60,"RL",57,8918,"Pave",NA,"IR1","Lvl","AllPub","Inside","Gtl","Gilbert","Norm","Norm","1Fam","2Story","6","5",2005,2006,"Gable","CompShg","VinylSd","VinylSd","None",0,"Gd","TA","PConc","Gd","TA","Av","Unf",0,"Unf",0,745,745,"GasA","Ex","Y","SBrkr",745,745,0,1490,0,0,2,1,3,1,"Gd",7,"Typ",1,"Gd","Attchd",2005,"Fin",2,392,"TA","TA","Y",36,20,0,0,0,0,NA,NA,NA,0,7,2009,"WD","Normal",0,"Test"
"1686",1686,120,"RL",43,3182,"Pave",NA,"Reg","Lvl","AllPub","Inside","Gtl","Blmngtn","Norm","Norm","TwnhsE","1Story","7","5",2005,2006,"Gable","CompShg","VinylSd","VinylSd","BrkFace",16,"Gd","TA","PConc","Gd","TA","Av","GLQ",16,"Unf",0,1204,1220,"GasA","Ex","Y","SBrkr",1220,0,0,1220,0,0,2,0,2,1,"Gd",5,"Typ",1,"Gd","Attchd",2005,"Fin",2,397,"TA","TA","Y",100,16,0,0,0,0,NA,NA,NA,0,8,2009,"WD","Normal",0,"Test"
"1687",1687,80,"RL",59,9434,"Pave",NA,"IR1","Lvl","AllPub","Inside","Gtl","Gilbert","Norm","Norm","1Fam","SLvl","7","5",2004,2005,"Gable","CompShg","WdShing","Wd Shng","None",0,"Gd","TA","PConc","Gd","TA","Mn","Unf",0,"Unf",0,384,384,"GasA","Ex","Y","SBrkr",744,630,0,1374,0,0,2,1,3,1,"Gd",6,"Typ",1,"Gd","BuiltIn",2004,"Fin",2,400,"TA","TA","Y",100,0,0,0,0,0,NA,NA,NA,0,8,2009,"WD","Normal",0,"Test"
"1688",1688,60,"RL",62,7984,"Pave",NA,"IR1","Lvl","AllPub","Inside","Gtl","Gilbert","Norm","Norm","1Fam","2Story","7","5",2004,2005,"Gable","CompShg","VinylSd","VinylSd","BrkFace",200,"Gd","TA","PConc","Gd","TA","No","Unf",0,"Unf",0,868,868,"GasA","Ex","Y","SBrkr",868,762,0,1630,0,0,2,1,3,1,"Gd",7,"Typ",1,"Gd","BuiltIn",2004,"Fin",2,436,"TA","TA","Y",120,48,0,0,0,0,NA,NA,NA,0,9,2009,"WD","Normal",0,"Test"
"1689",1689,60,"RL",61,10125,"Pave",NA,"IR1","Lvl","AllPub","Inside","Gtl","Gilbert","Norm","Norm","1Fam","2Story","7","5",2004,2004,"Gable","CompShg","VinylSd","VinylSd","None",0,"Gd","TA","PConc","Gd","TA","Mn","Unf",0,"Unf",0,846,846,"GasA","Ex","Y","SBrkr",846,748,0,1594,0,0,2,1,3,1,"Gd",7,"Typ",1,"Gd","Attchd",2004,"Fin",2,434,"TA","TA","Y",300,48,0,0,0,0,NA,"MnPrv",NA,0,7,2009,"WD","Normal",0,"Test"
"1690",1690,60,"RL",NA,8965,"Pave",NA,"IR1","Lvl","AllPub","Inside","Gtl","Gilbert","Norm","Norm","1Fam","2Story","7","5",2003,2003,"Gable","CompShg","VinylSd","VinylSd","None",0,"Gd","TA","PConc","Gd","TA","No","GLQ",652,"Unf",0,130,782,"GasA","Ex","Y","SBrkr",806,683,0,1489,1,0,2,1,3,1,"Gd",8,"Typ",1,"Gd","Attchd",2003,"Fin",2,400,"TA","TA","Y",0,75,0,0,0,0,NA,NA,NA,0,6,2009,"WD","Normal",0,"Test"
"1691",1691,60,"RL",NA,8174,"Pave",NA,"IR1","Lvl","AllPub","Inside","Gtl","Gilbert","Norm","Norm","1Fam","2Story","7","5",2003,2003,"Gable","CompShg","VinylSd","VinylSd","None",0,"Gd","TA","PConc","Gd","TA","No","GLQ",494,"Unf",0,204,698,"GasA","Ex","Y","SBrkr",698,644,0,1342,1,0,2,1,3,1,"Gd",7,"Typ",1,"TA","Attchd",2003,"Fin",2,393,"TA","TA","Y",100,56,0,0,0,0,NA,NA,NA,0,5,2009,"WD","Normal",0,"Test"
"1692",1692,60,"RL",NA,12891,"Pave",NA,"IR1","Lvl","AllPub","Corner","Gtl","Gilbert","Norm","Norm","1Fam","2Story","8","5",2002,2002,"Gable","CompShg","VinylSd","VinylSd",NA,NA,"Gd","TA","PConc","Ex","TA","No","GLQ",651,"Unf",0,219,870,"GasA","Ex","Y","SBrkr",878,1126,0,2004,1,0,2,1,4,1,"Gd",8,"Typ",1,"Gd","BuiltIn",2002,"Fin",3,644,"TA","TA","Y",0,48,0,0,0,0,NA,NA,NA,0,7,2009,"WD","Normal",0,"Test"
"1693",1693,80,"RL",61,9734,"Pave",NA,"IR1","Lvl","AllPub","Inside","Gtl","Gilbert","RRAn","Norm","1Fam","SLvl","7","5",2004,2004,"Gable","CompShg","VinylSd","VinylSd","None",0,"Gd","TA","PConc","Gd","TA","Mn","GLQ",241,"Rec",113,30,384,"GasA","Ex","Y","SBrkr",744,630,0,1374,0,0,2,1,3,1,"Gd",7,"Typ",0,NA,"BuiltIn",2004,"Fin",2,400,"TA","TA","Y",0,0,0,0,0,0,NA,NA,NA,0,5,2009,"WD","Normal",0,"Test"
"1694",1694,60,"RL",42,8433,"Pave",NA,"IR1","Lvl","AllPub","Inside","Gtl","Gilbert","Norm","Norm","1Fam","2Story","6","5",2000,2000,"Gable","CompShg","VinylSd","VinylSd","None",0,"TA","TA","PConc","Gd","TA","No","GLQ",683,"Unf",0,111,794,"GasA","Ex","Y","SBrkr",819,695,0,1514,1,0,2,1,3,1,"TA",7,"Typ",1,"TA","Attchd",2000,"Fin",2,394,"TA","TA","Y",0,72,0,0,0,0,NA,NA,NA,0,6,2009,"WD","Normal",0,"Test"
"1695",1695,80,"RL",62,7750,"Pave",NA,"Reg","Lvl","AllPub","Inside","Gtl","Gilbert","Norm","Norm","1Fam","SLvl","7","5",1999,2000,"Gable","CompShg","VinylSd","VinylSd","None",0,"TA","TA","PConc","Gd","TA","No","Unf",0,"Unf",0,384,384,"GasA","Ex","Y","SBrkr",774,656,0,1430,0,0,2,1,3,1,"TA",7,"Typ",1,"TA","BuiltIn",1999,"RFn",2,400,"TA","TA","Y",0,0,0,0,0,0,NA,NA,NA,0,3,2009,"WD","Normal",0,"Test"
"1696",1696,60,"RL",NA,15896,"Pave",NA,"IR2","Lvl","AllPub","CulDSac","Gtl","Gilbert","RRNn","Norm","1Fam","2Story","7","5",1999,1999,"Gable","CompShg","VinylSd","VinylSd","BrkFace",210,"Gd","TA","PConc","Gd","TA","No","ALQ",913,"Unf",0,264,1177,"GasA","Ex","Y","SBrkr",1223,1089,0,2312,1,0,2,1,4,1,"Gd",8,"Typ",1,"TA","BuiltIn",1999,"Fin",3,658,"TA","TA","Y",298,0,0,0,0,0,NA,NA,NA,0,5,2009,"WD","Normal",0,"Test"
"1697",1697,80,"RL",64,7848,"Pave",NA,"IR1","Lvl","AllPub","Inside","Gtl","Gilbert","Norm","Norm","1Fam","SLvl","7","6",1999,1999,"Gable","CompShg","VinylSd","VinylSd","None",0,"TA","TA","PConc","TA","TA","No","Unf",0,"Unf",0,384,384,"GasA","Ex","Y","SBrkr",774,656,0,1430,0,0,2,1,3,1,"TA",7,"Typ",1,"TA","BuiltIn",1999,"Fin",2,410,"TA","TA","Y",0,0,0,0,0,0,NA,NA,NA,0,6,2009,"WD","Normal",0,"Test"
"1698",1698,60,"RL",106,12720,"Pave",NA,"Reg","Lvl","AllPub","Inside","Gtl","NoRidge","Norm","Norm","1Fam","2Story","8","5",2000,2000,"Gable","CompShg","VinylSd","VinylSd","BrkFace",150,"Gd","TA","PConc","Gd","TA","Mn","GLQ",1173,"Unf",0,282,1455,"GasA","Ex","Y","SBrkr",1466,1221,0,2687,1,0,2,1,4,1,"Gd",10,"Typ",2,"TA","BuiltIn",2000,"RFn",3,810,"TA","TA","Y",252,30,0,0,0,0,NA,NA,NA,0,9,2009,"WD","Normal",0,"Test"
"1699",1699,20,"RL",NA,10750,"Pave",NA,"IR1","Lvl","AllPub","CulDSac","Gtl","NoRidge","Norm","Norm","1Fam","1Story","8","5",1994,1995,"Hip","CompShg","Wd Sdng","Wd Sdng","BrkFace",634,"Gd","TA","PConc","Gd","TA","Av","BLQ",236,"GLQ",1526,262,2024,"GasA","Ex","Y","SBrkr",2063,0,0,2063,1,0,2,0,3,1,"Gd",7,"Typ",2,"Gd","Attchd",1994,"Fin",3,815,"TA","TA","Y",182,56,0,0,0,0,NA,NA,NA,0,6,2009,"WD","Normal",0,"Test"
"1700",1700,60,"RL",79,9085,"Pave",NA,"Reg","Lvl","AllPub","Inside","Gtl","NoRidge","Norm","Norm","1Fam","2Story","7","5",1995,1996,"Gable","CompShg","VinylSd","VinylSd","BrkFace",286,"Gd","TA","PConc","Gd","TA","No","GLQ",816,"Unf",0,254,1070,"GasA","Ex","Y","SBrkr",1094,967,0,2061,1,0,2,1,3,1,"Gd",7,"Typ",1,"TA","Attchd",1995,"Fin",2,647,"TA","TA","Y",296,102,209,0,0,0,NA,NA,NA,0,11,2009,"WD","Normal",0,"Test"
"1701",1701,60,"RL",NA,11692,"Pave",NA,"IR1","Lvl","AllPub","Inside","Gtl","NoRidge","Norm","Norm","1Fam","2Story","8","5",1993,1994,"Gable","CompShg","HdBoard","HdBoard","BrkFace",372,"Gd","TA","PConc","Gd","TA","No","GLQ",624,"Unf",0,549,1173,"GasA","Ex","Y","SBrkr",1215,1017,0,2232,1,0,2,1,3,1,"Gd",8,"Typ",1,"TA","Attchd",1993,"RFn",2,623,"TA","TA","Y",173,165,0,0,0,0,NA,NA,NA,0,10,2009,"WD","Normal",0,"Test"
"1702",1702,20,"RL",86,11194,"Pave",NA,"IR1","Lvl","AllPub","Inside","Gtl","Somerst","PosN","Norm","1Fam","1Story","8","5",2008,2008,"Gable","CompShg","VinylSd","VinylSd","Stone",240,"Gd","TA","PConc","Gd","TA","Mn","Unf",0,"Unf",0,1696,1696,"GasA","Ex","Y","SBrkr",1696,0,0,1696,0,0,2,0,3,1,"Gd",7,"Typ",0,NA,"Attchd",2008,"RFn",3,972,"TA","TA","Y",120,56,0,0,0,0,NA,NA,NA,0,9,2009,"WD","Normal",0,"Test"
"1703",1703,20,"RL",78,10206,"Pave",NA,"Reg","Lvl","AllPub","Inside","Gtl","Somerst","PosN","Norm","1Fam","1Story","8","5",2008,2008,"Gable","CompShg","VinylSd","VinylSd","BrkFace",294,"Gd","TA","PConc","Gd","TA","No","Unf",0,"Unf",0,1614,1614,"GasA","Ex","Y","SBrkr",1658,0,0,1658,0,0,2,1,3,1,"Gd",7,"Typ",1,"Gd","Attchd",2008,"Fin",3,726,"TA","TA","Y",144,44,0,0,0,0,NA,NA,NA,0,9,2009,"WD","Normal",0,"Test"
"1704",1704,20,"RL",85,10130,"Pave",NA,"Reg","Lvl","AllPub","Inside","Gtl","Somerst","Norm","Norm","1Fam","1Story","8","5",2007,2007,"Gable","CompShg","VinylSd","VinylSd","Stone",260,"Gd","TA","PConc","Gd","TA","Av","GLQ",1294,"Unf",0,408,1702,"GasA","Ex","Y","SBrkr",1702,0,0,1702,1,0,2,0,3,1,"Gd",7,"Typ",1,"Gd","Attchd",2007,"RFn",3,844,"TA","TA","Y",0,69,0,0,0,0,NA,NA,NA,0,3,2009,"WD","Normal",0,"Test"
"1705",1705,20,"RL",76,9139,"Pave",NA,"IR1","Lvl","AllPub","Inside","Gtl","Somerst","Norm","Norm","1Fam","1Story","8","5",2006,2006,"Hip","CompShg","VinylSd","VinylSd","Stone",206,"Gd","TA","PConc","Ex","TA","Av","GLQ",379,"Unf",0,1043,1422,"GasA","Ex","Y","SBrkr",1432,0,0,1432,0,0,2,0,3,1,"Gd",7,"Typ",1,"Gd","Attchd",2006,"Fin",2,492,"TA","TA","Y",297,50,0,0,0,0,NA,NA,NA,0,9,2009,"WD","Normal",0,"Test"
"1706",1706,20,"RL",85,11128,"Pave",NA,"Reg","Lvl","AllPub","Corner","Gtl","Somerst","PosN","PosN","1Fam","1Story","9","5",2005,2006,"Hip","CompShg","VinylSd","VinylSd","Stone",198,"Ex","TA","PConc","Ex","TA","Gd","GLQ",2158,"Unf",0,300,2458,"GasA","Ex","Y","SBrkr",2490,0,0,2490,1,0,2,0,2,1,"Ex",9,"Typ",2,"Gd","Attchd",2005,"Fin",3,795,"TA","TA","Y",70,226,0,0,0,0,NA,"GdPrv",NA,0,10,2009,"WD","Normal",0,"Test"
"1707",1707,20,"FV",90,7993,"Pave",NA,"IR1","Lvl","AllPub","Inside","Gtl","Somerst","Norm","Norm","1Fam","1Story","7","5",2008,2009,"Gable","CompShg","VinylSd","VinylSd",NA,NA,"Gd","TA","PConc","Ex","TA","No","Unf",0,"Unf",0,1436,1436,"GasA","Ex","Y","SBrkr",1436,0,0,1436,0,0,2,0,3,1,"Gd",6,"Typ",0,NA,"Attchd",2008,"Fin",2,529,"TA","TA","Y",0,121,0,0,0,0,NA,NA,NA,0,10,2009,"New","Partial",0,"Test"
"1708",1708,20,"FV",72,8640,"Pave",NA,"Reg","Lvl","AllPub","Inside","Gtl","Somerst","Norm","Norm","1Fam","1Story","7","5",2008,2008,"Hip","CompShg","VinylSd","VinylSd","None",0,"Gd","TA","PConc","Gd","TA","No","Unf",0,"Unf",0,1402,1402,"GasA","Ex","Y","SBrkr",1402,0,0,1402,0,0,2,0,3,1,"Gd",7,"Typ",0,NA,"Attchd",2008,"RFn",2,625,"TA","TA","Y",205,126,0,0,0,0,NA,NA,NA,0,5,2009,"WD","Normal",0,"Test"
"1709",1709,20,"FV",112,12606,"Pave",NA,"IR1","Lvl","AllPub","Inside","Gtl","Somerst","Norm","Norm","1Fam","1Story","9","5",2007,2008,"Gable","CompShg","VinylSd","VinylSd","Stone",120,"Gd","TA","PConc","Gd","TA","Av","Unf",0,"Unf",0,1530,1530,"GasA","Ex","Y","SBrkr",1530,0,0,1530,0,0,2,0,3,1,"Gd",7,"Typ",1,"Gd","Attchd",2008,"RFn",3,984,"TA","TA","Y",212,136,0,0,0,0,NA,NA,NA,0,5,2009,"WD","Normal",0,"Test"
"1710",1710,20,"FV",75,7500,"Pave",NA,"Reg","Lvl","AllPub","Inside","Gtl","Somerst","Norm","Norm","1Fam","1Story","8","5",2006,2007,"Gable","CompShg","VinylSd","VinylSd","Stone",238,"Gd","TA","PConc","Gd","TA","No","GLQ",24,"Unf",0,1348,1372,"GasA","Ex","Y","SBrkr",1448,0,0,1448,0,0,2,0,2,1,"Gd",6,"Typ",1,"Gd","Attchd",2006,"RFn",2,692,"TA","TA","Y",0,140,0,0,0,0,NA,NA,NA,0,6,2009,"WD","Normal",0,"Test"
"1711",1711,60,"FV",84,10603,"Pave",NA,"Reg","Lvl","AllPub","Inside","Gtl","Somerst","Norm","Norm","1Fam","2Story","8","5",2006,2006,"Hip","CompShg","VinylSd","VinylSd","Stone",121,"Gd","TA","PConc","Ex","Gd","No","GLQ",682,"Unf",0,218,900,"GasA","Ex","Y","SBrkr",909,886,0,1795,1,0,2,1,3,1,"Gd",8,"Typ",1,"Gd","Attchd",2006,"Fin",3,782,"TA","TA","Y",168,45,0,0,0,0,NA,NA,NA,0,7,2009,"WD","Normal",0,"Test"
"1712",1712,20,"FV",65,8125,"Pave",NA,"Reg","Lvl","AllPub","Corner","Gtl","Somerst","Norm","Norm","1Fam","1Story","8","5",2008,2009,"Hip","CompShg","VinylSd","VinylSd","BrkFace",288,"Gd","TA","PConc","Gd","TA","No","Unf",0,"Unf",0,1836,1836,"GasA","Ex","Y","SBrkr",1836,0,0,1836,0,0,2,0,3,1,"Gd",8,"Typ",1,"Gd","Attchd",2009,"Fin",2,517,"TA","TA","Y",0,175,0,0,0,0,NA,NA,NA,0,10,2009,"New","Partial",0,"Test"
"1713",1713,20,"FV",85,10625,"Pave",NA,"Reg","Lvl","AllPub","Inside","Gtl","Somerst","Norm","Norm","1Fam","1Story","7","5",2006,2007,"Gable","CompShg","VinylSd","VinylSd","None",0,"Gd","TA","PConc","Gd","TA","No","GLQ",1430,"Unf",0,222,1652,"GasA","Ex","Y","SBrkr",1662,0,0,1662,1,0,2,0,3,1,"Ex",8,"Typ",1,"Gd","Attchd",2006,"RFn",3,711,"TA","TA","Y",168,120,0,0,0,0,NA,NA,NA,0,3,2009,"WD","Normal",0,"Test"
"1714",1714,20,"FV",68,8736,"Pave",NA,"IR1","Lvl","AllPub","Inside","Gtl","Somerst","Norm","Norm","1Fam","1Story","7","5",2003,2004,"Gable","CompShg","VinylSd","Wd Shng","None",0,"Gd","TA","PConc","Gd","TA","No","GLQ",771,"ALQ",360,422,1553,"GasA","Ex","Y","SBrkr",1553,0,0,1553,1,0,2,0,3,1,"Gd",6,"Typ",0,NA,"Attchd",2003,"RFn",2,588,"TA","TA","Y",192,88,0,0,0,0,NA,NA,NA,0,8,2009,"WD","Normal",0,"Test"
"1715",1715,60,"FV",65,8127,"Pave",NA,"IR1","Lvl","AllPub","Inside","Gtl","Somerst","Norm","Norm","1Fam","2Story","7","5",2003,2003,"Gable","CompShg","VinylSd","VinylSd","None",0,"Gd","TA","PConc","Gd","TA","No","GLQ",410,"Unf",0,402,812,"GasA","Ex","Y","SBrkr",812,841,0,1653,1,0,2,1,3,1,"Gd",6,"Typ",0,NA,"Attchd",2003,"RFn",2,628,"TA","TA","Y",0,45,0,0,0,0,NA,NA,NA,0,3,2009,"WD","Normal",0,"Test"
"1716",1716,20,"RL",80,9605,"Pave",NA,"Reg","Lvl","AllPub","Corner","Gtl","SawyerW","Norm","Norm","1Fam","1Story","7","6",2007,2007,"Gable","CompShg","VinylSd","VinylSd","None",0,"Gd","TA","PConc","Gd","TA","No","Unf",0,"Unf",0,1218,1218,"GasA","Ex","Y","SBrkr",1218,0,0,1218,0,0,1,1,3,1,"Gd",6,"Typ",0,NA,"Detchd",2007,"RFn",2,576,"TA","TA","Y",0,178,0,0,0,0,NA,NA,NA,0,4,2009,"WD","Normal",0,"Test"
"1717",1717,20,"RL",63,7500,"Pave",NA,"Reg","Lvl","AllPub","Inside","Gtl","SawyerW","Norm","Norm","1Fam","1Story","7","5",2006,2006,"Gable","CompShg","VinylSd","VinylSd","None",0,"Gd","TA","PConc","Gd","Gd","No","GLQ",54,"Unf",0,1087,1141,"GasA","Ex","Y","SBrkr",1141,0,0,1141,1,0,1,1,3,1,"Gd",6,"Typ",0,NA,"Detchd",2006,"RFn",2,484,"TA","TA","Y",182,0,0,0,0,0,NA,NA,NA,0,6,2009,"WD","Normal",0,"Test"
"1718",1718,20,"RL",63,7500,"Pave",NA,"Reg","Lvl","AllPub","Inside","Gtl","SawyerW","Norm","Norm","1Fam","1Story","6","5",2004,2004,"Gable","CompShg","VinylSd","VinylSd","None",0,"TA","TA","PConc","Gd","TA","No","Unf",0,"Unf",0,1158,1158,"GasA","Ex","Y","SBrkr",1158,0,0,1158,0,0,1,1,3,1,"Gd",5,"Typ",0,NA,NA,NA,NA,0,0,NA,NA,"Y",0,50,0,0,0,0,NA,NA,NA,0,8,2009,"WD","Normal",0,"Test"
"1719",1719,60,"RL",96,10628,"Pave",NA,"IR1","Lvl","AllPub","Corner","Gtl","SawyerW","Norm","Norm","1Fam","2Story","7","5",2004,2004,"Gable","CompShg","VinylSd","VinylSd","None",0,"Gd","TA","PConc","Gd","TA","Gd","Unf",0,"Unf",0,835,835,"GasA","Ex","Y","SBrkr",871,941,0,1812,0,0,2,1,3,1,"Gd",8,"Typ",0,NA,"BuiltIn",2004,"RFn",2,478,"TA","TA","Y",146,91,0,0,0,0,NA,NA,NA,0,1,2009,"WD","Normal",0,"Test"
"1720",1720,20,"RL",76,10141,"Pave",NA,"IR1","Lvl","AllPub","Inside","Gtl","SawyerW","Norm","Norm","1Fam","1Story","8","5",2004,2004,"Gable","Tar&Grv","VinylSd","VinylSd","BrkFace",264,"Gd","TA","PConc","Gd","TA","Gd","BLQ",516,"Rec",774,222,1512,"GasA","Ex","Y","SBrkr",1512,0,0,1512,0,0,2,0,3,1,"Gd",6,"Typ",0,NA,"Attchd",2004,"RFn",3,845,"TA","TA","Y",210,36,0,0,0,0,NA,NA,NA,0,1,2009,"WD","Normal",0,"Test"
"1721",1721,20,"RL",63,13072,"Pave",NA,"Reg","Lvl","AllPub","Inside","Gtl","SawyerW","RRAe","Norm","1Fam","1Story","7","5",2004,2005,"Gable","CompShg","VinylSd","VinylSd","None",0,"Gd","TA","PConc","Gd","TA","No","Unf",0,"Unf",0,1114,1114,"GasA","Ex","Y","SBrkr",1114,0,0,1114,0,0,1,1,3,1,"Gd",6,"Typ",0,NA,"Detchd",2005,"Unf",2,576,"TA","TA","Y",248,102,0,0,0,0,NA,NA,NA,0,5,2009,"WD","Normal",0,"Test"
"1722",1722,20,"RL",63,13072,"Pave",NA,"Reg","Lvl","AllPub","Inside","Gtl","SawyerW","RRAe","Norm","1Fam","1Story","5","5",2004,2004,"Gable","CompShg","VinylSd","VinylSd","None",0,"TA","TA","PConc","Gd","TA","No","Unf",0,"Unf",0,1114,1114,"GasA","Ex","Y","SBrkr",1114,0,0,1114,0,0,1,1,3,1,"Gd",6,"Typ",0,NA,NA,NA,NA,0,0,NA,NA,"Y",0,39,0,0,0,0,NA,NA,NA,0,8,2009,"WD","Normal",0,"Test"
"1723",1723,20,"RL",60,12450,"Pave",NA,"Reg","Lvl","AllPub","Inside","Gtl","SawyerW","RRAe","Norm","1Fam","1Story","5","5",2003,2004,"Gable","CompShg","VinylSd","VinylSd","None",0,"TA","TA","PConc","Gd","TA","No","GLQ",836,"Unf",0,278,1114,"GasA","Ex","Y","SBrkr",1114,0,0,1114,1,0,2,0,3,1,"Gd",6,"Typ",0,NA,"Detchd",2004,"Unf",2,576,"TA","TA","Y",0,42,0,0,0,0,NA,NA,NA,0,6,2009,"WD","Normal",0,"Test"
"1724",1724,20,"RL",61,7328,"Pave",NA,"Reg","Lvl","AllPub","Inside","Gtl","SawyerW","Norm","Norm","1Fam","1Story","7","5",2008,2009,"Gable","CompShg","VinylSd","VinylSd","BrkFace",140,"Gd","TA","PConc","Gd","TA","No","Unf",0,"Unf",0,1450,1450,"GasA","Ex","Y","SBrkr",1450,0,0,1450,0,0,2,0,2,1,"Gd",6,"Typ",0,NA,"Attchd",2008,"RFn",3,788,"TA","TA","Y",0,93,0,0,0,0,NA,NA,NA,0,2,2009,"New","Partial",0,"Test"
"1725",1725,60,"RL",43,11492,"Pave",NA,"IR1","Lvl","AllPub","CulDSac","Gtl","SawyerW","Norm","Norm","1Fam","2Story","7","5",1996,1997,"Gable","CompShg","VinylSd","VinylSd","BrkFace",132,"Gd","TA","PConc","Gd","TA","No","GLQ",637,"Unf",0,276,913,"GasA","Ex","Y","SBrkr",913,1209,0,2122,1,0,2,1,4,1,"Gd",8,"Typ",1,"TA","Attchd",1997,"RFn",2,559,"TA","TA","Y",0,74,0,0,0,0,NA,NA,NA,0,4,2009,"WD","Normal",0,"Test"
"1726",1726,60,"RL",70,7703,"Pave",NA,"Reg","Lvl","AllPub","Inside","Gtl","SawyerW","Norm","Norm","1Fam","2Story","6","6",1992,1992,"Gable","CompShg","HdBoard","HdBoard","None",0,"Gd","Gd","PConc","Gd","Gd","No","GLQ",52,"Rec",364,400,816,"GasA","Ex","Y","SBrkr",833,897,0,1730,0,0,2,1,3,1,"Gd",6,"Typ",0,NA,"Attchd",1992,"RFn",2,528,"TA","TA","Y",0,91,0,0,168,0,NA,NA,NA,0,11,2009,"WD","Normal",0,"Test"
"1727",1727,120,"RL",50,7175,"Pave",NA,"Reg","Lvl","AllPub","Inside","Gtl","SawyerW","Norm","Norm","TwnhsE","1Story","6","5",1990,1991,"Gable","CompShg","Plywood","ImStucc","None",0,"Gd","TA","PConc","Gd","TA","No","Unf",0,"Unf",0,1332,1332,"GasA","Gd","Y","SBrkr",1332,0,0,1332,0,0,2,0,2,1,"Gd",5,"Typ",0,NA,"Attchd",1990,"RFn",2,542,"TA","TA","Y",0,60,0,0,0,0,NA,NA,NA,0,2,2009,"WD","Normal",0,"Test"
"1728",1728,60,"RL",70,9109,"Pave",NA,"Reg","Lvl","AllPub","Inside","Gtl","SawyerW","RRAe","Norm","1Fam","2Story","7","5",1994,1994,"Gable","CompShg","VinylSd","VinylSd","None",0,"Gd","TA","PConc","Gd","TA","No","LwQ",36,"GLQ",596,122,754,"GasA","Ex","Y","SBrkr",754,786,0,1540,1,0,2,1,3,1,"Gd",6,"Typ",0,NA,"Attchd",1994,"RFn",2,495,"TA","TA","Y",140,32,0,0,0,0,NA,NA,NA,0,10,2009,"WD","Normal",0,"Test"
"1729",1729,60,"RL",NA,10274,"Pave",NA,"IR1","Lvl","AllPub","CulDSac","Gtl","SawyerW","Norm","Norm","1Fam","2Story","6","7",1986,1986,"Gable","CompShg","VinylSd","VinylSd","BrkFace",141,"TA","Gd","CBlock","Gd","TA","No","Rec",331,"Unf",0,345,676,"GasA","TA","Y","SBrkr",698,702,0,1400,0,0,2,1,3,1,"TA",6,"Typ",0,NA,"Attchd",1986,"RFn",2,465,"TA","TA","Y",0,48,0,0,0,0,NA,NA,NA,0,7,2009,"WD","Normal",0,"Test"
"1730",1730,90,"RL",75,8250,"Pave",NA,"Reg","Lvl","AllPub","Inside","Gtl","SawyerW","Norm","Norm","Duplex","2Story","6","7",1981,1981,"Gable","CompShg","Wd Sdng","Wd Shng","None",0,"TA","TA","Slab",NA,NA,NA,NA,0,NA,0,0,0,"GasA","TA","Y","SBrkr",964,918,0,1882,0,0,2,0,4,2,"TA",8,"Typ",2,"TA","Attchd",1981,"Unf",2,612,"TA","TA","Y",0,0,0,0,0,0,NA,NA,NA,0,5,2009,"WD","Normal",0,"Test"
"1731",1731,20,"RL",63,9750,"Pave",NA,"IR1","Lvl","AllPub","Inside","Gtl","Sawyer","Norm","Norm","1Fam","1Story","5","5",1962,1962,"Hip","CompShg","HdBoard","Plywood","None",0,"TA","TA","CBlock","TA","TA","No","LwQ",68,"BLQ",884,28,980,"GasA","Gd","Y","SBrkr",980,0,0,980,1,0,1,0,3,1,"TA",5,"Typ",0,NA,"Detchd",1969,"Unf",2,400,"TA","TA","Y",0,28,0,0,0,0,NA,"MnPrv",NA,0,11,2009,"WD","Normal",0,"Test"
"1732",1732,20,"RL",NA,8499,"Pave",NA,"IR1","Lvl","AllPub","Corner","Gtl","Sawyer","Feedr","Norm","1Fam","1Story","5","6",1961,1961,"Gable","CompShg","MetalSd","MetalSd","None",0,"TA","TA","CBlock","TA","TA","No","GLQ",660,"Unf",0,204,864,"GasA","Ex","Y","SBrkr",864,0,0,864,1,0,1,0,3,1,"TA",5,"Typ",0,NA,"Detchd",1982,"Unf",2,732,"TA","TA","Y",0,312,0,0,0,0,NA,NA,NA,0,6,2009,"WD","Normal",0,"Test"
"1733",1733,20,"RL",NA,9079,"Pave",NA,"IR1","Lvl","AllPub","Inside","Gtl","Sawyer","Norm","Norm","1Fam","1Story","5","5",1961,1961,"Gable","CompShg","Wd Sdng","Plywood","None",0,"TA","TA","CBlock","TA","TA","No","BLQ",864,"Unf",0,0,864,"GasA","TA","Y","SBrkr",864,0,0,864,0,0,1,0,2,1,"TA",5,"Typ",0,NA,"Attchd",1961,"Unf",1,440,"TA","TA","Y",158,0,0,0,0,0,NA,NA,NA,0,7,2009,"WD","Normal",0,"Test"
"1734",1734,20,"RL",NA,9316,"Pave",NA,"IR1","Lvl","AllPub","Inside","Gtl","Sawyer","Norm","Norm","1Fam","1Story","5","5",1965,1965,"Gable","CompShg","HdBoard","Plywood","None",0,"TA","TA","CBlock","TA","TA","No","Rec",544,"Unf",0,480,1024,"GasA","Gd","Y","SBrkr",1020,0,0,1020,0,0,2,0,3,1,"TA",5,"Typ",0,NA,"Attchd",1965,"Unf",1,288,"TA","TA","Y",171,0,0,0,0,0,NA,"MnPrv",NA,0,5,2009,"Oth","Family",0,"Test"
"1735",1735,20,"RL",NA,7791,"Pave",NA,"IR1","Lvl","AllPub","Inside","Gtl","Sawyer","RRAe","Norm","1Fam","1Story","5","8",1963,1995,"Gable","CompShg","Plywood","Plywood","None",0,"Gd","Gd","CBlock","TA","TA","No","ALQ",624,"Unf",0,288,912,"GasA","Ex","Y","SBrkr",912,0,0,912,1,0,1,0,3,1,"Gd",6,"Typ",0,NA,"Attchd",1963,"RFn",1,300,"TA","TA","Y",0,0,0,0,0,0,NA,"GdWo",NA,0,10,2009,"WD","Normal",0,"Test"
"1736",1736,20,"RL",65,7150,"Pave",NA,"Reg","Lvl","AllPub","Inside","Gtl","Sawyer","Feedr","Norm","1Fam","1Story","5","6",1962,1962,"Gable","CompShg","VinylSd","VinylSd","BrkFace",60,"TA","TA","CBlock","TA","TA","No","LwQ",140,"BLQ",590,182,912,"GasA","Gd","Y","SBrkr",912,0,0,912,0,1,1,0,3,1,"TA",6,"Typ",0,NA,"Attchd",1962,"Unf",1,252,"TA","TA","Y",0,0,0,0,0,0,NA,NA,NA,0,10,2009,"WD","Normal",0,"Test"
"1737",1737,20,"RL",NA,15676,"Pave",NA,"IR1","Low","AllPub","Inside","Gtl","Veenker","Norm","Norm","1Fam","1Story","8","8",1980,1980,"Gable","CompShg","VinylSd","VinylSd","BrkFace",115,"Gd","Gd","CBlock","Gd","Gd","Gd","ALQ",1733,"Rec",92,189,2014,"GasA","Gd","Y","SBrkr",2014,0,0,2014,1,0,2,0,2,1,"Gd",6,"Maj1",2,"Gd","Attchd",1980,"RFn",3,864,"TA","TA","Y",462,0,0,255,0,0,NA,"MnPrv",NA,0,4,2009,"WD","Normal",0,"Test"
"1738",1738,60,"RL",NA,11949,"Pave",NA,"Reg","Lvl","AllPub","Inside","Gtl","NoRidge","Norm","Norm","1Fam","2Story","7","8",1991,2008,"Gable","CompShg","VinylSd","VinylSd","BrkFace",196,"Gd","Gd","PConc","Gd","TA","No","GLQ",601,"ALQ",216,158,975,"GasA","Ex","Y","SBrkr",975,780,0,1755,0,1,2,1,3,1,"Gd",7,"Typ",1,"TA","Attchd",1991,"Unf",2,524,"TA","TA","Y",502,60,0,0,0,0,NA,"GdPrv",NA,0,7,2009,"WD","Normal",0,"Test"
"1739",1739,160,"FV",32,2880,"Pave","Pave","Reg","Lvl","AllPub","Inside","Gtl","Somerst","Norm","Norm","Twnhs","2Story","7","5",2004,2005,"Gable","CompShg","MetalSd","MetalSd","None",0,"Gd","TA","PConc","Gd","TA","No","Unf",0,"Unf",0,1376,1376,"GasA","Ex","Y","SBrkr",1376,1629,0,3005,0,0,2,1,3,1,"Gd",9,"Mod",1,"TA","BuiltIn",2004,"Fin",3,704,"TA","TA","Y",0,177,0,0,0,0,NA,NA,NA,0,7,2009,"WD","Normal",0,"Test"
"1740",1740,120,"FV",NA,3830,"Pave","Pave","IR1","Lvl","AllPub","Inside","Gtl","Somerst","Norm","Norm","TwnhsE","1Story","6","5",2008,2008,"Gable","CompShg","VinylSd","VinylSd","Stone",280,"Gd","TA","PConc","Gd","TA","No","Unf",0,"Unf",0,1726,1726,"GasA","Ex","Y","SBrkr",1726,0,0,1726,0,0,2,1,2,1,"Gd",6,"Typ",1,"Gd","Attchd",2008,"Fin",2,561,"TA","TA","Y",0,254,0,0,0,0,NA,NA,NA,0,1,2009,"New","Partial",0,"Test"
"1741",1741,120,"FV",NA,4217,"Pave","Pave","IR1","Lvl","AllPub","Inside","Gtl","Somerst","Norm","Norm","TwnhsE","1Story","6","5",2008,2008,"Gable","CompShg","VinylSd","VinylSd","Stone",252,"Gd","TA","PConc","Gd","TA","No","GLQ",962,"Unf",0,183,1145,"GasA","Ex","Y","SBrkr",1256,0,0,1256,1,0,1,1,1,1,"Gd",5,"Typ",1,"Gd","Attchd",2008,"Fin",2,641,"TA","TA","Y",0,169,0,0,0,0,NA,NA,NA,0,3,2009,"WD","Normal",0,"Test"
"1742",1742,160,"FV",34,2998,"Pave",NA,"Reg","Lvl","AllPub","Inside","Gtl","Somerst","Norm","Norm","TwnhsE","2Story","6","5",2000,2000,"Gable","CompShg","MetalSd","MetalSd","BrkFace",513,"Gd","TA","PConc","Gd","TA","No","GLQ",507,"Unf",0,249,756,"GasA","Ex","Y","SBrkr",756,756,0,1512,1,0,2,1,2,1,"Gd",4,"Typ",0,NA,"Detchd",2000,"Unf",2,440,"TA","TA","Y",0,32,0,0,0,0,NA,NA,NA,0,8,2009,"WD","Normal",0,"Test"
"1743",1743,160,"FV",35,3768,"Pave",NA,"Reg","Lvl","AllPub","FR2","Gtl","Somerst","Norm","Norm","TwnhsE","2Story","7","5",1999,1999,"Hip","CompShg","MetalSd","MetalSd","BrkFace",218,"Gd","TA","PConc","Gd","TA","No","GLQ",549,"Unf",0,142,691,"GasA","Ex","Y","SBrkr",713,739,0,1452,1,0,2,1,3,1,"Gd",6,"Typ",0,NA,"Detchd",1999,"Unf",2,506,"TA","TA","Y",0,34,0,0,0,0,NA,NA,NA,0,9,2009,"WD","Normal",0,"Test"
"1744",1744,20,"RL",NA,14694,"Pave",NA,"IR1","Lvl","AllPub","Inside","Gtl","Veenker","Norm","Norm","1Fam","1Story","8","9",1977,2008,"Gable","CompShg","MetalSd","MetalSd","BrkFace",450,"Ex","Ex","CBlock","Gd","Gd","Gd","GLQ",1252,"ALQ",136,306,1694,"GasA","Ex","Y","SBrkr",1694,0,0,1694,1,0,2,0,2,1,"Ex",5,"Typ",1,"Gd","Attchd",1977,"Fin",2,642,"TA","TA","Y",501,120,0,225,0,0,NA,NA,NA,0,6,2009,"WD","Normal",0,"Test"
"1745",1745,20,"RL",110,15417,"Pave",NA,"Reg","Lvl","AllPub","Inside","Gtl","Veenker","Norm","Norm","1Fam","1Story","7","5",1981,1981,"Gable","CompShg","BrkFace","BrkFace","None",0,"Gd","TA","CBlock","Gd","TA","Mn","LwQ",121,"Unf",0,1619,1740,"GasA","TA","Y","SBrkr",1740,0,0,1740,0,0,1,1,2,1,"Gd",7,"Typ",0,NA,"Attchd",1981,"RFn",2,540,"TA","TA","Y",228,20,218,0,0,0,NA,NA,NA,0,6,2009,"WD","Normal",0,"Test"
"1746",1746,80,"RL",80,9600,"Pave",NA,"Reg","Low","AllPub","FR2","Mod","Veenker","Feedr","Norm","1Fam","SLvl","8","5",1976,1976,"Gable","CompShg","Plywood","Plywood","BrkFace",200,"Gd","Gd","CBlock","TA","TA","No","Unf",0,"Unf",0,392,392,"GasA","Ex","Y","SBrkr",1487,1012,0,2499,0,0,2,1,4,1,"TA",5,"Typ",1,"Gd","Attchd",1976,"Unf",2,527,"TA","TA","Y",0,64,0,0,0,0,NA,NA,NA,0,1,2009,"WD","Abnorml",0,"Test"
"1747",1747,60,"RL",NA,12732,"Pave",NA,"IR1","Lvl","AllPub","CulDSac","Gtl","NWAmes","PosN","Norm","1Fam","2Story","7","6",1974,1974,"Gable","CompShg","VinylSd","VinylSd","None",0,"TA","TA","CBlock","TA","TA","Mn","GLQ",560,"LwQ",42,150,752,"GasA","TA","Y","SBrkr",1285,782,0,2067,0,0,2,1,3,1,"Gd",7,"Typ",2,"TA","Attchd",1974,"RFn",2,784,"TA","TA","Y",297,40,0,0,0,0,NA,NA,NA,0,6,2009,"WD","Normal",0,"Test"
"1748",1748,60,"RL",80,10400,"Pave",NA,"Reg","Lvl","AllPub","Inside","Gtl","NWAmes","PosA","Norm","1Fam","2Story","6","7",1967,1997,"Gable","CompShg","MetalSd","MetalSd","BrkFace",256,"TA","TA","PConc","TA","TA","No","Unf",0,"Unf",0,932,932,"GasA","Gd","Y","SBrkr",1271,1369,0,2640,0,0,2,1,5,1,"Gd",8,"Typ",1,"TA","Attchd",1967,"RFn",2,515,"TA","TA","Y",0,120,0,0,168,0,NA,NA,NA,0,5,2009,"WD","Normal",0,"Test"
"1749",1749,20,"RL",80,9600,"Pave",NA,"Reg","Lvl","AllPub","Inside","Gtl","NWAmes","Feedr","Norm","1Fam","1Story","5","5",1969,1969,"Gable","CompShg","HdBoard","HdBoard","BrkFace",128,"TA","TA","CBlock","Gd","TA","Mn","ALQ",553,"Rec",147,588,1288,"GasA","TA","Y","SBrkr",1336,0,0,1336,0,1,2,0,3,1,"TA",6,"Typ",1,"Fa","Attchd",1969,"RFn",2,502,"TA","TA","Y",312,11,0,0,0,0,NA,NA,"Shed",650,8,2009,"WD","Normal",0,"Test"
"1750",1750,20,"RL",75,9000,"Pave",NA,"Reg","Lvl","AllPub","Inside","Gtl","NWAmes","Feedr","Norm","1Fam","1Story","6","5",1969,1969,"Gable","CompShg","HdBoard","HdBoard","BrkFace",200,"TA","TA","CBlock","TA","TA","Av","BLQ",955,"Unf",0,261,1216,"GasA","TA","Y","SBrkr",1216,0,0,1216,1,0,1,0,3,1,"TA",5,"Typ",0,NA,"Attchd",1969,"Unf",1,336,"TA","TA","Y",0,0,0,0,0,0,NA,"MnPrv",NA,0,8,2009,"WD","Abnorml",0,"Test"
"1751",1751,60,"RL",NA,13774,"Pave",NA,"IR1","Lvl","AllPub","Inside","Gtl","NWAmes","Norm","Norm","1Fam","2Story","7","7",1977,1992,"Hip","CompShg","HdBoard","HdBoard","BrkFace",283,"TA","Gd","PConc","Gd","TA","No","GLQ",432,"Unf",0,476,908,"GasA","Ex","Y","SBrkr",1316,972,0,2288,0,0,1,2,4,1,"Gd",8,"Typ",2,"TA","Attchd",1977,"RFn",2,520,"TA","TA","Y",321,72,0,0,156,0,NA,NA,NA,0,11,2009,"WD","Normal",0,"Test"
"1752",1752,20,"RL",62,7130,"Pave",NA,"Reg","Lvl","AllPub","Inside","Gtl","NAmes","Norm","Norm","1Fam","1Story","5","6",1967,1967,"Gable","CompShg","HdBoard","HdBoard","None",0,"TA","TA","PConc","TA","TA","No","BLQ",648,"Unf",0,216,864,"GasA","TA","Y","SBrkr",864,0,0,864,0,1,1,0,2,1,"TA",5,"Typ",0,NA,"Attchd",1967,"Fin",1,312,"TA","TA","Y",0,0,0,0,0,0,NA,"GdPrv",NA,0,6,2009,"WD","Normal",0,"Test"
"1753",1753,20,"RL",80,9600,"Pave",NA,"Reg","Lvl","AllPub","Inside","Gtl","NAmes","Norm","Norm","1Fam","1Story","5","5",1967,1967,"Hip","CompShg","HdBoard","HdBoard","None",0,"TA","TA","CBlock","TA","TA","No","Unf",0,"Unf",0,1568,1568,"GasA","TA","Y","SBrkr",1568,0,0,1568,0,0,1,1,3,1,"TA",7,"Typ",0,NA,"Attchd",1967,"Unf",2,440,"TA","TA","Y",160,40,0,0,0,0,NA,NA,NA,0,3,2009,"COD","Normal",0,"Test"
"1754",1754,60,"RL",80,9600,"Pave",NA,"Reg","Lvl","AllPub","Inside","Gtl","NWAmes","Norm","Norm","1Fam","2Story","7","5",1974,1974,"Gable","CompShg","Plywood","Plywood","BrkFace",252,"TA","TA","CBlock","TA","TA","No","ALQ",698,"Unf",0,467,1165,"GasA","Gd","Y","SBrkr",1165,896,0,2061,0,1,2,1,4,1,"TA",8,"Typ",1,"TA","Attchd",1974,"RFn",2,498,"TA","TA","Y",0,77,0,0,196,0,NA,NA,NA,0,5,2009,"COD","Abnorml",0,"Test"
"1755",1755,85,"RL",NA,16500,"Pave",NA,"Reg","Lvl","AllPub","Inside","Gtl","NWAmes","Norm","Norm","1Fam","SFoyer","6","5",1971,1971,"Hip","CompShg","HdBoard","HdBoard","BrkFace",509,"TA","TA","CBlock","Gd","TA","Av","GLQ",962,"Unf",0,270,1232,"GasA","Fa","Y","SBrkr",1320,0,0,1320,0,1,2,0,3,1,"TA",5,"Typ",1,"Gd","Attchd",1971,"RFn",2,495,"TA","TA","Y",0,20,0,0,0,0,NA,NA,NA,0,5,2009,"WD","Normal",0,"Test"
"1756",1756,20,"RL",60,7436,"Pave",NA,"Reg","Lvl","AllPub","Inside","Gtl","NAmes","Norm","Norm","1Fam","1Story","4","7",1960,1960,"Gable","CompShg","VinylSd","VinylSd","None",0,"TA","TA","CBlock","TA","TA","No","ALQ",734,"Unf",0,160,894,"GasA","Gd","Y","SBrkr",894,0,0,894,1,0,1,0,2,1,"TA",5,"Typ",1,"Po","Detchd",1988,"Unf",2,396,"TA","TA","Y",0,0,0,360,0,0,NA,"GdWo",NA,0,8,2009,"WD","Normal",0,"Test"
"1757",1757,20,"RL",65,8125,"Pave",NA,"Reg","Lvl","AllPub","Inside","Gtl","NAmes","Norm","Norm","1Fam","1Story","5","7",1959,1959,"Hip","CompShg","MetalSd","MetalSd","None",0,"TA","TA","CBlock","TA","TA","No","BLQ",403,"Unf",0,461,864,"GasA","Ex","Y","SBrkr",864,0,0,864,0,0,1,0,3,1,"TA",5,"Typ",0,NA,"Detchd",1960,"Unf",1,308,"TA","TA","Y",0,0,0,0,0,0,NA,NA,NA,0,9,2009,"WD","Normal",0,"Test"
"1758",1758,20,"RL",NA,9450,"Pave",NA,"IR1","Lvl","AllPub","Corner","Gtl","NAmes","Norm","Norm","1Fam","1Story","4","5",1957,1957,"Gable","CompShg","Wd Sdng","Wd Sdng","BrkFace",160,"TA","TA","CBlock","TA","TA","No","BLQ",775,"Unf",0,265,1040,"GasA","TA","Y","SBrkr",1362,0,0,1362,1,0,1,0,3,1,"TA",6,"Typ",1,"Gd","Attchd",1982,"RFn",3,768,"TA","TA","Y",0,0,84,0,0,0,NA,"MnPrv",NA,0,5,2009,"WD","Normal",0,"Test"
"1759",1759,20,"RL",NA,13495,"Pave",NA,"IR1","Lvl","AllPub","Corner","Gtl","NAmes","Norm","Norm","1Fam","1Story","5","6",1956,1956,"Gable","CompShg","Wd Sdng","Wd Sdng","BrkFace",70,"TA","Gd","CBlock","TA","TA","No","BLQ",625,"LwQ",201,222,1048,"GasA","Fa","Y","SBrkr",1728,0,0,1728,1,0,2,0,3,1,"TA",7,"Min1",1,"Gd","Detchd",1956,"Unf",2,576,"TA","TA","Y",0,99,0,0,0,0,NA,NA,NA,0,7,2009,"WD","Normal",0,"Test"
"1760",1760,20,"RL",85,9350,"Pave",NA,"Reg","Lvl","AllPub","Inside","Gtl","NAmes","Norm","Norm","1Fam","1Story","5","6",1961,1995,"Gable","CompShg","Wd Sdng","Wd Sdng","BrkFace",217,"TA","TA","CBlock","TA","TA","No","ALQ",310,"BLQ",512,491,1313,"GasA","TA","Y","SBrkr",1313,0,0,1313,1,0,1,1,3,1,"Gd",6,"Typ",1,"TA","Attchd",1961,"RFn",2,610,"TA","TA","Y",172,28,0,0,121,0,NA,"MnPrv",NA,0,2,2009,"WD","Normal",0,"Test"
"1761",1761,20,"RL",115,10500,"Pave",NA,"IR1","Lvl","AllPub","Inside","Gtl","NAmes","Norm","Norm","1Fam","1Story","5","5",1964,1964,"Gable","CompShg","HdBoard","HdBoard","Stone",144,"TA","Gd","CBlock","TA","TA","No","LwQ",998,"Unf",0,294,1292,"GasA","TA","Y","SBrkr",1292,0,0,1292,1,0,1,1,3,1,"TA",6,"Typ",2,"Gd","Detchd",1964,"Unf",2,520,"TA","TA","Y",0,32,0,0,92,0,NA,NA,NA,0,7,2009,"COD","Abnorml",0,"Test"
"1762",1762,60,"RL",NA,8970,"Pave",NA,"IR1","Lvl","AllPub","Corner","Gtl","NAmes","Norm","Norm","1Fam","2Story","5","6",1965,1965,"Gable","CompShg","MetalSd","MetalSd","None",0,"TA","Gd","CBlock","TA","TA","No","ALQ",388,"Unf",0,356,744,"GasA","TA","Y","SBrkr",825,1315,0,2140,0,0,2,1,4,1,"TA",7,"Typ",1,"TA","Attchd",1965,"Fin",2,549,"TA","TA","Y",0,40,264,0,0,0,NA,"MnPrv",NA,0,6,2009,"WD","Normal",0,"Test"
"1763",1763,80,"RL",85,11475,"Pave",NA,"Reg","Lvl","AllPub","Corner","Gtl","NAmes","Norm","Norm","1Fam","SLvl","6","6",1961,1961,"Hip","CompShg","HdBoard","HdBoard","BrkFace",90,"TA","TA","CBlock","TA","TA","Gd","ALQ",568,"Unf",0,640,1208,"GasA","Ex","Y","SBrkr",1576,0,0,1576,1,0,1,0,4,1,"Gd",7,"Typ",1,"Po","BuiltIn",1961,"Fin",2,368,"TA","TA","Y",85,0,0,0,0,0,NA,NA,NA,0,9,2009,"WD","Normal",0,"Test"
"1764",1764,20,"RL",68,9768,"Pave",NA,"Reg","Lvl","AllPub","Inside","Gtl","NAmes","Norm","Norm","1Fam","1Story","5","5",1955,1955,"Gable","CompShg","Wd Sdng","Wd Sdng","None",0,"TA","TA","CBlock","TA","TA","No","Rec",100,"ALQ",247,613,960,"GasA","Gd","Y","SBrkr",960,0,0,960,1,0,1,0,2,1,"TA",5,"Typ",0,NA,"Attchd",1955,"RFn",1,330,"TA","TA","Y",0,70,0,0,0,0,NA,"MnPrv",NA,0,2,2009,"WD","Normal",0,"Test"
"1765",1765,20,"RL",90,9900,"Pave",NA,"Reg","Lvl","AllPub","Inside","Gtl","NAmes","Feedr","Norm","1Fam","1Story","6","5",1967,1967,"Gable","CompShg","BrkComm","Brk Cmn","None",0,"Gd","TA","CBlock","TA","TA","No","Rec",1173,"Unf",0,507,1680,"GasA","TA","Y","SBrkr",1691,0,0,1691,1,0,1,0,2,1,"TA",5,"Typ",0,NA,"Attchd",1967,"Unf",2,550,"Gd","TA","Y",0,67,260,0,0,0,NA,"MnPrv",NA,0,4,2009,"WD","Normal",0,"Test"
"1766",1766,20,"RL",92,10573,"Pave",NA,"IR1","Lvl","AllPub","Corner","Gtl","NAmes","Norm","Norm","1Fam","1Story","6","6",1961,1961,"Hip","CompShg","MetalSd","MetalSd","BrkFace",3,"TA","TA","CBlock","TA","TA","No","Rec",1312,"Unf",0,141,1453,"GasA","Ex","Y","SBrkr",1453,0,0,1453,1,0,2,0,3,1,"TA",6,"Typ",1,"TA","Attchd",1961,"RFn",2,530,"TA","TA","Y",0,49,0,0,288,0,NA,"GdPrv",NA,0,4,2009,"WD","Normal",0,"Test"
"1767",1767,20,"RL",80,14695,"Pave",NA,"IR1","Lvl","AllPub","Inside","Gtl","NAmes","Norm","Norm","1Fam","1Story","6","8",1966,2008,"Gable","CompShg","MetalSd","MetalSd","BrkFace",210,"TA","Gd","CBlock","TA","TA","No","ALQ",1387,"Unf",0,175,1562,"GasA","Gd","Y","SBrkr",1567,0,0,1567,1,0,2,0,2,1,"Gd",5,"Typ",2,"Gd","Attchd",1966,"Unf",2,542,"TA","TA","Y",0,110,0,0,342,0,NA,"GdWo",NA,0,7,2009,"WD","Normal",0,"Test"
"1768",1768,20,"RL",73,8760,"Pave",NA,"Reg","Lvl","AllPub","Inside","Gtl","NAmes","Norm","Norm","1Fam","1Story","5","7",1956,1956,"Gable","CompShg","Wd Sdng","Wd Sdng","BrkFace",164,"Gd","TA","CBlock","TA","TA","No","ALQ",856,"Unf",0,313,1169,"GasA","TA","Y","SBrkr",1144,0,0,1144,1,0,1,0,3,1,"TA",6,"Typ",0,NA,"Attchd",1956,"RFn",1,286,"TA","TA","Y",257,0,0,0,0,0,NA,NA,NA,0,6,2009,"WD","Normal",0,"Test"
"1769",1769,20,"RL",NA,12285,"Pave",NA,"IR1","Lvl","AllPub","Inside","Gtl","NAmes","Norm","Norm","1Fam","1Story","7","6",1960,1960,"Gable","CompShg","Plywood","Plywood","BrkFace",128,"TA","TA","CBlock","TA","TA","No","BLQ",544,"Unf",0,785,1329,"GasA","Gd","Y","SBrkr",1329,0,0,1329,0,0,1,1,3,1,"TA",5,"Typ",2,"Gd","Attchd",1960,"Unf",2,441,"TA","TA","Y",0,0,203,0,0,0,NA,NA,NA,0,8,2009,"WD","Normal",0,"Test"
"1770",1770,20,"RL",66,9240,"Pave",NA,"IR1","Lvl","AllPub","Inside","Gtl","NAmes","Norm","Norm","1Fam","1Story","6","8",1959,1998,"Hip","CompShg","MetalSd","MetalSd","None",0,"Gd","TA","CBlock","TA","TA","No","ALQ",708,"Unf",0,280,988,"GasA","TA","Y","SBrkr",988,0,0,988,1,0,2,0,3,1,"Gd",6,"Typ",0,NA,"Attchd",1959,"Unf",1,297,"TA","TA","Y",156,0,0,0,0,0,NA,NA,NA,0,6,2009,"WD","Normal",0,"Test"
"1771",1771,20,"RL",70,8750,"Pave",NA,"Reg","Lvl","AllPub","Inside","Gtl","NAmes","Norm","Norm","1Fam","1Story","5","5",1956,1956,"Gable","CompShg","BrkFace","BrkFace","None",0,"TA","TA","CBlock","TA","TA","No","Rec",435,"BLQ",202,565,1202,"GasA","TA","Y","SBrkr",1202,0,0,1202,0,1,1,0,3,1,"TA",6,"Typ",0,NA,"Attchd",1956,"RFn",1,304,"TA","TA","Y",0,35,120,0,0,0,NA,"GdWo",NA,0,11,2009,"COD","Abnorml",0,"Test"
"1772",1772,20,"RL",70,8750,"Pave",NA,"Reg","Lvl","AllPub","Inside","Gtl","NAmes","Norm","Norm","1Fam","1Story","5","5",1955,1955,"Gable","CompShg","AsbShng","AsbShng","None",0,"TA","TA","CBlock","TA","TA","No","Rec",172,"LwQ",483,727,1382,"GasA","Gd","Y","FuseA",1382,0,0,1382,0,1,1,0,3,1,"Gd",6,"Typ",0,NA,"Attchd",1955,"Unf",1,350,"TA","TA","Y",280,0,0,0,0,0,NA,"GdWo",NA,0,7,2009,"WD","Normal",0,"Test"
"1773",1773,20,"RL",80,10400,"Pave",NA,"Reg","Lvl","AllPub","Corner","Gtl","NAmes","Norm","Norm","1Fam","1Story","4","5",1956,1956,"Gable","CompShg","Plywood","Plywood","None",0,"TA","TA","CBlock","TA","TA","No","Rec",155,"LwQ",750,295,1200,"GasA","TA","Y","SBrkr",1200,0,0,1200,1,0,1,0,3,1,"TA",6,"Typ",2,"Gd","Attchd",1956,"Unf",1,294,"TA","TA","Y",0,189,140,0,0,0,NA,NA,NA,0,11,2009,"WD","Family",0,"Test"
"1774",1774,90,"RL",76,9482,"Pave",NA,"Reg","Lvl","AllPub","Inside","Gtl","NAmes","Norm","Norm","Duplex","1Story","5","4",1958,1958,"Hip","CompShg","Wd Sdng","Wd Sdng","BrkFace",657,"TA","TA","PConc","TA","TA","No","Unf",0,"Unf",0,1866,1866,"GasA","Ex","Y","SBrkr",1866,0,0,1866,0,0,2,0,4,2,"TA",8,"Typ",0,NA,"Detchd",1958,"Unf",2,495,"TA","Fa","Y",0,0,0,0,0,0,NA,NA,NA,0,12,2009,"WD","Normal",0,"Test"
"1775",1775,20,"RL",53,8128,"Pave",NA,"IR1","Lvl","AllPub","CulDSac","Gtl","NAmes","Norm","Norm","1Fam","1Story","6","7",1954,1954,"Hip","CompShg","MetalSd","MetalSd","BrkFace",80,"TA","TA","CBlock","TA","TA","No","ALQ",490,"Unf",0,572,1062,"GasA","Gd","Y","SBrkr",1062,0,0,1062,1,0,1,0,3,1,"TA",6,"Typ",0,NA,"Attchd",1954,"Unf",1,297,"TA","TA","Y",0,0,0,0,0,0,NA,NA,NA,0,2,2009,"WD","Normal",0,"Test"
"1776",1776,20,"RL",67,13070,"Pave",NA,"Reg","Lvl","AllPub","Corner","Gtl","NAmes","Norm","Norm","1Fam","1Story","5","5",1951,1951,"Hip","CompShg","MetalSd","MetalSd","None",0,"TA","TA","CBlock","TA","TA","No","Rec",308,"Unf",0,323,631,"GasA","TA","Y","FuseA",1112,0,0,1112,0,0,1,0,2,1,"TA",5,"Typ",0,NA,"Basment",1951,"Unf",2,480,"TA","TA","Y",0,0,0,0,255,0,NA,NA,NA,0,10,2009,"WD","Normal",0,"Test"
"1777",1777,30,"RL",80,8480,"Pave",NA,"Reg","Lvl","AllPub","Corner","Gtl","NAmes","Norm","Norm","1Fam","1Story","5","6",1945,1950,"Gable","CompShg","MetalSd","MetalSd","None",0,"TA","Gd","CBlock","TA","TA","No","BLQ",700,"Unf",0,93,793,"GasA","TA","Y","SBrkr",793,0,0,793,1,0,1,0,2,1,"Fa",4,"Typ",0,NA,"Detchd",1945,"Unf",1,240,"TA","TA","Y",0,0,0,0,0,0,NA,NA,NA,0,8,2009,"WD","Normal",0,"Test"
"1778",1778,20,"RL",60,7626,"Pave",NA,"Reg","Lvl","AllPub","Inside","Gtl","NAmes","Norm","Norm","1Fam","1Story","5","8",1952,2005,"Hip","CompShg","Wd Sdng","Wd Sdng","None",0,"Gd","TA","CBlock","TA","TA","No","GLQ",931,"Unf",0,100,1031,"GasA","Gd","Y","SBrkr",1031,0,0,1031,1,0,1,0,2,1,"Gd",5,"Typ",0,NA,"Attchd",1952,"Unf",1,230,"TA","TA","Y",0,0,0,0,0,0,NA,"MnPrv",NA,0,3,2009,"WD","Normal",0,"Test"
"1779",1779,20,"RL",75,9533,"Pave",NA,"Reg","Lvl","AllPub","Inside","Gtl","NAmes","Norm","Norm","1Fam","1Story","5","5",1953,1953,"Hip","CompShg","Wd Sdng","Wd Sdng","BrkFace",140,"TA","TA","Slab",NA,NA,NA,NA,0,NA,0,0,0,"GasA","TA","Y","FuseA",1210,0,0,1210,0,0,1,1,2,1,"TA",7,"Typ",0,NA,"Attchd",1953,"Fin",1,616,"TA","TA","Y",208,0,100,0,0,0,NA,"MnPrv",NA,0,8,2009,"ConLD","Normal",0,"Test"
"1780",1780,60,"RL",78,11419,"Pave",NA,"Reg","Lvl","AllPub","Corner","Gtl","NAmes","Artery","Norm","1Fam","2Story","7","7",1948,1999,"Gable","CompShg","WdShing","Wd Shng","None",0,"TA","TA","CBlock","TA","TA","Mn","ALQ",699,"Unf",0,0,699,"GasA","Ex","Y","FuseA",801,726,0,1527,1,0,1,1,3,1,"TA",6,"Typ",1,"Gd","Attchd",1948,"Unf",2,410,"TA","TA","Y",0,0,134,0,0,0,NA,"GdWo",NA,0,12,2009,"WD","Normal",0,"Test"
"1781",1781,20,"RL",60,9600,"Pave",NA,"Reg","Lvl","AllPub","Inside","Gtl","NAmes","Norm","Norm","1Fam","1Story","5","6",1950,1950,"Gable","CompShg","Wd Sdng","Wd Sdng","None",0,"TA","TA","CBlock","TA","TA","No","BLQ",390,"Unf",0,810,1200,"GasA","TA","Y","SBrkr",1200,0,0,1200,0,0,1,0,3,1,"TA",6,"Typ",0,NA,"Attchd",1950,"Fin",1,246,"TA","TA","Y",126,0,0,0,0,0,NA,"GdWo",NA,0,8,2009,"WD","Normal",0,"Test"
"1782",1782,20,"RL",53,5470,"Pave",NA,"Reg","Lvl","AllPub","Inside","Gtl","OldTown","Norm","Norm","1Fam","1Story","3","5",1958,1958,"Gable","CompShg","MetalSd","MetalSd","None",0,"TA","TA","CBlock","TA","TA","No","Unf",0,"Unf",0,792,792,"GasA","Gd","Y","FuseA",792,0,0,792,0,0,1,0,2,1,"TA",4,"Typ",0,NA,"Attchd",1958,"Unf",1,366,"Fa","TA","Y",0,90,0,0,0,0,NA,NA,NA,0,8,2009,"WD","Normal",0,"Test"
"1783",1783,60,"RL",60,10800,"Pave",NA,"Reg","Lvl","AllPub","Inside","Gtl","OldTown","Norm","Norm","1Fam","2Story","5","7",1939,2006,"Gable","CompShg","VinylSd","VinylSd","None",0,"TA","Gd","BrkTil","TA","TA","No","Unf",0,"Unf",0,676,676,"GasA","Ex","Y","SBrkr",676,676,0,1352,0,1,2,0,4,1,"Gd",7,"Typ",0,NA,"Detchd",1939,"Unf",2,720,"TA","TA","Y",187,0,128,0,0,0,NA,NA,NA,0,8,2009,"WD","Normal",0,"Test"
"1784",1784,70,"RL",80,8146,"Pave",NA,"Reg","Lvl","AllPub","Corner","Gtl","OldTown","Norm","Norm","1Fam","2Story","4","8",1900,2003,"Gable","CompShg","MetalSd","MetalSd","None",0,"Gd","Gd","BrkTil","Fa","TA","No","Unf",0,"Unf",0,405,405,"GasA","Gd","Y","SBrkr",717,322,0,1039,0,0,1,0,2,1,"TA",6,"Typ",0,NA,"Detchd",1940,"Unf",1,281,"TA","TA","N",0,0,168,0,111,0,NA,NA,NA,0,5,2009,"WD","Normal",0,"Test"
"1785",1785,30,"RL",60,10230,"Pave","Grvl","Reg","Lvl","AllPub","Inside","Gtl","OldTown","Norm","Norm","1Fam","1Story","5","7",1925,1950,"Gable","CompShg","MetalSd","MetalSd","None",0,"TA","TA","BrkTil","TA","TA","No","Unf",0,"Unf",0,1054,1054,"GasA","Ex","Y","SBrkr",1078,0,0,1078,0,0,1,0,3,1,"Ex",6,"Typ",0,NA,"Detchd",1987,"Unf",1,264,"TA","TA","N",0,0,0,0,112,0,NA,"GdWo",NA,0,12,2009,"WD","Normal",0,"Test"
"1786",1786,50,"RL",60,10410,"Pave","Grvl","Reg","Lvl","AllPub","Inside","Gtl","OldTown","Norm","Norm","1Fam","1.5Fin","4","5",1915,1950,"Gable","CompShg","MetalSd","MetalSd","None",0,"TA","TA","BrkTil","TA","TA","No","Unf",0,"Unf",0,1313,1313,"GasA","TA","Y","SBrkr",1313,0,1064,2377,0,0,2,0,3,1,"Gd",8,"Min2",1,"TA","Detchd",1954,"Unf",2,528,"TA","TA","Y",0,0,432,0,0,0,NA,NA,NA,0,6,2009,"WD","Normal",0,"Test"
"1787",1787,70,"RL",60,7200,"Pave",NA,"Reg","Lvl","AllPub","Corner","Gtl","OldTown","Artery","Norm","1Fam","2Story","7","9",1910,2008,"Gable","CompShg","VinylSd","VinylSd","None",0,"Gd","Gd","PConc","TA","TA","No","Unf",0,"Unf",0,560,560,"GasA","Ex","Y","SBrkr",930,760,0,1690,0,0,2,0,4,1,"Gd",5,"Typ",0,NA,"Detchd",2008,"Unf",2,624,"TA","TA","Y",0,0,112,0,0,0,NA,NA,NA,0,8,2009,"WD","Normal",0,"Test"
"1788",1788,30,"RL",90,5400,"Pave",NA,"Reg","Lvl","AllPub","Inside","Gtl","OldTown","Artery","Norm","1Fam","1Story","2","5",1940,1950,"Gable","CompShg","Stucco","Stucco","None",0,"Fa","TA","PConc","Fa","TA","No","Unf",0,"Unf",0,416,416,"GasA","Gd","N","FuseA",599,0,0,599,1,0,1,0,2,1,"Gd",4,"Typ",0,NA,NA,NA,NA,0,0,NA,NA,"N",0,81,0,0,0,0,NA,NA,NA,0,6,2009,"WD","Normal",0,"Test"
"1789",1789,30,"RL",60,10800,"Pave","Grvl","Reg","Lvl","AllPub","Inside","Gtl","OldTown","Norm","Norm","1Fam","1Story","5","7",1920,1950,"Gable","CompShg","Wd Sdng","Wd Sdng","None",0,"TA","TA","BrkTil","TA","TA","No","Unf",0,"Unf",0,720,720,"GasA","TA","N","SBrkr",846,0,0,846,0,0,1,0,2,1,"Gd",4,"Typ",0,NA,"Detchd",1980,"Fin",2,576,"TA","TA","N",0,0,0,0,0,0,NA,NA,NA,0,6,2009,"WD","Normal",0,"Test"
"1790",1790,30,"RL",60,10800,"Pave","Grvl","Reg","Lvl","AllPub","Corner","Gtl","OldTown","Norm","Norm","1Fam","1Story","3","5",1890,1998,"Gable","CompShg","VinylSd","VinylSd","None",0,"TA","TA","BrkTil","TA","TA","No","Unf",0,"Unf",0,630,630,"GasA","TA","Y","FuseA",725,0,0,725,0,0,1,1,1,1,"TA",4,"Typ",0,NA,"Detchd",1959,"Unf",1,320,"TA","TA","Y",0,30,0,0,0,0,NA,NA,NA,0,11,2009,"WD","Normal",0,"Test"
"1791",1791,90,"RL",81,9671,"Pave",NA,"Reg","Lvl","AllPub","Corner","Gtl","NAmes","Artery","Norm","Duplex","2Story","6","5",1969,1969,"Gable","CompShg","MetalSd","MetalSd","Stone",480,"TA","TA","CBlock","TA","TA","No","Unf",0,"Unf",0,1248,1248,"GasA","TA","Y","SBrkr",1248,1296,0,2544,0,0,2,2,6,2,"TA",12,"Typ",0,NA,"Attchd",1969,"RFn",3,907,"TA","TA","Y",0,0,0,0,0,0,NA,NA,NA,0,8,2009,"WD","Normal",0,"Test"
"1792",1792,20,"RL",83,10143,"Pave",NA,"Reg","Lvl","AllPub","Inside","Gtl","NAmes","Norm","Norm","1Fam","1Story","6","7",1963,1963,"Gable","CompShg","HdBoard","HdBoard","BrkFace",295,"TA","TA","CBlock","TA","TA","No","Rec",384,"Unf",0,996,1380,"GasA","Fa","Y","SBrkr",1380,0,0,1380,0,0,1,1,3,1,"TA",6,"Typ",0,NA,"Attchd",1963,"Unf",1,364,"TA","TA","Y",0,0,0,0,216,0,NA,"GdWo",NA,0,6,2009,"WD","Normal",0,"Test"
"1793",1793,20,"RL",77,11500,"Pave",NA,"IR1","Lvl","AllPub","Inside","Gtl","NAmes","Norm","Norm","1Fam","1Story","6","4",1967,1967,"Gable","CompShg","HdBoard","HdBoard","None",0,"Fa","TA","CBlock","TA","Fa","No","BLQ",872,"Rec",60,108,1040,"GasA","Gd","Y","SBrkr",1040,0,0,1040,1,0,1,0,3,1,"TA",6,"Min1",1,"Po","Attchd",1967,"RFn",2,480,"TA","TA","Y",0,0,156,0,0,0,NA,"MnPrv",NA,0,5,2009,"WD","Normal",0,"Test"
"1794",1794,20,"RL",62,8010,"Pave",NA,"Reg","Lvl","AllPub","Inside","Gtl","NAmes","Norm","Norm","1Fam","1Story","6","9",1958,2007,"Hip","CompShg","Wd Sdng","Wd Sdng","None",0,"Gd","Gd","CBlock","TA","TA","Mn","GLQ",745,"Unf",0,206,951,"GasA","Gd","Y","SBrkr",951,0,0,951,1,0,1,0,2,1,"Gd",6,"Typ",0,NA,"Detchd",1985,"Unf",2,480,"TA","TA","Y",0,0,42,0,0,0,NA,NA,"Shed",450,9,2009,"WD","Normal",0,"Test"
"1795",1795,20,"RL",90,10454,"Pave",NA,"IR1","Lvl","AllPub","Corner","Gtl","NAmes","Norm","Norm","1Fam","1Story","6","6",1957,1957,"Hip","CompShg","Plywood","Plywood","Stone",143,"TA","TA","CBlock","TA","TA","No","Rec",546,"Unf",0,559,1105,"GasA","Gd","Y","FuseA",1105,0,0,1105,0,0,1,0,3,1,"TA",5,"Typ",0,NA,"Detchd",1957,"Unf",1,308,"TA","TA","Y",0,0,0,0,0,0,NA,NA,NA,0,4,2009,"WD","Normal",0,"Test"
"1796",1796,20,"RL",80,9000,"Pave",NA,"IR1","HLS","AllPub","Inside","Mod","NAmes","Norm","Norm","1Fam","1Story","6","6",1958,1958,"Flat","Tar&Grv","Wd Sdng","Wd Sdng","BrkFace",82,"TA","TA","CBlock","Gd","TA","Gd","Unf",0,"Unf",0,160,160,"GasA","Fa","Y","SBrkr",1142,0,0,1142,0,0,1,0,2,1,"TA",5,"Typ",1,"Gd","Basment",1958,"RFn",1,384,"TA","TA","Y",0,28,64,0,0,0,NA,NA,NA,0,4,2009,"WD","Normal",0,"Test"
"1797",1797,50,"RL",60,8064,"Pave",NA,"Reg","Lvl","AllPub","Inside","Gtl","NAmes","Artery","Norm","1Fam","1.5Fin","6","5",1950,1950,"Gable","CompShg","Wd Sdng","Wd Sdng","None",0,"TA","TA","CBlock","TA","TA","Av","Rec",621,"Unf",0,174,795,"GasA","Gd","N","SBrkr",765,368,0,1133,0,0,1,0,3,1,"TA",5,"Typ",0,NA,"Detchd",1989,"Unf",2,900,"TA","TA","Y",0,0,0,0,231,0,NA,NA,NA,0,12,2009,"COD","Abnorml",0,"Test"
"1798",1798,20,"RL",71,7350,"Pave",NA,"Reg","Lvl","AllPub","Inside","Gtl","NAmes","Norm","Norm","1Fam","1Story","5","6",1958,1958,"Hip","CompShg","BrkFace","BrkFace","None",0,"TA","TA","CBlock","TA","TA","No","Unf",0,"Unf",0,1041,1041,"GasA","Gd","Y","SBrkr",1041,0,0,1041,0,0,1,0,3,1,"TA",6,"Typ",0,NA,"Attchd",1958,"RFn",1,294,"TA","TA","Y",0,0,0,0,0,0,NA,"GdWo",NA,0,3,2009,"WD","Normal",0,"Test"
"1799",1799,20,"RL",60,7200,"Pave",NA,"Reg","Lvl","AllPub","Corner","Gtl","NAmes","Norm","Norm","1Fam","1Story","5","7",1952,1952,"Gable","CompShg","MetalSd","MetalSd","None",0,"TA","Gd","CBlock","TA","Gd","No","ALQ",630,"BLQ",102,0,732,"GasA","TA","Y","SBrkr",732,0,0,732,1,0,1,0,2,1,"TA",4,"Typ",0,NA,"Detchd",1952,"Unf",1,240,"TA","TA","Y",0,68,0,0,0,0,NA,NA,NA,0,9,2009,"WD","Normal",0,"Test"
"1800",1800,80,"RL",80,8000,"Pave",NA,"Reg","Lvl","AllPub","Inside","Gtl","NAmes","Norm","Norm","1Fam","SLvl","5","5",1959,1959,"Gable","CompShg","BrkFace","Plywood","None",0,"TA","TA","CBlock","Gd","TA","Av","GLQ",433,"Rec",95,0,528,"GasA","TA","Y","SBrkr",1183,0,0,1183,1,0,1,0,3,1,"TA",6,"Typ",0,NA,"Attchd",1959,"RFn",1,288,"TA","TA","Y",0,0,0,0,0,0,NA,"GdWo",NA,0,7,2009,"WD","Normal",0,"Test"
"1801",1801,50,"RL",60,10800,"Pave",NA,"Reg","Lvl","AllPub","Inside","Gtl","NAmes","Artery","Norm","1Fam","1.5Fin","4","7",1949,1996,"Gable","CompShg","MetalSd","MetalSd","None",0,"TA","TA","CBlock","TA","TA","No","Unf",0,"Unf",0,832,832,"GasA","TA","Y","FuseF",832,629,0,1461,0,0,2,0,4,1,"TA",6,"Typ",0,NA,"Detchd",1949,"Unf",1,384,"TA","TA","Y",0,204,0,0,0,0,NA,NA,NA,0,8,2009,"WD","Normal",0,"Test"
"1802",1802,50,"RL",60,8064,"Pave",NA,"Reg","Lvl","AllPub","Corner","Gtl","NAmes","Artery","Norm","1Fam","1.5Fin","6","7",1948,1994,"Gable","CompShg","MetalSd","MetalSd","None",0,"TA","TA","CBlock","TA","TA","No","LwQ",120,"Unf",0,744,864,"GasA","TA","Y","SBrkr",1064,0,431,1495,0,0,1,0,3,1,"TA",6,"Typ",0,NA,"Detchd",1994,"Unf",2,576,"TA","TA","Y",180,36,0,0,0,0,NA,NA,NA,0,8,2009,"COD","Abnorml",0,"Test"
"1803",1803,60,"RL",76,7570,"Pave",NA,"Reg","Lvl","AllPub","Corner","Gtl","NAmes","Norm","Norm","1Fam","2Story","6","5",1964,1964,"Gable","CompShg","HdBoard","HdBoard","BrkFace",420,"TA","TA","CBlock","TA","TA","No","Unf",0,"Unf",0,780,780,"GasA","TA","Y","SBrkr",993,813,0,1806,0,0,1,1,4,1,"TA",8,"Typ",0,NA,"Attchd",1964,"Unf",2,483,"TA","TA","Y",0,55,0,0,0,0,NA,NA,NA,0,3,2009,"WD","Normal",0,"Test"
"1804",1804,90,"RL",75,8604,"Pave",NA,"IR1","Lvl","AllPub","Inside","Gtl","NAmes","Norm","Norm","Duplex","SFoyer","5","7",1978,1978,"Gable","CompShg","Plywood","Plywood","BrkFace",124,"TA","Gd","CBlock","Gd","TA","Av","GLQ",941,"Unf",0,0,941,"GasA","Gd","Y","SBrkr",941,0,0,941,1,0,1,0,2,1,"Gd",4,"Typ",0,NA,"Attchd",1978,"Unf",2,564,"TA","TA","Y",0,40,0,0,0,0,NA,NA,NA,0,11,2009,"WD","Normal",0,"Test"
"1805",1805,20,"RL",80,7936,"Pave",NA,"Reg","Lvl","AllPub","Inside","Gtl","NAmes","Norm","Norm","1Fam","1Story","6","6",1963,1963,"Hip","CompShg","HdBoard","HdBoard","None",0,"TA","TA","CBlock","TA","TA","No","BLQ",826,"Unf",0,219,1045,"GasA","TA","Y","SBrkr",1045,0,0,1045,1,0,1,0,3,1,"TA",6,"Typ",1,"Fa","Attchd",1963,"RFn",1,264,"TA","TA","Y",0,0,0,0,0,0,NA,NA,NA,0,4,2009,"WD","Normal",0,"Test"
"1806",1806,50,"RM",68,4080,"Pave","Grvl","Reg","Lvl","AllPub","Inside","Gtl","OldTown","Norm","Norm","1Fam","1.5Fin","6","8",1935,1998,"Gable","CompShg","Wd Sdng","Wd Sdng","None",0,"TA","TA","PConc","TA","TA","No","Unf",0,"Unf",0,901,901,"GasA","Gd","Y","SBrkr",861,517,0,1378,0,0,1,0,3,1,"Gd",6,"Typ",0,NA,"Detchd",1920,"Unf",1,162,"Fa","Fa","P",54,0,40,0,0,0,NA,NA,NA,0,6,2009,"WD","Normal",0,"Test"
"1807",1807,90,"RM",57,10307,"Pave","Grvl","Reg","Lvl","AllPub","Inside","Gtl","OldTown","Norm","Norm","Duplex","2Story","6","5",1910,1950,"Gable","CompShg","Wd Sdng","Wd Sdng","None",0,"TA","TA","CBlock","TA","TA","Mn","LwQ",633,"Unf",0,339,972,"GasA","Gd","N","FuseA",972,972,0,1944,1,0,2,0,4,2,"TA",12,"Typ",0,NA,"Detchd",1920,"Unf",2,324,"Fa","TA","N",0,28,169,0,0,0,NA,NA,NA,0,6,2009,"WD","Normal",0,"Test"
"1808",1808,50,"RM",90,15660,"Pave",NA,"Reg","Lvl","AllPub","Inside","Gtl","OldTown","Norm","Norm","1Fam","1.5Fin","5","8",1910,2003,"Gable","CompShg","VinylSd","VinylSd","None",0,"TA","Gd","CBlock","TA","TA","No","Unf",0,"Unf",0,240,240,"GasA","TA","Y","SBrkr",810,496,0,1306,0,0,1,1,3,1,"Gd",6,"Typ",0,NA,"Detchd",1959,"Unf",2,472,"Fa","TA","N",0,0,0,0,0,0,NA,"MnPrv",NA,0,7,2009,"WD","Normal",0,"Test"
"1809",1809,70,"RM",90,9900,"Pave",NA,"Reg","Lvl","AllPub","Corner","Gtl","OldTown","Norm","Norm","1Fam","2Story","5","8",1910,2002,"Gable","CompShg","VinylSd","VinylSd","None",0,"Gd","TA","CBlock","TA","TA","No","Unf",0,"Unf",0,504,504,"GasA","Ex","Y","SBrkr",764,700,0,1464,0,0,2,0,3,1,"TA",7,"Typ",0,NA,NA,NA,NA,0,0,NA,NA,"N",0,0,176,0,0,0,NA,NA,NA,0,3,2009,"WD","Normal",0,"Test"
"1810",1810,70,"RM",57,6406,"Pave","Grvl","Reg","Lvl","AllPub","Inside","Gtl","OldTown","Norm","Norm","1Fam","2Story","5","6",1939,1950,"Gable","CompShg","Wd Sdng","Wd Sdng","None",0,"TA","TA","BrkTil","TA","TA","No","ALQ",421,"Unf",0,269,690,"GasA","TA","Y","FuseA",868,690,0,1558,0,0,1,1,3,1,"TA",7,"Typ",1,"Gd","Detchd",1939,"Unf",2,400,"TA","TA","Y",0,36,0,0,182,0,NA,"MnPrv",NA,0,10,2009,"WD","Normal",0,"Test"
"1811",1811,190,"RM",63,7627,"Pave",NA,"Reg","Lvl","AllPub","Corner","Gtl","OldTown","Artery","Norm","2fmCon","2Story","4","6",1920,1950,"Gable","CompShg","AsbShng","AsbShng","None",0,"Fa","TA","BrkTil","Fa","Po","No","Unf",0,"Unf",0,600,600,"GasA","Gd","N","SBrkr",1101,600,0,1701,0,0,2,0,4,2,"Fa",8,"Typ",0,NA,NA,NA,NA,0,0,NA,NA,"N",0,0,148,0,0,0,NA,NA,NA,0,10,2009,"WD","Normal",0,"Test"
"1812",1812,50,"RM",56,10134,"Pave","Grvl","Reg","Lvl","AllPub","Inside","Gtl","OldTown","Norm","Norm","1Fam","1.5Fin","5","5",1910,1950,"Gable","CompShg","MetalSd","MetalSd","None",0,"TA","TA","BrkTil","Fa","TA","No","Unf",0,"Unf",0,801,801,"GasA","Gd","N","SBrkr",801,646,0,1447,0,0,1,0,3,1,"TA",6,"Typ",0,NA,NA,NA,NA,0,0,NA,NA,"N",80,0,244,0,0,0,NA,NA,NA,0,7,2009,"WD","Normal",0,"Test"
"1813",1813,50,"RM",50,6000,"Pave",NA,"Reg","Lvl","AllPub","Inside","Gtl","OldTown","Norm","Norm","1Fam","1.5Fin","5","7",1950,1970,"Gable","CompShg","Wd Sdng","Wd Sdng","None",0,"TA","Ex","CBlock","TA","TA","No","BLQ",384,"Unf",0,384,768,"GasA","TA","Y","FuseA",768,560,0,1328,0,0,1,1,3,1,"TA",6,"Typ",0,NA,"Detchd",1950,"Unf",1,308,"TA","TA","Y",0,12,0,0,0,0,NA,"MnPrv",NA,0,3,2009,"WD","Normal",0,"Test"
"1814",1814,30,"RM",62,7404,"Pave",NA,"Reg","Lvl","AllPub","Corner","Gtl","OldTown","Norm","Norm","1Fam","1Story","4","6",1920,1950,"Gable","CompShg","MetalSd","MetalSd","None",0,"TA","TA","BrkTil","Fa","TA","No","Unf",0,"Unf",0,861,861,"GasA","TA","Y","SBrkr",861,0,0,861,0,0,1,0,2,1,"TA",5,"Typ",0,NA,"Detchd",1920,"Unf",2,288,"TA","TA","N",0,0,128,0,0,0,NA,NA,NA,0,11,2009,"Oth","Normal",0,"Test"
"1815",1815,30,"RM",50,5925,"Pave",NA,"Reg","Lvl","AllPub","Corner","Gtl","OldTown","Norm","Norm","1Fam","1Story","2","4",1940,1950,"Gable","CompShg","MetalSd","MetalSd","None",0,"TA","Gd","BrkTil",NA,NA,NA,NA,0,NA,0,0,0,"GasA","Fa","N","FuseA",612,0,0,612,0,0,1,0,1,1,"TA",4,"Typ",0,NA,"Detchd",1965,"Unf",1,308,"TA","Fa","N",0,0,25,0,0,0,NA,NA,NA,0,10,2009,"WD","Normal",0,"Test"
"1816",1816,30,"RM",60,8520,"Pave",NA,"Reg","Lvl","AllPub","Inside","Gtl","OldTown","Norm","Norm","1Fam","1Story","5","8",1923,1950,"Gable","CompShg","Stucco","Stucco","None",0,"Gd","TA","PConc","Fa","TA","No","Unf",0,"Unf",0,624,624,"GasA","TA","Y","SBrkr",792,0,0,792,0,0,1,0,2,1,"TA",5,"Typ",0,NA,"Detchd",1963,"Unf",1,287,"TA","TA","Y",0,0,81,0,0,0,NA,"GdWo",NA,0,2,2009,"WD","Normal",0,"Test"
"1817",1817,70,"RM",60,9600,"Pave",NA,"Reg","Lvl","AllPub","Inside","Gtl","OldTown","Norm","Norm","1Fam","2Story","4","4",1910,1950,"Gable","CompShg","VinylSd","VinylSd","None",0,"Gd","Gd","BrkTil","Fa","TA","No","Unf",0,"Unf",0,677,677,"GasA","TA","Y","SBrkr",833,677,0,1510,0,0,2,0,3,1,"Gd",7,"Typ",0,NA,"Detchd",1974,"Unf",2,720,"TA","TA","N",0,0,160,0,0,0,NA,NA,NA,0,6,2009,"WD","Normal",0,"Test"
"1818",1818,70,"RM",70,8400,"Pave",NA,"Reg","Lvl","AllPub","Corner","Gtl","OldTown","Artery","Norm","1Fam","2Story","6","7",1900,1950,"Gable","CompShg","Stucco","BrkFace","None",0,"TA","TA","BrkTil","Fa","Gd","Mn","Unf",0,"Unf",0,917,917,"GasA","Gd","Y","FuseA",1090,917,0,2007,0,0,2,0,3,1,"Ex",8,"Typ",0,NA,"Detchd",1930,"Unf",1,357,"TA","TA","Y",0,235,0,0,0,0,NA,NA,NA,0,6,2009,"WD","Normal",0,"Test"
"1819",1819,70,"RM",60,3600,"Pave","Grvl","Reg","Lvl","AllPub","Inside","Gtl","OldTown","Norm","Norm","1Fam","2Story","6","7",1917,2007,"Gable","CompShg","Stucco","Stucco","None",0,"TA","TA","BrkTil","TA","TA","No","Unf",0,"Unf",0,624,624,"GasA","Ex","Y","SBrkr",664,624,0,1288,1,0,1,0,3,1,"Ex",5,"Typ",1,"Gd","Attchd",1917,"Unf",1,280,"TA","TA","N",0,103,0,0,0,0,NA,NA,NA,0,5,2009,"WD","Normal",0,"Test"
"1820",1820,30,"C (all)",NA,3300,"Pave",NA,"Reg","Lvl","AllPub","Inside","Gtl","OldTown","Norm","Norm","1Fam","1Story","4","3",1910,1950,"Gable","CompShg","Stucco","Stucco","None",0,"TA","TA","BrkTil","TA","TA","No","Unf",0,"Unf",0,624,624,"GasA","Ex","Y","SBrkr",816,0,0,816,0,0,1,0,2,1,"TA",5,"Typ",1,"Gd",NA,NA,NA,0,0,NA,NA,"N",0,33,0,0,0,0,NA,NA,NA,0,6,2009,"WD","Normal",0,"Test"
"1821",1821,50,"RM",60,5400,"Pave",NA,"Reg","Lvl","AllPub","Inside","Gtl","OldTown","Norm","Norm","1Fam","1.5Fin","6","6",1920,1950,"Gable","CompShg","MetalSd","MetalSd","None",0,"Fa","TA","BrkTil","TA","TA","No","Unf",0,"Unf",0,972,972,"GasA","Ex","Y","SBrkr",1044,0,436,1480,0,0,1,0,3,1,"TA",6,"Typ",0,NA,"Detchd",1920,"Unf",1,207,"Fa","TA","Y",0,0,176,0,0,0,NA,NA,NA,0,9,2009,"ConLI","Family",0,"Test"
"1822",1822,70,"RM",60,9720,"Pave","Grvl","Reg","Lvl","AllPub","Inside","Gtl","OldTown","Norm","Norm","1Fam","2Story","6","7",1910,2002,"Gable","CompShg","MetalSd","MetalSd","None",0,"TA","TA","PConc","TA","TA","No","Unf",0,"Unf",0,741,741,"GasA","Ex","Y","SBrkr",780,741,0,1521,0,0,1,0,4,1,"Gd",8,"Typ",0,NA,"Detchd",1950,"Unf",3,640,"TA","TA","Y",0,0,238,0,0,0,NA,"MnPrv",NA,0,9,2009,"WD","Normal",0,"Test"
"1823",1823,30,"C (all)",72,9392,"Pave",NA,"Reg","Lvl","AllPub","Corner","Gtl","IDOTRR","Norm","Norm","1Fam","1Story","3","3",1900,1950,"Mansard","CompShg","AsbShng","AsbShng","None",0,"TA","Fa","CBlock","Fa","TA","No","Unf",0,"Unf",0,245,245,"GasA","TA","N","SBrkr",797,0,0,797,0,0,1,0,2,1,"TA",5,"Typ",0,NA,NA,NA,NA,0,0,NA,NA,"N",0,36,94,0,0,0,NA,NA,NA,0,9,2009,"WD","Abnorml",0,"Test"
"1824",1824,30,"RL",NA,6615,"Pave",NA,"Reg","Lvl","AllPub","Inside","Gtl","BrkSide","Norm","Norm","1Fam","1Story","6","6",1923,1950,"Gable","CompShg","MetalSd","MetalSd","None",0,"TA","TA","BrkTil","TA","TA","No","Unf",0,"Unf",0,1022,1022,"GasA","TA","N","FuseA",1432,0,0,1432,0,0,1,0,3,1,"Gd",6,"Typ",1,"Gd","BuiltIn",1923,"Unf",1,216,"Fa","TA","Y",266,61,0,0,0,0,NA,"GdWo",NA,0,9,2009,"WD","Normal",0,"Test"
"1825",1825,70,"RL",50,4960,"Pave",NA,"Reg","Lvl","AllPub","Inside","Gtl","BrkSide","RRAn","Norm","1Fam","1.5Fin","5","7",1930,1982,"Gable","CompShg","WdShing","Wd Shng","None",0,"TA","TA","CBlock","TA","TA","No","Unf",0,"Unf",0,297,297,"GasA","Ex","Y","SBrkr",1001,653,0,1654,0,0,2,0,3,1,"TA",7,"Typ",1,"Gd","Detchd",1955,"Unf",1,336,"TA","TA","N",244,60,0,0,0,0,NA,NA,NA,0,5,2009,"WD","Normal",0,"Test"
"1826",1826,50,"RM",60,6000,"Pave",NA,"Reg","Lvl","AllPub","Corner","Gtl","BrkSide","Norm","Norm","1Fam","1.5Fin","5","5",1924,1950,"Gable","CompShg","Stucco","Stucco","BrkFace",444,"TA","TA","BrkTil","TA","TA","No","Rec",220,"Unf",0,248,468,"GasA","Gd","Y","SBrkr",822,320,0,1142,0,0,1,0,3,1,"TA",6,"Typ",0,NA,"Attchd",1924,"Fin",1,320,"TA","TA","Y",0,0,98,0,0,0,NA,NA,NA,0,6,2009,"WD","Normal",0,"Test"
"1827",1827,30,"RM",51,6120,"Pave",NA,"Reg","Lvl","AllPub","Inside","Gtl","BrkSide","Norm","Norm","1Fam","1Story","5","6",1925,1999,"Gable","CompShg","MetalSd","MetalSd","None",0,"TA","TA","BrkTil","TA","TA","No","Unf",0,"Unf",0,960,960,"GasA","Gd","Y","SBrkr",995,0,0,995,0,0,1,0,2,1,"TA",5,"Typ",0,NA,"Detchd",1926,"Unf",1,264,"TA","TA","Y",0,15,51,0,0,0,NA,"MnPrv",NA,0,3,2009,"WD","Abnorml",0,"Test"
"1828",1828,50,"RM",51,6120,"Pave",NA,"Reg","Lvl","AllPub","Inside","Gtl","BrkSide","Norm","Norm","1Fam","1.5Fin","5","6",1938,1950,"Gable","CompShg","Wd Sdng","Wd Sdng","None",0,"TA","TA","BrkTil","TA","Fa","No","LwQ",273,"Unf",0,679,952,"GasA","TA","Y","FuseA",994,588,0,1582,0,0,2,0,3,1,"TA",6,"Typ",1,"Gd","Detchd",1938,"Unf",1,250,"Fa","TA","Y",189,0,34,150,0,0,NA,NA,NA,0,2,2009,"WD","Normal",0,"Test"
"1829",1829,30,"RM",50,8635,"Pave",NA,"Reg","Lvl","AllPub","Inside","Gtl","BrkSide","Norm","Norm","1Fam","1Story","5","5",1925,1950,"Hip","CompShg","Wd Sdng","Wd Sdng","None",0,"TA","Fa","BrkTil","TA","TA","No","LwQ",134,"Unf",0,938,1072,"GasA","TA","Y","SBrkr",1072,0,0,1072,1,0,1,0,2,1,"TA",5,"Typ",0,NA,"Detchd",1982,"Unf",5,1184,"Fa","TA","P",0,0,105,0,0,0,NA,NA,NA,0,8,2009,"WD","Normal",0,"Test"
"1830",1830,70,"RM",57,8094,"Pave","Grvl","Reg","Lvl","AllPub","Inside","Gtl","OldTown","Norm","Norm","1Fam","2Story","6","6",1915,1950,"Gable","CompShg","MetalSd","MetalSd","None",0,"TA","TA","PConc","TA","TA","No","Unf",0,"Unf",0,1048,1048,"GasA","Gd","Y","FuseA",1048,720,0,1768,0,0,2,0,3,1,"TA",8,"Typ",0,NA,"Detchd",1930,"Unf",2,576,"Fa","Fa","Y",0,0,150,0,0,0,NA,NA,NA,0,6,2009,"WD","Normal",0,"Test"
"1831",1831,70,"RM",68,9928,"Pave","Grvl","Reg","Lvl","AllPub","Inside","Gtl","OldTown","Norm","Norm","1Fam","2Story","7","8",1915,1994,"Gable","CompShg","Wd Sdng","Wd Sdng","None",0,"TA","Gd","BrkTil","TA","TA","No","Unf",0,"Unf",0,672,672,"GasA","Fa","Y","SBrkr",1272,672,0,1944,0,0,2,0,3,1,"TA",8,"Min2",0,NA,"Detchd",1915,"Unf",1,216,"TA","TA","N",24,28,0,0,0,0,NA,NA,"Shed",400,6,2009,"WD","Normal",0,"Test"
"1832",1832,90,"RM",50,3000,"Pave","Grvl","Reg","Bnk","AllPub","Inside","Gtl","OldTown","Norm","Norm","Duplex","2Story","5","1",1922,1950,"Hip","CompShg","MetalSd","MetalSd","None",0,"TA","TA","BrkTil","TA","Fa","No","Unf",0,"Unf",0,1040,1040,"GasA","TA","N","SBrkr",1088,1040,0,2128,0,0,2,0,4,2,"TA",11,"Sev",0,NA,NA,NA,NA,0,0,NA,NA,"Y",0,56,0,0,0,0,NA,NA,NA,0,9,2009,"WD","Abnorml",0,"Test"
"1833",1833,70,"RM",57,6876,"Pave",NA,"Reg","Lvl","AllPub","Inside","Gtl","IDOTRR","Norm","Norm","1Fam","2Story","6","5",1927,1950,"Gable","CompShg","Plywood","Plywood","None",0,"TA","TA","CBlock","TA","Fa","No","BLQ",522,"Unf",0,198,720,"GasA","Fa","Y","SBrkr",1146,784,0,1930,1,0,2,0,4,1,"TA",8,"Typ",0,NA,"Attchd",1927,"Unf",1,316,"TA","TA","Y",0,0,213,0,0,0,NA,"MnPrv",NA,0,8,2009,"WD","Normal",0,"Test"
"1834",1834,70,"RM",NA,5775,"Pave",NA,"IR2","Bnk","AllPub","Corner","Mod","OldTown","Feedr","Norm","1Fam","2Story","6","7",1915,2002,"Gable","CompShg","Wd Sdng","Wd Sdng","None",0,"TA","TA","BrkTil","TA","TA","No","Unf",0,"Unf",0,483,483,"GasA","Ex","Y","SBrkr",741,686,0,1427,0,0,1,0,3,1,"Gd",7,"Typ",0,NA,"Attchd",1915,"Unf",1,379,"TA","TA","Y",0,24,112,0,0,0,NA,NA,NA,0,2,2009,"WD","Normal",0,"Test"
"1835",1835,190,"RM",41,5852,"Pave",NA,"IR3","Bnk","AllPub","Corner","Gtl","OldTown","Feedr","Norm","2fmCon","2.5Unf","7","5",1902,2000,"Gable","CompShg","MetalSd","MetalSd","Stone",188,"TA","Fa","BrkTil","TA","Fa","No","Rec",169,"Unf",0,851,1020,"GasA","TA","N","FuseF",978,886,0,1864,0,0,2,1,6,1,"TA",9,"Typ",0,NA,NA,NA,NA,0,0,NA,NA,"N",0,188,102,0,0,0,NA,NA,NA,0,5,2009,"WD","Normal",0,"Test"
"1836",1836,50,"RM",60,5160,"Pave",NA,"Reg","Lvl","AllPub","Corner","Gtl","IDOTRR","Norm","Norm","1Fam","1.5Fin","6","6",1927,1950,"Gable","CompShg","MetalSd","MetalSd","None",0,"TA","Fa","BrkTil","TA","TA","No","Unf",0,"Unf",0,1204,1204,"GasA","TA","Y","FuseA",1204,462,0,1666,0,0,1,0,3,1,"TA",4,"Typ",0,NA,"Detchd",1927,"Unf",1,384,"Fa","TA","Y",0,0,148,0,0,0,NA,NA,NA,0,8,2009,"WD","Normal",0,"Test"
"1837",1837,85,"RM",86,5160,"Pave","Grvl","Reg","Lvl","AllPub","Inside","Gtl","IDOTRR","Norm","Norm","1Fam","SFoyer","4","6",1923,1950,"Hip","CompShg","MetalSd","MetalSd","None",0,"TA","Gd","PConc","Gd","Fa","Av","BLQ",749,"Rec",63,46,858,"GasA","TA","Y","SBrkr",892,0,0,892,1,0,1,0,1,1,"Gd",5,"Min2",0,NA,NA,NA,NA,0,0,NA,NA,"N",0,0,105,0,160,0,NA,NA,NA,0,7,2009,"COD","Abnorml",0,"Test"
"1838",1838,190,"RM",60,10320,"Pave","Grvl","Reg","Bnk","AllPub","Inside","Gtl","IDOTRR","Artery","Norm","2fmCon","2Story","6","7",1915,1965,"Gable","CompShg","MetalSd","MetalSd","None",0,"TA","Gd","CBlock","TA","TA","No","Rec",276,"ALQ",262,160,698,"GasA","Ex","Y","FuseF",754,649,0,1403,1,0,1,1,3,1,"TA",7,"Typ",0,NA,"Detchd",1915,"Unf",1,308,"TA","TA","Y",0,0,288,0,0,0,NA,NA,NA,0,2,2009,"WD","Normal",0,"Test"
"1839",1839,20,"RL",50,4280,"Pave",NA,"IR1","Lvl","AllPub","Inside","Gtl","Sawyer","Norm","Norm","1Fam","1Story","4","9",1946,2001,"Gable","CompShg","MetalSd","MetalSd","None",0,"TA","Gd","CBlock","Fa","TA","No","Unf",0,"Unf",0,560,560,"GasA","Ex","Y","FuseA",704,0,0,704,0,1,1,0,2,1,"Fa",4,"Typ",0,NA,"CarPort",1946,"Unf",1,220,"TA","TA","Y",0,0,24,0,0,0,NA,NA,NA,0,9,2009,"WD","Normal",0,"Test"
"1840",1840,90,"RL",60,10800,"Pave",NA,"Reg","Lvl","AllPub","Inside","Gtl","Edwards","Norm","Norm","Duplex","1Story","5","5",1987,1988,"Gable","CompShg","Plywood","Plywood","None",0,"TA","Gd","CBlock","Gd","Gd","Gd","GLQ",1200,"Unf",0,0,1200,"GasA","TA","Y","SBrkr",1200,0,0,1200,3,0,3,0,3,1,"TA",5,"Typ",0,NA,NA,NA,NA,0,0,NA,NA,"Y",120,0,0,0,0,0,NA,NA,NA,0,3,2009,"WD","Alloca",0,"Test"
"1841",1841,90,"RL",NA,10547,"Pave",NA,"IR1","Lvl","AllPub","Inside","Gtl","Edwards","Norm","Norm","Duplex","SFoyer","5","5",1978,1978,"Gable","CompShg","Plywood","Plywood","None",0,"TA","TA","PConc","Gd","Gd","Gd","GLQ",1152,"Unf",0,0,1152,"GasA","TA","Y","SBrkr",1152,0,0,1152,2,0,2,0,2,2,"TA",6,"Typ",0,NA,"Detchd",1960,"Unf",1,252,"TA","Fa","N",0,0,0,0,0,0,NA,NA,NA,0,7,2009,"WD","Normal",0,"Test"
"1842",1842,50,"RL",60,9780,"Pave",NA,"Reg","Lvl","AllPub","Inside","Gtl","Edwards","Norm","Norm","1Fam","1.5Fin","5","3",1934,1950,"Gable","CompShg","MetalSd","MetalSd","None",0,"TA","TA","PConc","TA","TA","No","Unf",0,"Unf",0,585,585,"GasA","TA","N","FuseA",687,425,0,1112,1,0,2,0,4,1,"TA",6,"Typ",0,NA,"Detchd",1934,"Unf",1,226,"Po","Po","N",0,0,0,0,0,0,NA,NA,NA,0,3,2009,"WD","Normal",0,"Test"
"1843",1843,20,"RL",75,11625,"Pave",NA,"Reg","Lvl","AllPub","Inside","Gtl","Sawyer","Norm","Norm","1Fam","1Story","5","6",1967,1967,"Hip","CompShg","HdBoard","HdBoard","BrkFace",172,"TA","TA","CBlock","TA","TA","No","BLQ",527,"Unf",0,525,1052,"GasA","TA","Y","SBrkr",1052,0,0,1052,0,0,1,1,3,1,"TA",6,"Typ",1,"Po","Attchd",1984,"Fin",1,668,"TA","TA","Y",0,215,0,0,0,0,NA,NA,NA,0,4,2009,"WD","Abnorml",0,"Test"
"1844",1844,85,"RL",NA,8014,"Pave",NA,"IR1","Lvl","AllPub","CulDSac","Gtl","Sawyer","Norm","Norm","1Fam","SFoyer","6","5",1978,1978,"Gable","CompShg","Plywood","HdBoard","BrkFace",23,"TA","TA","CBlock","Gd","TA","Gd","GLQ",456,"Unf",0,0,456,"GasA","TA","Y","SBrkr",1034,0,0,1034,0,1,1,0,3,1,"TA",5,"Typ",1,"Fa","Basment",1978,"Fin",2,504,"TA","TA","Y",0,0,0,0,0,0,NA,NA,NA,0,6,2009,"WD","Normal",0,"Test"
"1845",1845,80,"RL",88,15400,"Pave",NA,"Reg","Lvl","AllPub","Inside","Gtl","Sawyer","Norm","Norm","1Fam","SLvl","5","5",1961,1961,"Hip","CompShg","HdBoard","HdBoard","None",0,"TA","TA","CBlock","TA","Gd","No","Unf",0,"Unf",0,552,552,"GasA","TA","Y","SBrkr",904,611,259,1774,0,0,2,0,4,1,"TA",8,"Typ",1,"TA","Attchd",1961,"Unf",1,384,"TA","TA","Y",290,40,0,0,0,0,NA,NA,NA,0,7,2009,"WD","Normal",0,"Test"
"1846",1846,80,"RL",88,15312,"Pave",NA,"Reg","Lvl","AllPub","Inside","Gtl","Sawyer","Norm","Norm","1Fam","SLvl","6","5",1960,1960,"Hip","CompShg","Wd Sdng","Wd Sdng","BrkFace",54,"TA","TA","CBlock","TA","TA","Av","BLQ",588,"Unf",0,550,1138,"GasA","Ex","Y","SBrkr",1138,0,0,1138,0,1,1,0,3,1,"TA",6,"Typ",1,"TA","Attchd",1960,"RFn",2,480,"TA","TA","Y",0,0,0,0,140,0,NA,"MnPrv",NA,0,3,2009,"COD","Normal",0,"Test"
"1847",1847,80,"RL",NA,15584,"Pave",NA,"Reg","Lvl","AllPub","Inside","Gtl","ClearCr","Norm","Norm","1Fam","SLvl","5","5",1956,1956,"Hip","CompShg","Wd Sdng","Wd Sdng","BrkFace",366,"TA","TA","CBlock","TA","TA","Mn","Unf",0,"Unf",0,825,825,"GasA","Ex","Y","SBrkr",2071,0,0,2071,0,1,1,1,4,1,"TA",9,"Typ",1,"TA","Attchd",1956,"Unf",1,336,"TA","TA","Y",131,28,0,0,0,0,NA,NA,NA,0,10,2009,"WD","Normal",0,"Test"
"1848",1848,20,"RL",NA,9000,"Pave",NA,"Reg","Lvl","AllPub","Corner","Gtl","Sawyer","Norm","Norm","1Fam","1Story","2","2",1947,1950,"Gable","CompShg","Wd Sdng","Wd Sdng","None",0,"TA","TA","Slab",NA,NA,NA,NA,0,NA,0,0,0,"GasA","Fa","N","SBrkr",660,0,0,660,0,0,1,0,2,1,"Fa",5,"Min2",0,NA,NA,NA,NA,0,0,NA,NA,"N",0,0,100,0,0,0,NA,NA,NA,0,6,2009,"WD","Normal",0,"Test"
"1849",1849,20,"RL",NA,15635,"Pave",NA,"IR1","Lvl","AllPub","CulDSac","Gtl","Edwards","Norm","Norm","1Fam","1Story","4","5",1954,1954,"Gable","CompShg","VinylSd","VinylSd","None",0,"TA","TA","CBlock",NA,NA,NA,NA,0,NA,0,0,0,"GasA","TA","Y","SBrkr",1383,0,0,1383,0,0,1,0,2,1,"TA",6,"Mod",0,NA,"Attchd",1980,"Unf",2,498,"Fa","TA","Y",0,0,90,0,110,0,NA,NA,NA,0,10,2009,"WD","Normal",0,"Test"
"1850",1850,20,"RL",68,9571,"Pave",NA,"Reg","Lvl","AllPub","Inside","Gtl","Edwards","Norm","Norm","1Fam","1Story","5","5",1956,1956,"Hip","CompShg","MetalSd","MetalSd","None",0,"TA","TA","CBlock","TA","TA","No","Rec",257,"Unf",0,816,1073,"GasA","TA","Y","FuseA",1073,0,0,1073,1,0,1,0,2,1,"TA",5,"Typ",0,NA,"Attchd",1956,"Unf",1,340,"TA","TA","Y",0,0,0,0,0,0,NA,"GdPrv",NA,0,2,2009,"WD","Normal",0,"Test"
"1851",1851,60,"RL",50,9350,"Pave",NA,"Reg","Bnk","AllPub","Inside","Gtl","Edwards","Norm","Norm","1Fam","2Story","6","7",1946,1950,"Hip","CompShg","MetalSd","MetalSd","None",0,"TA","TA","CBlock","TA","TA","No","BLQ",342,"Unf",0,405,747,"GasA","Ex","Y","SBrkr",892,747,0,1639,0,0,1,1,3,1,"Gd",6,"Typ",1,"Gd","Detchd",1946,"Unf",1,240,"TA","TA","Y",0,50,0,0,0,0,NA,NA,NA,0,7,2009,"WD","Normal",0,"Test"
"1852",1852,20,"RL",62,7440,"Pave",NA,"Reg","Lvl","AllPub","Inside","Gtl","Edwards","Norm","Norm","1Fam","1Story","5","6",1954,1954,"Gable","CompShg","Wd Sdng","Wd Sdng","None",0,"TA","TA","CBlock","Gd","TA","No","BLQ",173,"Unf",0,916,1089,"GasW","TA","Y","SBrkr",1089,0,0,1089,1,0,1,0,3,1,"TA",5,"Typ",1,"Gd","Detchd",1954,"RFn",1,252,"TA","TA","P",328,0,0,0,0,0,NA,"MnPrv",NA,0,9,2009,"WD","Normal",0,"Test"
"1853",1853,120,"RL",42,4235,"Pave",NA,"Reg","Lvl","AllPub","Inside","Gtl","Edwards","Norm","Norm","TwnhsE","1Story","5","5",1984,1984,"Gable","CompShg","HdBoard","HdBoard","BrkFace",149,"Gd","TA","CBlock","Gd","TA","Mn","GLQ",552,"ALQ",393,104,1049,"GasA","TA","Y","SBrkr",1049,0,0,1049,1,0,2,0,2,1,"Gd",5,"Typ",0,NA,"Attchd",1984,"Fin",1,266,"TA","TA","Y",0,105,0,0,0,0,NA,NA,NA,0,2,2009,"WD","Normal",0,"Test"
"1854",1854,80,"RL",74,10778,"Pave",NA,"IR1","Lvl","AllPub","Inside","Gtl","SawyerW","Feedr","Norm","1Fam","SLvl","7","6",1990,1991,"Gable","CompShg","HdBoard","HdBoard","None",0,"Gd","TA","PConc","Gd","TA","No","GLQ",460,"ALQ",286,308,1054,"GasA","Gd","Y","SBrkr",1061,0,0,1061,1,0,1,1,1,1,"Gd",4,"Typ",0,NA,"Attchd",1990,"Unf",2,462,"TA","TA","Y",114,36,0,0,0,0,NA,NA,NA,0,7,2009,"WD","Normal",0,"Test"
"1855",1855,80,"RL",66,19255,"Pave",NA,"IR1","Lvl","AllPub","Inside","Gtl","SawyerW","Norm","Norm","1Fam","SLvl","6","5",1983,1983,"Gable","CompShg","Wd Sdng","Wd Sdng","BrkFace",100,"Gd","TA","CBlock","Gd","TA","Av","Rec",70,"GLQ",450,0,520,"GasA","Gd","Y","SBrkr",1338,0,0,1338,0,0,1,1,2,1,"Gd",5,"Min2",1,"Po","Attchd",1983,"Unf",2,576,"TA","TA","Y",0,0,0,0,0,0,NA,NA,"Shed",600,9,2009,"WD","Normal",0,"Test"
"1856",1856,60,"RL",85,10560,"Pave",NA,"Reg","Lvl","AllPub","Corner","Gtl","SawyerW","Norm","Norm","1Fam","2Story","7","5",1993,1994,"Gable","CompShg","VinylSd","VinylSd","None",0,"Gd","Gd","PConc","Gd","Gd","No","GLQ",474,"Unf",0,605,1079,"GasA","Ex","Y","SBrkr",1079,800,0,1879,1,0,2,1,3,1,"Gd",8,"Typ",1,"TA","Attchd",1993,"RFn",2,473,"TA","TA","Y",400,100,144,0,0,0,NA,"MnPrv",NA,0,8,2009,"WD","Normal",0,"Test"
"1857",1857,70,"RL",120,26400,"Pave",NA,"Reg","Bnk","AllPub","FR2","Gtl","SawyerW","Feedr","Norm","1Fam","2Story","5","7",1880,2007,"Gable","CompShg","HdBoard","HdBoard","None",0,"Gd","TA","PConc",NA,NA,NA,NA,0,NA,0,0,0,"GasA","Ex","Y","SBrkr",1288,728,0,2016,0,0,1,0,4,1,"TA",7,"Mod",1,"TA","Attchd",1900,"Unf",2,576,"TA","TA","P",0,0,0,0,0,0,NA,NA,NA,0,6,2009,"WD","Normal",0,"Test"
"1858",1858,90,"RL",64,7018,"Pave",NA,"Reg","Lvl","AllPub","Inside","Gtl","SawyerW","Feedr","Norm","Duplex","2Story","5","5",1979,1979,"Gable","CompShg","HdBoard","HdBoard","None",0,"TA","TA","Slab",NA,NA,NA,NA,0,NA,0,0,0,"GasA","TA","Y","SBrkr",1114,1114,0,2228,0,0,2,0,6,2,"TA",8,"Typ",0,NA,"Detchd",1979,"Unf",2,720,"TA","TA","Y",73,0,0,0,0,0,NA,NA,NA,0,6,2009,"WD","Alloca",0,"Test"
"1859",1859,90,"RL",64,7018,"Pave",NA,"Reg","Bnk","AllPub","Inside","Gtl","SawyerW","Norm","Norm","Duplex","1Story","5","5",1979,1979,"Gable","CompShg","HdBoard","HdBoard","None",0,"TA","TA","Slab",NA,NA,NA,NA,0,NA,0,0,0,"GasA","TA","Y","SBrkr",1535,0,0,1535,0,0,2,0,4,2,"TA",8,"Typ",0,NA,"Attchd",1979,"Unf",2,400,"TA","TA","Y",0,0,0,0,0,0,NA,"GdPrv",NA,0,6,2009,"WD","Alloca",0,"Test"
"1860",1860,90,"RL",64,7040,"Pave",NA,"Reg","Lvl","AllPub","Inside","Gtl","SawyerW","Feedr","Norm","Duplex","SFoyer","5","5",1979,1979,"Gable","CompShg","Plywood","Plywood","BrkFace",216,"TA","TA","CBlock","Gd","TA","Av","GLQ",1094,"Unf",0,0,1094,"GasA","TA","Y","SBrkr",1229,0,0,1229,2,0,0,2,2,2,"Gd",6,"Typ",2,"TA","Detchd",1979,"Unf",2,672,"TA","TA","Y",120,0,0,0,0,0,NA,NA,NA,0,6,2009,"WD","Alloca",0,"Test"
"1861",1861,90,"RL",64,7007,"Pave",NA,"Reg","Bnk","AllPub","Inside","Gtl","SawyerW","Norm","Norm","Duplex","1Story","5","5",1979,1979,"Gable","CompShg","HdBoard","HdBoard","None",0,"TA","TA","Slab",NA,NA,NA,NA,0,NA,0,0,0,"GasA","TA","Y","SBrkr",1513,0,0,1513,0,0,2,0,4,2,"TA",8,"Typ",0,NA,"Attchd",1979,"Unf",2,400,"TA","TA","Y",0,0,0,0,0,0,NA,NA,NA,0,6,2009,"WD","Alloca",0,"Test"
"1862",1862,90,"RL",NA,11855,"Pave",NA,"Reg","Lvl","AllPub","Inside","Gtl","SawyerW","Norm","Norm","Duplex","2Story","7","5",2000,2000,"Hip","CompShg","VinylSd","VinylSd","BrkFace",23,"TA","TA","PConc","Ex","TA","No","GLQ",820,"Unf",0,348,1168,"GasA","Ex","Y","SBrkr",1168,1619,0,2787,2,0,4,2,6,2,"TA",8,"Typ",2,"TA","BuiltIn",2000,"Fin",4,820,"TA","TA","Y",312,0,0,0,0,0,NA,NA,NA,0,10,2009,"WD","Normal",0,"Test"
"1863",1863,90,"RL",NA,7939,"Pave",NA,"Reg","Lvl","AllPub","Inside","Gtl","SawyerW","Feedr","Norm","Duplex","2Story","7","5",2000,2000,"Hip","CompShg","VinylSd","VinylSd","BrkFace",23,"TA","TA","PConc","Ex","TA","No","GLQ",820,"Unf",0,348,1168,"GasA","Ex","Y","SBrkr",1168,1619,0,2787,2,0,4,2,6,2,"TA",8,"Typ",2,"TA","BuiltIn",2000,"Fin",4,820,"TA","TA","Y",312,0,0,0,0,0,NA,NA,NA,0,10,2009,"WD","Normal",0,"Test"
"1864",1864,90,"RL",NA,7976,"Pave",NA,"Reg","Lvl","AllPub","Inside","Gtl","SawyerW","Feedr","Norm","Duplex","2Story","7","5",2000,2000,"Hip","CompShg","VinylSd","VinylSd","BrkFace",23,"TA","TA","PConc","Ex","TA","No","GLQ",820,"Unf",0,348,1168,"GasA","Ex","Y","SBrkr",1168,1619,0,2787,2,0,4,2,6,2,"TA",8,"Typ",2,"TA","BuiltIn",2000,"Fin",4,820,"TA","TA","Y",312,0,0,0,0,0,NA,NA,NA,0,10,2009,"WD","Normal",0,"Test"
"1865",1865,20,"RL",84,10933,"Pave",NA,"Reg","Lvl","AllPub","Inside","Gtl","CollgCr","Norm","Norm","1Fam","1Story","9","5",2009,2009,"Hip","CompShg","VinylSd","VinylSd","Stone",242,"Ex","TA","PConc","Ex","TA","Gd","GLQ",1021,"Unf",0,534,1555,"GasA","Ex","Y","SBrkr",1680,0,0,1680,1,0,1,1,1,1,"Ex",8,"Typ",1,"Gd","Attchd",2009,"Fin",3,1138,"TA","TA","Y",185,24,0,0,0,0,NA,NA,NA,0,7,2009,"New","Partial",0,"Test"
"1866",1866,20,"RL",65,10816,"Pave",NA,"IR1","Lvl","AllPub","Inside","Gtl","CollgCr","Norm","Norm","1Fam","1Story","9","5",2008,2008,"Gable","CompShg","VinylSd","VinylSd","Stone",364,"Ex","TA","PConc","Ex","TA","Gd","GLQ",1104,"Unf",0,616,1720,"GasA","Ex","Y","SBrkr",1720,0,0,1720,1,0,2,0,3,1,"Ex",8,"Typ",1,"Gd","Attchd",2008,"RFn",3,846,"TA","TA","Y",208,104,0,0,0,0,NA,NA,NA,0,11,2009,"WD","Normal",0,"Test"
"1867",1867,20,"RL",71,9178,"Pave",NA,"Reg","Lvl","AllPub","Inside","Gtl","CollgCr","Norm","Norm","1Fam","1Story","8","5",2008,2008,"Gable","CompShg","VinylSd","VinylSd","None",0,"Gd","TA","PConc","Gd","TA","Av","Unf",0,"Unf",0,1468,1468,"GasA","Ex","Y","SBrkr",1468,0,0,1468,0,0,2,0,3,1,"Gd",6,"Typ",1,"Gd","Attchd",2008,"RFn",3,904,"TA","TA","Y",192,142,0,0,0,0,NA,NA,NA,0,6,2009,"WD","Normal",0,"Test"
"1868",1868,20,"RL",77,11422,"Pave",NA,"IR1","Lvl","AllPub","Inside","Gtl","CollgCr","Norm","Norm","1Fam","1Story","8","5",2007,2008,"Hip","CompShg","VinylSd","VinylSd","Stone",352,"Gd","TA","PConc","Ex","TA","Av","GLQ",1359,"Unf",0,479,1838,"GasA","Ex","Y","SBrkr",1838,0,0,1838,1,0,2,0,3,1,"Gd",7,"Typ",2,"Gd","Attchd",2007,"RFn",2,524,"TA","TA","Y",154,222,0,0,0,0,NA,NA,NA,0,4,2009,"WD","Normal",0,"Test"
"1869",1869,20,"RL",64,6762,"Pave",NA,"Reg","Lvl","AllPub","Inside","Gtl","CollgCr","Norm","Norm","1Fam","1Story","7","5",2007,2007,"Gable","CompShg","VinylSd","VinylSd","None",0,"Gd","TA","PConc","Gd","TA","Av","GLQ",902,"Unf",0,380,1282,"GasA","Ex","Y","SBrkr",1290,0,0,1290,1,0,2,0,2,1,"Gd",6,"Typ",1,"Gd","Attchd",2007,"RFn",2,662,"TA","TA","Y",168,0,0,0,0,0,NA,NA,NA,0,5,2009,"WD","Normal",0,"Test"
"1870",1870,20,"RL",95,10324,"Pave",NA,"IR1","Lvl","AllPub","Corner","Gtl","CollgCr","Norm","Norm","1Fam","1Story","8","5",2008,2008,"Gable","CompShg","VinylSd","VinylSd","BrkFace",140,"Gd","TA","PConc","Gd","TA","Av","GLQ",872,"Unf",0,382,1254,"GasA","Ex","Y","SBrkr",1254,0,0,1254,1,0,2,0,2,1,"Gd",5,"Typ",0,NA,"Attchd",2008,"RFn",3,810,"TA","TA","Y",168,92,0,0,0,0,NA,NA,NA,0,3,2009,"WD","Normal",0,"Test"
"1871",1871,20,"RL",78,11645,"Pave",NA,"Reg","Lvl","AllPub","Inside","Gtl","CollgCr","Norm","Norm","1Fam","1Story","8","5",2005,2006,"Gable","CompShg","VinylSd","VinylSd","Stone",76,"Gd","TA","PConc","Ex","TA","Gd","GLQ",24,"Unf",0,1474,1498,"GasA","Ex","Y","SBrkr",1498,0,0,1498,0,0,2,0,3,1,"Gd",7,"Typ",1,"Gd","Attchd",2005,"Fin",3,844,"TA","TA","Y",144,98,0,0,0,0,NA,NA,NA,0,3,2009,"WD","Normal",0,"Test"
"1872",1872,60,"RL",79,11646,"Pave",NA,"IR1","Lvl","AllPub","Inside","Gtl","CollgCr","Norm","Norm","1Fam","2Story","6","5",2005,2006,"Gable","CompShg","VinylSd","VinylSd","None",0,"Gd","TA","PConc","Gd","TA","Av","Unf",0,"Unf",0,704,704,"GasA","Ex","Y","SBrkr",704,718,0,1422,0,0,2,1,3,1,"Gd",7,"Typ",1,"Gd","Attchd",2005,"Fin",2,440,"TA","TA","Y",36,28,0,0,0,0,NA,NA,NA,0,7,2009,"WD","Normal",0,"Test"
"1873",1873,60,"RL",NA,16698,"Pave",NA,"IR1","HLS","AllPub","CulDSac","Mod","ClearCr","Norm","Norm","1Fam","2Story","7","5",1992,1993,"Gable","CompShg","VinylSd","VinylSd","None",0,"Gd","TA","PConc","Gd","TA","Av","GLQ",800,"Unf",0,649,1449,"GasA","Gd","Y","SBrkr",944,815,0,1759,1,0,2,1,3,1,"Gd",7,"Typ",1,"TA","Attchd",1992,"Unf",2,525,"TA","TA","Y",150,193,0,0,0,0,NA,NA,NA,0,6,2009,"WD","Normal",0,"Test"
"1874",1874,20,"RL",65,9757,"Pave",NA,"Reg","Low","AllPub","Inside","Mod","CollgCr","Norm","Norm","1Fam","1Story","5","7",1994,1994,"Gable","CompShg","VinylSd","VinylSd","None",0,"TA","Gd","PConc","TA","TA","No","ALQ",755,"Unf",0,235,990,"GasA","Ex","Y","SBrkr",990,0,0,990,1,0,1,0,3,1,"TA",5,"Typ",0,NA,"Attchd",1995,"RFn",1,440,"TA","TA","Y",66,0,0,0,92,0,NA,NA,NA,0,10,2009,"WD","Normal",0,"Test"
"1875",1875,20,"RL",65,14753,"Pave",NA,"IR2","Low","AllPub","Inside","Gtl","CollgCr","PosN","Norm","1Fam","1Story","7","5",1998,1998,"Gable","CompShg","VinylSd","VinylSd","None",0,"TA","TA","PConc","Gd","TA","Mn","GLQ",950,"Unf",0,513,1463,"GasA","Ex","Y","SBrkr",1463,0,0,1463,1,0,2,0,3,1,"TA",5,"Typ",0,NA,"Attchd",1998,"Fin",2,539,"TA","TA","Y",0,81,0,0,0,0,NA,"GdPrv",NA,0,12,2009,"WD","Normal",0,"Test"
"1876",1876,60,"RL",70,8750,"Pave",NA,"Reg","Lvl","AllPub","Inside","Gtl","CollgCr","Norm","Norm","1Fam","2Story","6","5",1998,1998,"Gable","CompShg","VinylSd","VinylSd","BrkFace",120,"TA","TA","PConc","Gd","TA","No","GLQ",606,"Unf",0,322,928,"GasA","Ex","Y","SBrkr",928,844,0,1772,1,0,2,1,3,1,"TA",7,"Typ",1,"TA","Attchd",1998,"RFn",2,492,"TA","TA","Y",150,96,0,0,0,0,NA,NA,NA,0,4,2009,"WD","Normal",0,"Test"
"1877",1877,20,"RL",65,10739,"Pave",NA,"IR1","Lvl","AllPub","Inside","Gtl","CollgCr","Norm","Norm","1Fam","1Story","7","5",2002,2001,"Gable","CompShg","VinylSd","VinylSd","BrkFace",68,"Gd","TA","PConc","Gd","TA","No","GLQ",1259,"Unf",0,172,1431,"GasA","Ex","Y","SBrkr",1444,0,0,1444,1,0,2,0,3,1,"Gd",6,"Typ",0,NA,"Attchd",2002,"RFn",2,577,"TA","TA","Y",144,40,0,0,0,0,NA,NA,NA,0,4,2009,"WD","Normal",0,"Test"
"1878",1878,20,"RL",75,11166,"Pave",NA,"Reg","Lvl","AllPub","Inside","Gtl","CollgCr","Norm","Norm","1Fam","1Story","7","5",2001,2001,"Gable","CompShg","VinylSd","VinylSd","BrkFace",180,"Gd","TA","PConc","Gd","TA","Mn","GLQ",24,"Unf",0,1468,1492,"GasA","Ex","Y","SBrkr",1492,0,0,1492,0,0,2,0,3,1,"Gd",6,"Typ",1,"TA","Attchd",2001,"RFn",2,608,"TA","TA","Y",0,114,0,0,168,0,NA,NA,NA,0,7,2009,"WD","Family",0,"Test"
"1879",1879,20,"RL",NA,16269,"Pave",NA,"IR1","Lvl","AllPub","CulDSac","Gtl","CollgCr","Norm","Norm","1Fam","1Story","5","5",1978,1978,"Gable","CompShg","MetalSd","MetalSd","BrkFace",76,"TA","TA","BrkTil","Gd","TA","Av","GLQ",625,"Unf",0,282,907,"GasA","TA","Y","SBrkr",907,0,0,907,0,0,1,0,3,1,"TA",5,"Typ",0,NA,"Attchd",1978,"Unf",1,343,"TA","TA","Y",72,0,0,0,0,0,NA,"MnPrv",NA,0,7,2009,"WD","Normal",0,"Test"
"1880",1880,20,"RL",76,6950,"Pave",NA,"IR1","Lvl","AllPub","Inside","Gtl","CollgCr","Norm","Norm","1Fam","1Story","5","7",1979,1979,"Gable","CompShg","HdBoard","HdBoard","BrkFace",40,"TA","TA","CBlock","TA","TA","No","ALQ",710,"BLQ",72,132,914,"GasA","TA","Y","SBrkr",914,0,0,914,1,0,1,0,2,1,"TA",5,"Typ",0,NA,"Attchd",1979,"Unf",2,444,"TA","TA","Y",0,0,0,0,0,0,NA,NA,NA,0,10,2009,"WD","Normal",0,"Test"
"1881",1881,20,"RL",90,11664,"Pave",NA,"Reg","Lvl","AllPub","Corner","Gtl","CollgCr","Norm","Norm","1Fam","1Story","7","5",2002,2002,"Hip","CompShg","VinylSd","VinylSd","None",0,"Gd","TA","PConc","Gd","TA","Av","GLQ",1234,"Unf",0,335,1569,"GasA","Ex","Y","SBrkr",1611,0,0,1611,1,0,2,0,3,1,"Gd",6,"Typ",0,NA,"Attchd",2002,"RFn",3,1231,"TA","TA","Y",262,93,0,0,0,0,NA,NA,NA,0,9,2009,"WD","Normal",0,"Test"
"1882",1882,60,"RL",NA,12334,"Pave",NA,"IR1","Lvl","AllPub","Inside","Gtl","CollgCr","Norm","Norm","1Fam","2Story","8","5",2003,2003,"Gable","CompShg","VinylSd","VinylSd","BrkFace",198,"Gd","TA","PConc","Gd","TA","Av","Unf",0,"Unf",0,1068,1068,"GasA","Ex","Y","SBrkr",1068,1116,0,2184,0,0,2,1,4,1,"Gd",8,"Typ",1,"Gd","BuiltIn",2003,"RFn",2,570,"TA","TA","Y",192,132,0,0,0,0,NA,NA,NA,0,6,2009,"WD","Normal",0,"Test"
"1883",1883,60,"RL",70,8749,"Pave",NA,"Reg","Lvl","AllPub","Inside","Gtl","CollgCr","Norm","Norm","1Fam","2Story","7","5",2002,2002,"Gable","CompShg","VinylSd","VinylSd",NA,NA,"Gd","TA","PConc","Gd","TA","No","Unf",0,"Unf",0,840,840,"GasA","Ex","Y","SBrkr",840,885,0,1725,0,0,2,1,3,1,"Gd",6,"Typ",0,NA,"Attchd",2002,"RFn",2,550,"TA","TA","Y",0,48,0,0,0,0,NA,NA,NA,0,11,2009,"WD","Normal",0,"Test"
"1884",1884,60,"RL",NA,11250,"Pave",NA,"Reg","Lvl","AllPub","Corner","Gtl","CollgCr","Norm","Norm","1Fam","2Story","7","5",2001,2001,"Gable","CompShg","VinylSd","VinylSd","None",0,"Gd","TA","PConc","Gd","TA","No","Unf",0,"Unf",0,944,944,"GasA","Ex","Y","SBrkr",944,926,0,1870,0,0,2,1,3,1,"Gd",6,"Typ",0,NA,"Attchd",2001,"RFn",2,608,"TA","TA","Y",256,43,0,0,0,0,NA,NA,NA,0,5,2009,"WD","Normal",0,"Test"
"1885",1885,20,"RL",90,15750,"Pave",NA,"Reg","Lvl","AllPub","FR3","Gtl","CollgCr","Feedr","Norm","1Fam","1Story","8","5",1999,2000,"Gable","CompShg","VinylSd","VinylSd","BrkFace",260,"Gd","TA","PConc","Gd","TA","Gd","GLQ",1246,"Unf",0,216,1462,"GasA","Ex","Y","SBrkr",1513,0,0,1513,1,0,2,0,2,1,"Gd",5,"Typ",1,"TA","Attchd",1999,"Fin",2,521,"TA","TA","Y",135,34,0,0,0,0,NA,NA,NA,0,6,2009,"WD","Normal",0,"Test"
"1886",1886,20,"RL",NA,12782,"Pave",NA,"Reg","Lvl","AllPub","Inside","Gtl","CollgCr","Norm","Norm","1Fam","1Story","8","5",2002,2003,"Hip","CompShg","HdBoard","HdBoard","BrkFace",164,"Gd","TA","PConc","Ex","TA","Gd","GLQ",1360,"Unf",0,462,1822,"GasA","Ex","Y","SBrkr",1828,0,0,1828,1,0,2,0,3,1,"Gd",7,"Typ",1,"Gd","Attchd",2002,"Fin",2,523,"TA","TA","Y",194,144,0,0,0,0,NA,NA,NA,0,6,2009,"WD","Normal",0,"Test"
"1887",1887,20,"RL",70,8750,"Pave",NA,"Reg","Lvl","AllPub","Inside","Gtl","CollgCr","Norm","Norm","1Fam","1Story","7","5",1997,1998,"Gable","CompShg","VinylSd","VinylSd","BrkFace",209,"Gd","TA","PConc","Gd","TA","Av","GLQ",1111,"Unf",0,306,1417,"GasA","Ex","Y","SBrkr",1417,0,0,1417,1,0,2,0,3,1,"Gd",7,"Typ",1,"TA","Attchd",1997,"Unf",2,511,"TA","TA","Y",60,0,0,0,117,0,NA,NA,NA,0,8,2009,"WD","Normal",0,"Test"
"1888",1888,20,"RL",85,10200,"Pave",NA,"Reg","Lvl","AllPub","Inside","Gtl","CollgCr","Norm","Norm","1Fam","1Story","8","5",2007,2007,"Gable","CompShg","VinylSd","VinylSd","BrkFace",180,"Gd","TA","PConc","Gd","TA","Av","GLQ",1478,"Unf",0,100,1578,"GasA","Ex","Y","SBrkr",1602,0,0,1602,1,0,2,0,3,1,"Gd",7,"Typ",1,"Gd","Attchd",2007,"RFn",3,810,"TA","TA","Y",0,48,0,0,195,0,NA,NA,NA,0,1,2009,"WD","Normal",0,"Test"
"1889",1889,60,"RL",85,11069,"Pave",NA,"Reg","Lvl","AllPub","Corner","Gtl","CollgCr","Norm","Norm","1Fam","2Story","6","5",2007,2007,"Gable","CompShg","VinylSd","VinylSd","None",0,"Gd","TA","PConc","Gd","TA","No","Unf",0,"Unf",0,608,608,"GasA","Ex","Y","SBrkr",608,788,0,1396,0,0,2,1,3,1,"Gd",6,"Typ",1,"Gd","BuiltIn",2007,"Fin",2,440,"TA","TA","Y",100,36,0,0,0,0,NA,NA,NA,0,7,2009,"WD","Normal",0,"Test"
"1890",1890,20,"RL",80,10682,"Pave",NA,"Reg","Lvl","AllPub","Inside","Gtl","Edwards","Norm","Norm","1Fam","1Story","4","6",1960,1971,"Gable","CompShg","HdBoard","HdBoard","None",0,"TA","TA","CBlock","TA","TA","No","GLQ",399,"Unf",0,615,1014,"GasA","TA","Y","SBrkr",1149,0,0,1149,1,0,1,0,3,1,"TA",7,"Min1",0,NA,"2Types",1968,"Fin",1,544,"TA","TA","Y",0,240,0,0,0,0,NA,"MnPrv",NA,0,7,2009,"WD","Normal",0,"Test"
"1891",1891,180,"RM",35,3675,"Pave",NA,"Reg","Lvl","AllPub","Inside","Gtl","Edwards","Norm","Norm","TwnhsE","SFoyer","6","5",2005,2006,"Gable","CompShg","VinylSd","VinylSd","BrkFace",80,"TA","TA","Wood","Gd","TA","Gd","GLQ",547,"Unf",0,0,547,"GasA","Gd","Y","SBrkr",1072,0,0,1072,1,0,1,0,2,1,"TA",5,"Typ",0,NA,"Basment",2005,"Fin",2,525,"TA","TA","Y",0,28,0,0,0,0,NA,NA,NA,0,4,2009,"WD","Normal",0,"Test"
"1892",1892,20,"RL",64,6410,"Pave",NA,"Reg","HLS","AllPub","Inside","Mod","Edwards","Norm","Norm","1Fam","1Story","4","5",1959,1959,"Gable","CompShg","AsbShng","AsbShng","None",0,"TA","TA","CBlock","TA","TA","No","LwQ",332,"Rec",243,301,876,"GasA","TA","Y","FuseA",876,0,0,876,0,0,1,0,3,1,"TA",5,"Typ",0,NA,"Detchd",1959,"Unf",1,320,"TA","TA","Y",0,0,0,0,0,0,NA,"MnPrv",NA,0,3,2009,"WD","Normal",0,"Test"
"1893",1893,20,"RL",70,11767,"Pave",NA,"Reg","Lvl","AllPub","Inside","Gtl","Edwards","Norm","Norm","1Fam","1Story","5","5",1950,1950,"Gable","CompShg","MetalSd","MetalSd","None",0,"TA","TA","CBlock","Fa","TA","Mn","Rec",1078,"Unf",0,0,1078,"GasA","TA","Y","FuseA",1368,0,0,1368,1,0,1,0,3,1,"TA",6,"Min1",0,NA,"Attchd",1950,"RFn",1,195,"TA","TA","Y",0,41,211,0,0,0,NA,NA,"Shed",900,6,2009,"WD","Normal",0,"Test"
"1894",1894,90,"RL",65,10926,"Pave",NA,"Reg","Lvl","AllPub","Inside","Gtl","Edwards","Norm","Norm","Duplex","1Story","5","5",1959,1959,"Hip","CompShg","VinylSd","VinylSd","BrkFace",74,"TA","TA","CBlock","TA","TA","No","Unf",0,"Unf",0,1678,1678,"GasA","TA","Y","SBrkr",1678,0,0,1678,0,0,2,0,6,2,"TA",10,"Typ",0,NA,NA,NA,NA,0,0,NA,NA,"Y",0,0,0,0,0,0,NA,NA,NA,0,8,2009,"WD","Normal",0,"Test"
"1895",1895,20,"RL",70,11767,"Pave",NA,"Reg","Lvl","AllPub","Inside","Gtl","Edwards","Norm","Norm","1Fam","1Story","5","5",1956,1956,"Hip","CompShg","HdBoard","HdBoard","BrkFace",259,"TA","TA","CBlock","TA","TA","No","Rec",546,"Unf",0,604,1150,"GasA","Ex","Y","SBrkr",1560,0,0,1560,0,0,1,0,2,1,"TA",7,"Min1",1,"TA","Attchd",1956,"Unf",1,313,"TA","TA","Y",0,0,0,0,0,0,NA,NA,NA,0,5,2009,"WD","Normal",0,"Test"
"1896",1896,50,"RL",45,8212,"Pave","Grvl","Reg","Lvl","AllPub","Inside","Gtl","Edwards","Norm","Norm","1Fam","1.5Fin","5","6",1941,1950,"Gable","CompShg","Wd Sdng","Wd Sdng","None",0,"TA","TA","CBlock","TA","TA","No","Rec",626,"Unf",0,94,720,"GasA","Ex","Y","SBrkr",854,444,0,1298,0,0,1,0,3,1,"TA",6,"Typ",2,"Gd","Detchd",1940,"Unf",1,256,"TA","TA","Y",84,0,0,0,0,0,NA,NA,NA,0,9,2009,"WD","Normal",0,"Test"
"1897",1897,50,"RH",70,6300,"Pave","Pave","Reg","Lvl","AllPub","Corner","Gtl","SWISU","Norm","Norm","1Fam","1.5Fin","5","4",1938,1950,"Gable","CompShg","MetalSd","MetalSd","BrkFace",88,"TA","TA","PConc","TA","Fa","No","LwQ",832,"Unf",0,0,832,"GasA","TA","Y","SBrkr",832,436,0,1268,0,0,1,1,3,1,"TA",7,"Typ",2,"Gd","Basment",1938,"Unf",1,250,"TA","TA","Y",0,0,55,0,0,0,NA,NA,NA,0,7,2009,"WD","Abnorml",0,"Test"
"1898",1898,70,"RL",43,5707,"Pave",NA,"Reg","Bnk","AllPub","Inside","Gtl","SWISU","Feedr","Norm","1Fam","2Story","6","6",1935,1950,"Gable","CompShg","Wd Sdng","Wd Sdng","None",0,"TA","TA","BrkTil","TA","TA","No","Unf",0,"Unf",0,583,583,"GasA","Gd","Y","FuseF",647,595,0,1242,0,0,1,1,3,1,"TA",6,"Typ",1,"Gd","Detchd",1926,"Unf",1,180,"Fa","TA","Y",329,96,0,0,0,0,NA,NA,NA,0,3,2009,"WD","Normal",0,"Test"
"1899",1899,30,"RL",64,8574,"Pave",NA,"Reg","Lvl","AllPub","Inside","Gtl","Crawfor","Norm","Norm","1Fam","1Story","6","8",1916,2000,"Gable","CompShg","Stucco","Stucco","None",0,"Gd","TA","BrkTil","TA","TA","No","Unf",0,"Unf",0,816,816,"GasA","Ex","Y","SBrkr",1232,0,0,1232,0,0,1,0,3,1,"Gd",6,"Typ",1,"Gd","Detchd",1916,"Unf",2,440,"TA","TA","Y",0,0,180,0,0,0,NA,NA,NA,0,10,2009,"WD","Normal",0,"Test"
"1900",1900,70,"RL",53,7155,"Pave",NA,"Reg","Lvl","AllPub","Inside","Gtl","Crawfor","Norm","Norm","1Fam","2Story","7","8",1918,1990,"Gambrel","CompShg","Wd Sdng","Wd Sdng","None",0,"TA","TA","BrkTil","TA","Fa","Mn","Unf",0,"Unf",0,600,600,"GasA","Ex","Y","SBrkr",628,600,0,1228,0,0,1,0,3,1,"TA",6,"Typ",1,"Gd","Detchd",1918,"Unf",1,215,"Fa","TA","Y",0,113,0,0,195,0,NA,"MnPrv",NA,0,5,2009,"WD","Normal",0,"Test"
"1901",1901,50,"RL",60,13680,"Pave",NA,"Reg","HLS","AllPub","Inside","Mod","Crawfor","Norm","Norm","1Fam","1.5Fin","5","6",1940,1950,"Gable","CompShg","Wd Sdng","Wd Sdng","None",0,"TA","TA","CBlock","TA","TA","No","ALQ",728,"Unf",0,112,840,"GasA","Ex","Y","SBrkr",840,727,0,1567,1,0,1,1,2,1,"TA",6,"Min2",2,"TA","Detchd",1961,"Unf",2,440,"TA","TA","Y",0,21,150,0,0,0,NA,"GdPrv",NA,0,2,2009,"WD","Normal",0,"Test"
"1902",1902,20,"RL",80,14680,"Pave","Grvl","IR1","HLS","AllPub","Inside","Gtl","Crawfor","Norm","Norm","1Fam","1Story","5","4",1960,1960,"Gable","CompShg","MetalSd","MetalSd","None",0,"TA","TA","CBlock","TA","TA","No","Rec",793,"Unf",0,480,1273,"GasA","Ex","Y","SBrkr",1273,0,0,1273,0,0,1,0,2,1,"TA",5,"Typ",0,NA,"Attchd",1960,"Unf",1,307,"TA","TA","Y",483,0,0,0,115,0,NA,"MnPrv",NA,0,6,2009,"WD","Normal",0,"Test"
"1903",1903,90,"RL",NA,8145,"Pave",NA,"IR1","HLS","AllPub","Corner","Gtl","Crawfor","Norm","Norm","Duplex","2.5Unf","7","6",1940,1950,"Gable","CompShg","Wd Sdng","Wd Sdng","None",0,"TA","TA","BrkTil","TA","TA","No","LwQ",246,"Unf",0,674,920,"GasA","Ex","Y","SBrkr",1240,1240,0,2480,0,0,2,1,5,2,"TA",13,"Typ",2,"Gd","Detchd",1940,"Unf",2,400,"TA","TA","Y",0,0,57,0,0,0,NA,NA,NA,0,7,2009,"WD","Normal",0,"Test"
"1904",1904,20,"RL",70,9100,"Pave",NA,"Reg","Lvl","AllPub","Inside","Gtl","Crawfor","Feedr","Norm","1Fam","1Story","5","6",1954,1954,"Gable","CompShg","BrkFace","BrkFace","None",0,"TA","Gd","BrkTil","TA","TA","Mn","Rec",154,"ALQ",694,264,1112,"GasA","Ex","Y","SBrkr",1112,0,0,1112,1,0,1,0,2,1,"TA",6,"Typ",1,"Gd","Attchd",1954,"Unf",1,390,"TA","TA","Y",0,0,0,0,0,0,NA,"MnPrv",NA,0,10,2009,"WD","Family",0,"Test"
"1905",1905,20,"RL",90,13339,"Pave",NA,"IR1","Lvl","AllPub","Inside","Gtl","Crawfor","Norm","Norm","1Fam","1Story","6","6",1960,1960,"Gable","CompShg","HdBoard","Plywood","Stone",132,"TA","TA","CBlock","TA","TA","No","LwQ",65,"BLQ",875,621,1561,"GasA","TA","Y","SBrkr",1561,0,0,1561,1,0,2,0,3,1,"TA",6,"Typ",1,"Gd","Attchd",1960,"Fin",2,463,"TA","TA","Y",0,148,0,0,120,0,NA,NA,NA,0,5,2009,"WD","Normal",0,"Test"
"1906",1906,50,"RL",78,15600,"Pave",NA,"Reg","Bnk","AllPub","Inside","Gtl","Crawfor","Norm","Norm","1Fam","1.5Fin","5","7",1949,2005,"Gable","CompShg","BrkComm","Brk Cmn","None",0,"TA","TA","BrkTil","TA","TA","No","BLQ",312,"Rec",507,248,1067,"GasW","Fa","N","SBrkr",986,537,0,1523,1,0,2,0,3,1,"Fa",7,"Maj2",1,"TA","Attchd",1949,"Unf",1,295,"TA","TA","Y",0,0,81,0,0,0,NA,NA,NA,0,10,2009,"WD","Normal",0,"Test"
"1907",1907,20,"RL",100,17500,"Pave",NA,"Reg","Bnk","AllPub","Corner","Mod","Crawfor","PosA","Norm","1Fam","1Story","6","5",1954,1954,"Gable","CompShg","HdBoard","HdBoard","Stone",420,"TA","TA","PConc","TA","TA","Av","LwQ",784,"BLQ",435,91,1310,"GasA","Ex","Y","SBrkr",1906,0,0,1906,1,0,1,1,3,1,"TA",6,"Typ",2,"Gd","Basment",1954,"Unf",2,576,"TA","TA","Y",0,201,0,0,0,0,NA,NA,NA,0,1,2009,"WD","Normal",0,"Test"
"1908",1908,160,"RM",24,1733,"Pave",NA,"Reg","Lvl","AllPub","Inside","Gtl","Blueste","Norm","Norm","Twnhs","2Story","6","6",1980,1980,"Gable","CompShg","MetalSd","MetalSd","None",0,"TA","TA","CBlock","TA","TA","No","Unf",0,"Unf",0,516,516,"GasA","TA","Y","SBrkr",516,516,0,1032,0,0,1,0,2,1,"TA",5,"Typ",1,"TA","Detchd",1980,"Unf",2,452,"TA","TA","Y",279,0,0,0,0,0,NA,"GdPrv",NA,0,5,2009,"WD","Normal",0,"Test"
"1909",1909,160,"RM",24,1488,"Pave",NA,"Reg","Lvl","AllPub","Inside","Gtl","Blueste","Norm","Norm","TwnhsE","2Story","6","6",1980,1992,"Gable","CompShg","MetalSd","MetalSd","None",0,"TA","Gd","CBlock","Gd","TA","Mn","ALQ",471,"Unf",0,90,561,"GasA","TA","Y","SBrkr",561,668,0,1229,1,0,1,1,2,1,"Gd",5,"Typ",1,"TA","Attchd",1980,"Fin",2,462,"TA","TA","Y",176,0,0,0,0,0,NA,"GdPrv",NA,0,10,2009,"WD","Normal",0,"Test"
"1910",1910,160,"RM",24,1612,"Pave",NA,"Reg","Lvl","AllPub","Inside","Gtl","Blueste","Norm","Norm","Twnhs","2Story","6","6",1980,1980,"Gable","CompShg","MetalSd","MetalSd","None",0,"TA","TA","CBlock","Gd","TA","No","Unf",0,"Unf",0,561,561,"GasA","TA","Y","SBrkr",561,668,0,1229,0,0,1,1,2,1,"TA",5,"Typ",1,"TA","Attchd",1980,"Fin",2,462,"TA","TA","Y",154,0,0,0,0,0,NA,"MnPrv",NA,0,7,2009,"WD","Normal",0,"Test"
"1911",1911,80,"RL",NA,13607,"Pave",NA,"IR1","Lvl","AllPub","Inside","Gtl","Crawfor","Norm","Norm","1Fam","SLvl","6","6",1986,1986,"Gable","CompShg","VinylSd","VinylSd","BrkFace",242,"TA","Gd","CBlock","TA","TA","No","ALQ",454,"Unf",0,118,572,"GasA","Gd","Y","SBrkr",1182,800,0,1982,1,0,2,1,3,1,"TA",6,"Typ",1,"TA","BuiltIn",1986,"Fin",2,501,"TA","TA","Y",400,112,0,0,0,0,NA,NA,"Shed",1500,4,2009,"WD","Normal",0,"Test"
"1912",1912,20,"RL",NA,17597,"Pave",NA,"Reg","Bnk","AllPub","Inside","Gtl","Crawfor","Norm","Norm","1Fam","1Story","7","9",1971,2009,"Hip","CompShg","BrkFace","BrkFace","None",0,"Gd","Gd","CBlock","Gd","TA","No","GLQ",803,"ALQ",419,581,1803,"GasA","TA","Y","SBrkr",2365,0,0,2365,1,0,2,0,3,1,"Ex",7,"Min1",2,"Gd","Attchd",1971,"Fin",2,551,"TA","TA","Y",200,144,0,0,0,0,NA,"GdPrv",NA,0,7,2009,"WD","Normal",0,"Test"
"1913",1913,70,"RM",50,8660,"Pave",NA,"Reg","Bnk","AllPub","Inside","Gtl","IDOTRR","Norm","Norm","1Fam","2Story","5","6",1900,1993,"Gambrel","CompShg","AsbShng","AsbShng","None",0,"TA","TA","BrkTil","TA","TA","No","Unf",0,"Unf",0,760,760,"GasA","Ex","N","SBrkr",928,928,312,2168,0,0,2,0,5,1,"Gd",11,"Typ",0,NA,"Detchd",1998,"Unf",2,576,"TA","TA","Y",467,160,78,0,0,0,NA,NA,NA,0,12,2009,"WD","Normal",0,"Test"
"1914",1914,30,"C (all)",60,10200,"Pave","Grvl","Reg","Lvl","AllPub","Inside","Gtl","IDOTRR","Norm","Norm","1Fam","1Story","4","6",1925,1950,"Gable","CompShg","MetalSd","MetalSd","None",0,"TA","TA","BrkTil","TA","TA","No","Unf",0,"Unf",0,572,572,"GasA","Fa","N","FuseP",572,0,0,572,0,0,1,0,2,1,"TA",4,"Typ",0,NA,"Detchd",1940,"Unf",1,200,"TA","TA","N",0,0,72,0,0,0,NA,NA,NA,0,5,2009,"WD","Normal",0,"Test"
"1915",1915,120,"RM",44,3843,"Pave",NA,"IR1","HLS","AllPub","Inside","Mod","Crawfor","Norm","Norm","TwnhsE","1Story","8","5",2007,2008,"Hip","CompShg","CemntBd","CmentBd","Stone",174,"Ex","TA","PConc","Ex","TA","Gd","GLQ",1476,"Unf",0,120,1596,"GasA","Ex","Y","SBrkr",1648,0,0,1648,1,1,2,0,2,1,"Ex",5,"Typ",1,"Gd","Attchd",2007,"Fin",2,482,"TA","TA","Y",162,53,0,153,0,0,NA,NA,NA,0,6,2009,"New","Partial",0,"Test"
"1916",1916,30,NA,109,21780,"Grvl",NA,"Reg","Lvl",NA,"Inside","Gtl","IDOTRR","Norm","Norm","1Fam","1Story","2","4",1910,1950,"Gable","CompShg","Wd Sdng","Wd Sdng","None",0,"Fa","Fa","CBlock",NA,NA,NA,NA,0,NA,0,0,0,"GasA","TA","N","FuseA",810,0,0,810,0,0,1,0,1,1,"TA",4,"Min1",0,NA,"Detchd",1975,"Unf",1,280,"TA","TA","N",119,24,0,0,0,0,NA,NA,NA,0,3,2009,"ConLD","Normal",0,"Test"
"1917",1917,60,"RL",75,10125,"Pave",NA,"Reg","Lvl","AllPub","Inside","Gtl","Mitchel","Norm","Norm","1Fam","2Story","8","5",2000,2001,"Gable","CompShg","CemntBd","CmentBd","None",0,"Gd","TA","PConc","Gd","TA","No","ALQ",445,"BLQ",250,412,1107,"GasA","Ex","Y","SBrkr",1040,1012,0,2052,0,0,2,1,3,1,"Gd",7,"Typ",1,"TA","BuiltIn",2000,"Fin",3,642,"TA","TA","Y",210,91,0,0,0,0,NA,NA,NA,0,5,2009,"WD","Normal",0,"Test"
"1918",1918,85,"RL",75,9750,"Pave",NA,"Reg","Lvl","AllPub","Inside","Gtl","Mitchel","Norm","Norm","1Fam","SFoyer","6","6",1977,1977,"Gable","CompShg","Plywood","Plywood","None",0,"TA","TA","CBlock","TA","TA","Av","ALQ",767,"Unf",0,135,902,"GasA","Ex","Y","SBrkr",926,0,0,926,1,0,1,0,2,1,"TA",5,"Typ",1,"TA","Attchd",1977,"Unf",1,351,"TA","TA","Y",319,0,0,0,0,0,NA,"MnPrv",NA,0,4,2009,"WD","Normal",0,"Test"
"1919",1919,85,"RL",72,9360,"Pave",NA,"Reg","Bnk","AllPub","Inside","Gtl","Mitchel","Norm","Norm","1Fam","SFoyer","6","7",1977,1977,"Gable","CompShg","Plywood","Plywood","None",0,"TA","TA","CBlock","Gd","TA","Av","GLQ",841,"LwQ",116,0,957,"GasA","TA","Y","SBrkr",1287,0,0,1287,1,0,1,1,2,1,"TA",5,"Typ",2,"Fa","Attchd",1977,"RFn",2,541,"TA","TA","Y",302,39,0,0,120,0,NA,"GdWo",NA,0,11,2009,"WD","Normal",0,"Test"
"1920",1920,20,"RL",82,11070,"Pave",NA,"Reg","Lvl","AllPub","Inside","Gtl","Mitchel","Norm","Norm","1Fam","1Story","5","5",1991,1991,"Gable","CompShg","HdBoard","HdBoard","None",0,"TA","TA","PConc","Gd","TA","No","BLQ",55,"Unf",0,1527,1582,"GasA","TA","Y","SBrkr",1595,0,0,1595,1,0,2,0,2,1,"TA",5,"Typ",0,NA,"Detchd",1991,"Unf",2,672,"TA","TA","Y",0,0,0,0,0,0,NA,NA,NA,0,4,2009,"COD","Abnorml",0,"Test"
"1921",1921,20,"RL",113,13438,"Pave",NA,"IR1","HLS","AllPub","Corner","Gtl","Timber","Norm","Norm","1Fam","1Story","9","5",2008,2008,"Gable","CompShg","CemntBd","CmentBd","Stone",246,"Ex","TA","CBlock","Ex","TA","Gd","GLQ",1758,"Unf",0,432,2190,"GasA","Ex","Y","SBrkr",2036,0,0,2036,1,0,2,0,3,1,"Ex",9,"Typ",1,"Ex","Attchd",2008,"Fin",3,780,"TA","TA","Y",90,154,0,0,0,0,NA,NA,NA,0,7,2009,"WD","Normal",0,"Test"
"1922",1922,20,"RL",79,14463,"Pave",NA,"IR1","HLS","AllPub","Corner","Gtl","Timber","Norm","Norm","1Fam","1Story","9","5",2008,2008,"Gable","CompShg","CemntBd","CmentBd","BrkFace",406,"Ex","TA","PConc","Ex","TA","Gd","GLQ",1115,"Unf",0,526,1641,"GasA","Ex","Y","SBrkr",1641,0,0,1641,1,0,2,0,3,1,"Ex",7,"Typ",0,NA,"Attchd",2008,"Fin",3,885,"TA","TA","Y",0,95,0,0,0,0,NA,NA,NA,0,1,2009,"WD","Normal",0,"Test"
"1923",1923,60,"RL",NA,9839,"Pave",NA,"IR1","Lvl","AllPub","CulDSac","Gtl","Timber","Norm","Norm","1Fam","2Story","6","8",1980,2006,"Gable","CompShg","MetalSd","MetalSd","None",0,"TA","Gd","PConc","Gd","TA","No","ALQ",462,"Unf",0,250,712,"GasA","Ex","Y","SBrkr",1375,862,0,2237,0,0,2,1,3,1,"Gd",7,"Typ",1,"TA","BuiltIn",1980,"Fin",2,440,"TA","TA","Y",305,24,0,0,0,0,NA,NA,"Shed",2500,2,2009,"WD","Normal",0,"Test"
"1924",1924,80,"RL",125,14419,"Pave",NA,"IR1","Lvl","AllPub","Corner","Gtl","Timber","Norm","Norm","1Fam","SLvl","7","5",1987,1989,"Hip","CompShg","Plywood","Plywood","BrkFace",310,"TA","TA","PConc","Gd","TA","Gd","GLQ",904,"ALQ",624,117,1645,"GasA","Ex","Y","SBrkr",1479,0,0,1479,2,0,2,1,3,1,"Gd",7,"Min1",1,"Fa","Attchd",1987,"Fin",2,578,"TA","TA","Y",224,238,0,0,0,0,NA,NA,NA,0,7,2009,"WD","Normal",0,"Test"
"1925",1925,60,"RL",75,9157,"Pave",NA,"IR1","Lvl","AllPub","Corner","Gtl","Timber","Norm","Norm","1Fam","2Story","7","5",2003,2003,"Gable","CompShg","VinylSd","VinylSd","None",0,"Gd","TA","PConc","Gd","TA","No","Unf",0,"Unf",0,912,912,"GasA","Ex","Y","SBrkr",1072,942,0,2014,0,0,2,1,3,1,"Gd",9,"Typ",0,NA,"Attchd",2003,"Fin",2,486,"TA","TA","Y",124,114,0,0,0,0,NA,NA,NA,0,2,2009,"WD","Abnorml",0,"Test"
"1926",1926,20,"RL",85,12633,"Pave",NA,"IR1","HLS","AllPub","Inside","Gtl","Timber","Norm","Norm","1Fam","1Story","9","5",2007,2007,"Hip","CompShg","CemntBd","CmentBd","Stone",290,"Ex","TA","PConc","Ex","TA","Gd","GLQ",1640,"Unf",0,338,1978,"GasA","Ex","Y","SBrkr",1978,0,0,1978,1,0,2,0,2,1,"Ex",7,"Typ",1,"Gd","Attchd",2007,"Fin",3,920,"TA","TA","Y",308,52,0,0,0,0,NA,NA,NA,0,5,2009,"WD","Normal",0,"Test"
"1927",1927,20,"RL",75,12518,"Pave",NA,"IR1","Lvl","AllPub","Inside","Gtl","Mitchel","Norm","Norm","1Fam","1Story","5","7",1968,1968,"Gable","CompShg","HdBoard","HdBoard","BrkFace",182,"TA","TA","CBlock","TA","TA","No","ALQ",532,"Unf",0,476,1008,"GasA","Gd","Y","SBrkr",1008,0,0,1008,0,0,1,0,3,1,"Gd",6,"Typ",0,NA,"Attchd",1968,"Unf",1,384,"TA","TA","Y",144,0,0,0,0,0,NA,"MnPrv",NA,0,4,2009,"WD","Normal",0,"Test"
"1928",1928,20,"RL",83,13383,"Pave",NA,"IR1","Lvl","AllPub","Inside","Mod","Mitchel","Norm","Norm","1Fam","1Story","5","5",1969,2000,"Hip","CompShg","HdBoard","HdBoard","BrkFace",176,"TA","TA","CBlock","TA","TA","No","BLQ",594,"Unf",0,594,1188,"GasA","Ex","Y","SBrkr",1404,0,0,1404,0,0,2,0,3,1,"TA",7,"Typ",1,"Po","Attchd",1969,"Unf",2,504,"TA","TA","Y",0,16,0,0,0,0,NA,NA,NA,0,3,2009,"WD","Normal",0,"Test"
"1929",1929,85,"RL",50,7689,"Pave",NA,"IR1","Lvl","AllPub","Inside","Gtl","Mitchel","Norm","Norm","1Fam","SFoyer","5","8",1972,1972,"Gable","CompShg","MetalSd","MetalSd","None",0,"TA","TA","CBlock","Gd","TA","Av","GLQ",720,"BLQ",76,0,796,"GasA","Gd","Y","SBrkr",796,0,0,796,0,1,1,0,2,1,"TA",4,"Typ",0,NA,"Detchd",1998,"Unf",1,336,"TA","TA","Y",138,0,0,0,0,0,NA,"MnPrv",NA,0,7,2009,"WD","Normal",0,"Test"
"1930",1930,80,"RL",62,7706,"Pave",NA,"Reg","Lvl","AllPub","Inside","Gtl","Mitchel","Norm","Norm","1Fam","SLvl","6","5",1993,1996,"Gable","CompShg","HdBoard","HdBoard","None",0,"TA","Gd","CBlock","Gd","TA","Av","Rec",114,"GLQ",270,0,384,"GasA","Ex","Y","SBrkr",1091,0,0,1091,0,1,1,0,2,1,"TA",5,"Typ",0,NA,"Attchd",1993,"Fin",1,429,"TA","TA","Y",280,0,0,0,0,0,NA,NA,"Shed",700,8,2009,"WD","Normal",0,"Test"
"1931",1931,85,"RL",70,7669,"Pave",NA,"Reg","Lvl","AllPub","Inside","Gtl","Mitchel","Norm","Norm","1Fam","SFoyer","5","6",1992,1993,"Gable","CompShg","HdBoard","Wd Shng","None",0,"TA","TA","PConc","Gd","TA","Av","GLQ",718,"LwQ",110,0,828,"GasA","TA","Y","SBrkr",883,0,0,883,1,0,1,0,2,1,"TA",5,"Typ",1,"Fa","Detchd",1998,"Unf",2,698,"TA","TA","Y",100,32,0,0,0,0,NA,"GdPrv",NA,0,6,2009,"WD","Normal",0,"Test"
"1932",1932,60,"RL",62,10429,"Pave",NA,"Reg","Lvl","AllPub","Inside","Gtl","Mitchel","Norm","Norm","1Fam","2Story","5","5",1992,1992,"Gable","CompShg","HdBoard","Wd Shng","None",0,"TA","TA","PConc","Gd","TA","No","ALQ",330,"Unf",0,294,624,"GasA","TA","Y","SBrkr",624,663,0,1287,0,0,1,1,3,1,"TA",6,"Typ",0,NA,"Detchd",2001,"Unf",2,440,"TA","TA","Y",150,0,0,0,0,0,NA,NA,NA,0,7,2009,"WD","Normal",0,"Test"
"1933",1933,60,"RL",70,10457,"Pave",NA,"IR1","Lvl","AllPub","Inside","Mod","Mitchel","Norm","Norm","1Fam","2Story","5","7",1969,1969,"Gable","CompShg","VinylSd","VinylSd","BrkFace",178,"Gd","Ex","CBlock","TA","TA","Gd","BLQ",496,"LwQ",288,0,784,"GasA","Ex","Y","SBrkr",784,848,0,1632,0,0,1,1,4,1,"TA",7,"Typ",1,"TA","Attchd",1969,"RFn",2,898,"TA","TA","Y",0,173,368,0,0,0,NA,"MnPrv",NA,0,4,2009,"WD","Normal",0,"Test"
"1934",1934,60,"RL",72,8702,"Pave",NA,"IR1","Lvl","AllPub","Inside","Gtl","Gilbert","Norm","Norm","1Fam","2Story","6","5",1997,1998,"Gable","CompShg","VinylSd","VinylSd","None",0,"TA","TA","PConc","TA","TA","No","BLQ",706,"Unf",0,220,926,"GasA","Ex","Y","SBrkr",926,678,0,1604,0,0,2,1,3,1,"TA",7,"Typ",1,"TA","Attchd",1997,"Fin",2,470,"TA","TA","Y",0,36,0,0,0,0,NA,NA,NA,0,4,2008,"WD","Normal",0,"Test"
"1935",1935,60,"RL",65,8139,"Pave",NA,"Reg","Lvl","AllPub","Inside","Gtl","Gilbert","Norm","Norm","1Fam","2Story","6","5",1995,1996,"Gable","CompShg","VinylSd","VinylSd","BrkFace",119,"TA","TA","PConc","Gd","TA","No","ALQ",476,"Unf",0,204,680,"GasA","Gd","Y","SBrkr",680,790,0,1470,0,0,2,1,3,1,"TA",7,"Typ",1,"TA","BuiltIn",1995,"Fin",2,420,"TA","TA","Y",192,49,0,0,0,0,NA,NA,NA,0,10,2008,"WD","Normal",0,"Test"
"1936",1936,60,"RL",59,9535,"Pave",NA,"IR1","Lvl","AllPub","Inside","Gtl","Gilbert","Norm","Norm","1Fam","2Story","6","5",1998,1998,"Gable","CompShg","VinylSd","VinylSd","None",0,"TA","TA","PConc","Gd","TA","Gd","GLQ",851,"Unf",0,75,926,"GasA","Ex","Y","SBrkr",926,678,0,1604,0,0,2,1,3,1,"TA",7,"Typ",0,NA,"Attchd",1998,"Fin",2,472,"TA","TA","Y",100,82,0,0,0,0,NA,NA,NA,0,5,2008,"WD","Normal",0,"Test"
"1937",1937,60,"RL",NA,15038,"Pave",NA,"IR2","Lvl","AllPub","Corner","Gtl","Gilbert","Norm","Norm","1Fam","2Story","6","5",1996,1996,"Gable","CompShg","HdBoard","HdBoard","None",0,"TA","TA","PConc","Gd","TA","No","Rec",138,"Unf",0,778,916,"GasA","Gd","Y","SBrkr",916,720,0,1636,0,0,2,1,3,1,"TA",7,"Typ",1,"TA","Attchd",1996,"Fin",2,386,"TA","TA","Y",168,84,0,0,0,0,NA,NA,NA,0,11,2008,"WD","Normal",0,"Test"
"1938",1938,20,"RL",53,14137,"Pave",NA,"IR1","Lvl","AllPub","Inside","Gtl","Gilbert","Norm","Norm","1Fam","1Story","5","5",1996,1997,"Gable","CompShg","HdBoard","HdBoard","None",0,"Gd","TA","PConc","Gd","TA","No","GLQ",450,"Unf",0,898,1348,"GasA","Gd","Y","SBrkr",1384,0,0,1384,1,0,2,0,3,1,"Gd",7,"Typ",0,NA,"Attchd",1996,"Unf",2,404,"TA","TA","Y",0,39,0,0,0,0,NA,NA,NA,0,11,2008,"WD","Normal",0,"Test"
"1939",1939,120,"RL",45,6264,"Pave",NA,"IR1","Lvl","AllPub","Corner","Gtl","StoneBr","Norm","Norm","1Fam","1Story","8","5",1997,1997,"Gable","CompShg","CemntBd","CmentBd","None",0,"Gd","TA","PConc","Ex","TA","Mn","GLQ",656,"Unf",0,1008,1664,"GasA","Ex","Y","SBrkr",1682,0,0,1682,1,0,1,1,1,1,"Gd",6,"Min1",1,"TA","Attchd",1997,"Fin",2,528,"TA","TA","Y",0,0,0,0,0,0,NA,NA,NA,0,7,2008,"WD","Normal",0,"Test"
"1940",1940,120,"RL",39,5070,"Pave",NA,"IR1","HLS","AllPub","Inside","Gtl","StoneBr","Norm","Norm","TwnhsE","1Story","8","5",1992,1992,"Gable","CompShg","HdBoard","HdBoard","None",0,"Gd","TA","PConc","Gd","TA","Mn","Unf",0,"Unf",0,1280,1280,"GasA","Ex","Y","SBrkr",1280,0,0,1280,0,0,2,0,2,1,"Gd",5,"Typ",0,NA,"Attchd",1992,"RFn",2,506,"TA","TA","Y",0,82,0,0,144,0,NA,NA,NA,0,8,2008,"WD","Normal",0,"Test"
"1941",1941,60,"RL",73,11184,"Pave",NA,"IR1","Lvl","AllPub","Corner","Gtl","Gilbert","Norm","Norm","1Fam","2Story","6","5",1998,1998,"Gable","CompShg","VinylSd","VinylSd","None",0,"TA","TA","PConc","Gd","TA","No","Unf",0,"Unf",0,932,932,"GasA","Gd","Y","SBrkr",932,701,0,1633,0,0,2,1,3,1,"TA",7,"Typ",1,"TA","Attchd",1998,"Fin",2,460,"TA","TA","Y",0,39,0,0,0,0,NA,NA,NA,0,4,2008,"WD","Family",0,"Test"
"1942",1942,60,"RL",NA,14067,"Pave",NA,"Reg","Lvl","AllPub","FR3","Gtl","Gilbert","Norm","Norm","1Fam","2Story","6","5",1991,1991,"Gable","CompShg","HdBoard","HdBoard","BrkFace",194,"TA","TA","PConc","Gd","TA","No","ALQ",504,"Unf",0,332,836,"GasA","Gd","Y","SBrkr",851,858,0,1709,1,0,2,1,3,1,"Gd",7,"Typ",0,NA,"Attchd",1991,"Fin",2,416,"TA","TA","Y",0,40,0,0,0,0,NA,"GdPrv",NA,0,9,2008,"WD","Normal",0,"Test"
"1943",1943,120,"RL",65,5950,"Pave",NA,"IR1","HLS","AllPub","Inside","Mod","StoneBr","Norm","Norm","TwnhsE","1Story","8","5",1989,1989,"Gable","CompShg","HdBoard","HdBoard","None",0,"Gd","TA","PConc","Gd","TA","Gd","GLQ",319,"Unf",0,1018,1337,"GasA","Gd","Y","SBrkr",1337,0,0,1337,1,0,2,0,2,1,"Gd",5,"Typ",1,"TA","Attchd",1989,"RFn",2,462,"TA","TA","Y",0,73,154,0,0,0,NA,NA,NA,0,4,2008,"WD","Normal",0,"Test"
"1944",1944,60,"RL",101,13543,"Pave",NA,"IR1","HLS","AllPub","Corner","Gtl","StoneBr","Norm","Norm","1Fam","2Story","8","5",2005,2005,"Gable","CompShg","VinylSd","VinylSd","Stone",130,"Gd","TA","PConc","Ex","TA","Gd","GLQ",16,"Unf",0,1152,1168,"GasA","Ex","Y","SBrkr",1168,1332,0,2500,0,0,3,1,5,1,"Ex",9,"Typ",1,"Gd","BuiltIn",2005,"Fin",3,683,"TA","TA","Y",192,32,0,0,0,0,NA,NA,NA,0,7,2008,"WD","Normal",0,"Test"
"1945",1945,20,"RL",53,15401,"Pave",NA,"IR1","HLS","AllPub","CulDSac","Gtl","StoneBr","Norm","Norm","1Fam","1Story","9","5",2004,2004,"Hip","CompShg","VinylSd","VinylSd","BrkFace",296,"Ex","TA","PConc","Ex","TA","Gd","GLQ",1337,"Unf",0,547,1884,"GasA","Ex","Y","SBrkr",1884,0,0,1884,1,0,2,0,2,1,"Ex",7,"Typ",1,"Gd","Attchd",2004,"Fin",3,670,"TA","TA","Y",214,76,0,0,0,0,NA,NA,NA,0,9,2008,"WD","Normal",0,"Test"
"1946",1946,20,"RL",NA,31220,"Pave",NA,"IR1","Bnk",NA,"FR2","Gtl","Gilbert","Feedr","Norm","1Fam","1Story","6","2",1952,1952,"Hip","CompShg","BrkFace","BrkFace","None",0,"TA","TA","CBlock","TA","TA","No","Unf",0,"Unf",0,1632,1632,"GasA","TA","Y","FuseA",1474,0,0,1474,0,0,1,0,3,1,"TA",7,"Min2",2,"Gd","Attchd",1952,"Unf",2,495,"TA","TA","Y",0,0,144,0,0,0,NA,NA,"Shed",750,5,2008,"WD","Normal",0,"Test"
"1947",1947,120,"RL",60,8118,"Pave",NA,"Reg","HLS","AllPub","Inside","Gtl","StoneBr","PosN","PosN","TwnhsE","1Story","9","5",2007,2007,"Hip","CompShg","MetalSd","MetalSd","BrkFace",178,"Ex","TA","PConc","Ex","TA","Gd","GLQ",1034,"Unf",0,676,1710,"GasA","Ex","Y","SBrkr",1710,0,0,1710,1,0,2,0,2,1,"Ex",6,"Typ",1,"Gd","Attchd",2007,"RFn",2,557,"TA","TA","Y",156,48,0,0,0,0,NA,NA,NA,0,7,2008,"WD","Normal",0,"Test"
"1948",1948,20,"RL",NA,47280,"Pave",NA,"IR1","Lvl","AllPub","Inside","Gtl","Gilbert","Norm","Norm","1Fam","1Story","6","5",1950,1950,"Hip","CompShg","AsbShng","AsbShng","BrkFace",44,"TA","TA","CBlock","TA","TA","No","Unf",0,"Unf",0,1488,1488,"GasA","Gd","Y","SBrkr",1488,0,0,1488,0,0,2,1,3,1,"TA",6,"Typ",1,"TA","Attchd",1950,"RFn",2,738,"TA","TA","Y",0,0,180,0,0,0,NA,NA,NA,0,7,2008,"WD","Family",0,"Test"
"1949",1949,20,"RL",63,12680,"Pave",NA,"IR1","Lvl","AllPub","Inside","Gtl","NWAmes","Norm","Norm","1Fam","1Story","7","6",1988,1988,"Gable","CompShg","Plywood","Wd Sdng","BrkFace",102,"Gd","TA","CBlock","Gd","Gd","Mn","GLQ",983,"Unf",0,692,1675,"GasA","Ex","Y","SBrkr",1688,0,0,1688,1,0,2,0,2,1,"Ex",6,"Typ",1,"Ex","Attchd",1988,"RFn",2,528,"TA","TA","Y",0,48,0,0,141,0,NA,NA,NA,0,6,2008,"WD","Normal",0,"Test"
"1950",1950,20,"RL",NA,10825,"Pave",NA,"IR1","Lvl","AllPub","Inside","Gtl","NWAmes","Norm","Norm","1Fam","1Story","7","7",1983,1983,"Gable","CompShg","WdShing","Plywood","BrkFace",174,"Gd","TA","CBlock","Gd","TA","Mn","GLQ",747,"Unf",0,513,1260,"GasA","TA","Y","SBrkr",1260,0,0,1260,1,0,2,0,3,1,"TA",6,"Typ",0,NA,"Attchd",1983,"Unf",2,598,"TA","TA","Y",152,0,0,0,0,0,NA,NA,NA,0,7,2008,"WD","Normal",0,"Test"
"1951",1951,20,"RL",56,18559,"Pave",NA,"IR1","Lvl","AllPub","CulDSac","Gtl","NWAmes","Norm","Norm","1Fam","1Story","7","5",1978,1978,"Hip","CompShg","Plywood","Plywood","BrkFace",383,"Gd","Gd","CBlock","Gd","TA","No","GLQ",1206,"Rec",186,656,2048,"GasA","TA","Y","SBrkr",2064,0,0,2064,1,0,2,0,3,1,"Gd",7,"Typ",2,"Fa","Attchd",1978,"Fin",2,550,"TA","TA","Y",200,0,0,0,0,0,NA,NA,NA,0,8,2008,"WD","Normal",0,"Test"
"1952",1952,20,"RL",85,14450,"Pave",NA,"Reg","Lvl","AllPub","Inside","Gtl","NWAmes","Norm","Norm","1Fam","1Story","7","5",1979,1979,"Hip","CompShg","Plywood","Plywood","BrkFace",194,"Gd","TA","CBlock","Gd","Fa","No","ALQ",864,"LwQ",449,469,1782,"GasA","TA","Y","SBrkr",1782,0,0,1782,0,1,2,0,3,1,"Gd",6,"Typ",1,"TA","Attchd",1979,"Fin",2,551,"TA","TA","Y",467,0,0,0,0,0,NA,NA,NA,0,3,2008,"WD","Normal",0,"Test"
"1953",1953,20,"RL",90,13068,"Pave",NA,"Reg","Lvl","AllPub","Corner","Gtl","NWAmes","Norm","Norm","1Fam","1Story","6","5",1976,1976,"Hip","CompShg","HdBoard","HdBoard","BrkFace",621,"TA","TA","PConc","Gd","TA","No","ALQ",890,"Rec",48,273,1211,"GasA","TA","Y","SBrkr",1211,0,0,1211,1,0,2,0,3,1,"Gd",6,"Typ",1,"Po","Attchd",1976,"Fin",2,461,"TA","TA","Y",0,0,0,174,0,0,NA,"MnPrv",NA,0,11,2008,"WD","Normal",0,"Test"
"1954",1954,60,"RL",80,10400,"Pave",NA,"Reg","Lvl","AllPub","Inside","Gtl","NWAmes","Norm","Norm","1Fam","2Story","7","6",1980,1988,"Gable","CompShg","HdBoard","HdBoard","BrkFace",280,"TA","TA","CBlock","Gd","TA","Mn","Unf",0,"Unf",0,738,738,"GasA","TA","Y","SBrkr",1277,767,0,2044,0,0,2,1,3,1,"TA",7,"Min1",1,"TA","Attchd",1980,"Unf",2,489,"TA","TA","Y",28,73,0,0,0,0,NA,NA,NA,0,3,2008,"WD","Normal",0,"Test"
"1955",1955,60,"RL",75,9743,"Pave",NA,"Reg","Lvl","AllPub","Inside","Gtl","NWAmes","Norm","Norm","1Fam","2Story","5","6",1969,1969,"Gable","CompShg","VinylSd","VinylSd","None",0,"TA","TA","CBlock","TA","Fa","No","BLQ",280,"Unf",0,440,720,"GasA","Gd","Y","SBrkr",720,588,0,1308,0,0,1,1,3,1,"TA",7,"Typ",0,NA,"Detchd",1969,"Unf",2,484,"TA","TA","Y",0,0,0,0,0,0,NA,NA,NA,0,6,2008,"WD","Normal",0,"Test"
"1956",1956,60,"RL",NA,12511,"Pave",NA,"IR1","Lvl","AllPub","Corner","Gtl","NWAmes","Norm","Norm","1Fam","2Story","7","7",1978,1978,"Mansard","WdShake","Plywood","Plywood","BrkFace",168,"Gd","TA","PConc","Gd","TA","No","ALQ",988,"Unf",0,432,1420,"GasA","Ex","Y","SBrkr",1420,1420,0,2840,0,1,2,1,4,1,"Gd",8,"Min2",2,"Gd","Attchd",1978,"Fin",4,1314,"TA","Gd","Y",0,16,0,0,208,0,NA,"MnPrv",NA,0,12,2008,"WD","Normal",0,"Test"
"1957",1957,20,"RL",80,10400,"Pave",NA,"Reg","Lvl","AllPub","Inside","Gtl","NWAmes","Norm","Norm","1Fam","1Story","6","5",1976,1976,"Gable","CompShg","HdBoard","HdBoard","BrkFace",120,"TA","TA","CBlock","TA","TA","No","Unf",0,"Unf",0,1444,1444,"GasA","TA","Y","SBrkr",1444,0,0,1444,0,0,2,0,2,1,"TA",5,"Typ",1,"Gd","Attchd",1976,"Unf",2,473,"TA","TA","Y",0,24,0,0,0,0,NA,"GdWo",NA,0,4,2008,"WD","Normal",0,"Test"
"1958",1958,60,"RL",NA,14311,"Pave",NA,"IR1","Lvl","AllPub","FR3","Gtl","NWAmes","Norm","Norm","1Fam","2Story","8","5",1996,1996,"Gable","CompShg","VinylSd","VinylSd","BrkFace",402,"Gd","TA","PConc","Gd","TA","No","GLQ",1023,"Unf",0,213,1236,"GasA","Ex","Y","SBrkr",1236,1104,0,2340,1,0,2,1,4,1,"Gd",9,"Typ",1,"Gd","Attchd",1996,"RFn",3,787,"TA","TA","Y",192,180,218,0,0,0,NA,"GdPrv",NA,0,6,2008,"WD","Normal",0,"Test"
"1959",1959,90,"RL",60,9000,"Pave",NA,"Reg","Lvl","AllPub","FR2","Gtl","NAmes","Norm","Norm","Duplex","2Story","5","5",1974,1974,"Gable","CompShg","VinylSd","VinylSd","None",0,"TA","TA","CBlock","Gd","TA","Mn","Unf",0,"Unf",0,896,896,"GasA","TA","Y","SBrkr",896,896,0,1792,0,0,2,2,4,2,"TA",8,"Typ",0,NA,"Detchd",1982,"Unf",2,480,"TA","TA","Y",0,45,0,0,0,0,NA,NA,NA,0,6,2008,"WD","Normal",0,"Test"
"1960",1960,20,"RL",68,10295,"Pave",NA,"Reg","Lvl","AllPub","FR2","Gtl","NAmes","Norm","Norm","1Fam","1Story","4","6",1969,1969,"Gable","CompShg","HdBoard","HdBoard","BrkFace",72,"TA","TA","CBlock","Gd","TA","Mn","Rec",252,"Unf",0,684,936,"GasA","TA","Y","SBrkr",936,0,0,936,0,0,1,0,2,1,"TA",4,"Typ",0,NA,"Attchd",1969,"Unf",1,288,"TA","TA","Y",16,0,0,0,0,0,NA,NA,NA,0,9,2008,"COD","Normal",0,"Test"
"1961",1961,20,"RL",63,7560,"Pave",NA,"Reg","Lvl","AllPub","Inside","Gtl","NAmes","Norm","Norm","1Fam","1Story","5","5",1971,1971,"Hip","CompShg","MetalSd","MetalSd","None",0,"TA","TA","CBlock","Gd","TA","No","Rec",119,"ALQ",613,132,864,"GasA","TA","Y","SBrkr",864,0,0,864,1,0,1,0,3,1,"TA",5,"Typ",0,NA,"Detchd",1977,"Unf",2,576,"TA","TA","Y",0,0,0,0,0,0,NA,NA,NA,0,5,2008,"WD","Normal",0,"Test"
"1962",1962,160,"RM",21,1680,"Pave",NA,"Reg","Lvl","AllPub","Inside","Gtl","BrDale","Norm","Norm","Twnhs","2Story","6","5",1973,1973,"Gable","CompShg","HdBoard","HdBoard","BrkFace",359,"TA","TA","CBlock","TA","TA","No","LwQ",458,"Unf",0,25,483,"GasA","TA","Y","SBrkr",483,504,0,987,0,1,1,1,2,1,"TA",5,"Typ",0,NA,"Detchd",1973,"Unf",1,264,"TA","TA","Y",52,0,0,0,0,0,NA,NA,NA,0,2,2008,"WD","Normal",0,"Test"
"1963",1963,160,"RM",21,1890,"Pave",NA,"Reg","Lvl","AllPub","Inside","Gtl","BrDale","Norm","Norm","Twnhs","2Story","6","6",1972,1972,"Gable","CompShg","HdBoard","HdBoard","BrkFace",422,"TA","TA","CBlock","TA","TA","No","LwQ",483,"Unf",0,0,483,"GasA","Gd","Y","SBrkr",483,504,0,987,0,0,1,1,2,1,"TA",5,"Typ",0,NA,"Detchd",1975,"Unf",1,352,"TA","TA","Y",411,0,0,0,0,0,NA,NA,NA,0,4,2008,"WD","Normal",0,"Test"
"1964",1964,160,"RM",21,1680,"Pave",NA,"Reg","Lvl","AllPub","Inside","Gtl","BrDale","Norm","Norm","Twnhs","2Story","5","5",1972,1972,"Gable","CompShg","HdBoard","HdBoard","BrkFace",356,"TA","TA","CBlock","TA","TA","No","Rec",350,"Unf",0,280,630,"GasA","TA","Y","SBrkr",630,672,0,1302,0,0,2,1,3,1,"TA",6,"Typ",0,NA,"Detchd",1972,"Unf",1,264,"TA","TA","Y",0,0,0,0,0,0,NA,NA,NA,0,12,2008,"WD","Normal",0,"Test"
"1965",1965,160,"RL",24,2308,"Pave",NA,"Reg","Lvl","AllPub","FR2","Gtl","NPkVill","Norm","Norm","TwnhsE","2Story","6","6",1975,1975,"Gable","CompShg","Plywood","Brk Cmn","None",0,"TA","TA","CBlock","Gd","TA","No","ALQ",286,"LwQ",294,275,855,"GasA","Gd","Y","SBrkr",855,601,0,1456,0,0,2,1,4,1,"TA",7,"Typ",0,NA,"Attchd",1975,"RFn",2,460,"TA","TA","Y",0,0,0,0,0,0,NA,NA,NA,0,5,2008,"WD","Normal",0,"Test"
"1966",1966,120,"RL",24,2529,"Pave",NA,"Reg","Lvl","AllPub","Inside","Gtl","NPkVill","Norm","Norm","Twnhs","1Story","7","6",1977,1977,"Gable","CompShg","Plywood","Brk Cmn","None",0,"TA","TA","CBlock","Gd","TA","No","ALQ",378,"Unf",0,677,1055,"GasA","Fa","Y","SBrkr",1055,0,0,1055,0,0,2,0,2,1,"TA",4,"Typ",0,NA,"Attchd",1977,"Unf",2,440,"TA","TA","Y",0,38,0,0,0,0,NA,NA,NA,0,9,2008,"WD","Normal",0,"Test"
"1967",1967,20,"RL",98,12704,"Pave",NA,"Reg","Lvl","AllPub","Inside","Gtl","NridgHt","Norm","Norm","1Fam","1Story","8","5",2007,2007,"Hip","CompShg","VinylSd","VinylSd","Stone",302,"Gd","TA","PConc","Ex","TA","No","GLQ",1012,"Unf",0,570,1582,"GasA","Ex","Y","SBrkr",1582,0,0,1582,1,0,2,0,3,1,"Gd",7,"Typ",0,NA,"Attchd",2007,"Fin",3,905,"TA","TA","Y",209,95,0,0,0,0,NA,NA,NA,0,1,2008,"New","Partial",0,"Test"
"1968",1968,20,"RL",105,13693,"Pave",NA,"Reg","Lvl","AllPub","Inside","Gtl","NridgHt","Norm","Norm","1Fam","1Story","8","5",2007,2007,"Hip","CompShg","VinylSd","VinylSd","Stone",554,"Gd","TA","PConc","Ex","TA","Gd","GLQ",1728,"BLQ",495,195,2418,"GasA","Ex","Y","SBrkr",2464,0,0,2464,1,0,2,1,4,1,"Ex",9,"Typ",1,"Ex","Attchd",2007,"Fin",3,650,"TA","TA","Y",358,78,0,0,0,0,NA,NA,NA,0,8,2008,"WD","Normal",0,"Test"
"1969",1969,20,"RL",104,14418,"Pave",NA,"IR1","Lvl","AllPub","Inside","Gtl","NridgHt","Norm","Norm","1Fam","1Story","9","5",2007,2007,"Hip","CompShg","VinylSd","VinylSd","BrkFace",480,"Ex","TA","PConc","Ex","TA","Gd","GLQ",1375,"Unf",0,575,1950,"GasA","Ex","Y","SBrkr",1950,0,0,1950,1,0,2,0,2,1,"Ex",7,"Typ",1,"Gd","Attchd",2007,"Fin",3,706,"TA","TA","Y",156,207,0,0,0,0,NA,NA,NA,0,5,2008,"WD","Normal",0,"Test"
"1970",1970,60,"RL",108,13418,"Pave",NA,"Reg","Lvl","AllPub","Inside","Gtl","NridgHt","Norm","Norm","1Fam","2Story","9","5",2006,2006,"Hip","CompShg","VinylSd","VinylSd","BrkFace",270,"Gd","TA","PConc","Ex","TA","Gd","GLQ",1420,"Unf",0,430,1850,"GasA","Ex","Y","SBrkr",1850,898,0,2748,1,0,2,1,4,1,"Ex",9,"Typ",1,"Gd","BuiltIn",2006,"Fin",3,850,"TA","TA","Y",212,182,0,0,0,0,NA,NA,NA,0,10,2008,"WD","Abnorml",0,"Test"
"1971",1971,60,"RL",96,12539,"Pave",NA,"Reg","Lvl","AllPub","Inside","Gtl","NridgHt","PosN","Norm","1Fam","2Story","10","5",2005,2006,"Hip","CompShg","CemntBd","CmentBd","BrkFace",468,"Ex","TA","PConc","Ex","TA","Gd","GLQ",1082,"Unf",0,538,1620,"GasA","Ex","Y","SBrkr",1632,1158,0,2790,1,0,2,1,4,1,"Ex",10,"Typ",1,"Ex","BuiltIn",2005,"Fin",4,1150,"TA","TA","Y",30,200,0,0,192,0,NA,NA,NA,0,6,2008,"WD","Normal",0,"Test"
"1972",1972,60,"RL",102,12151,"Pave",NA,"IR1","Lvl","AllPub","Inside","Gtl","NridgHt","Norm","Norm","1Fam","2Story","9","5",2005,2005,"Gable","CompShg","CemntBd","CmentBd","BrkFace",368,"Gd","TA","PConc","Ex","TA","Av","GLQ",1249,"Unf",0,165,1414,"GasA","Ex","Y","SBrkr",1414,917,0,2331,1,0,2,1,3,1,"Ex",9,"Typ",1,"Gd","BuiltIn",2005,"Fin",3,1003,"TA","TA","Y",192,63,0,0,0,0,NA,NA,NA,0,8,2008,"WD","Normal",0,"Test"
"1973",1973,60,"RL",74,8899,"Pave",NA,"Reg","Lvl","AllPub","Inside","Gtl","NridgHt","Norm","Norm","1Fam","2Story","8","5",2007,2007,"Hip","CompShg","VinylSd","VinylSd","Stone",108,"Ex","TA","PConc","Gd","TA","Av","GLQ",40,"Unf",0,908,948,"GasA","Ex","Y","SBrkr",948,1140,0,2088,0,0,2,1,4,1,"Gd",10,"Typ",1,"Gd","BuiltIn",2007,"Fin",3,656,"TA","TA","Y",100,24,0,0,0,0,NA,NA,NA,0,6,2008,"WD","Normal",0,"Test"
"1974",1974,60,"RL",85,10574,"Pave",NA,"IR1","Lvl","AllPub","Inside","Gtl","NridgHt","Norm","Norm","1Fam","2Story","8","5",2004,2004,"Gable","CompShg","VinylSd","VinylSd","Stone",126,"Gd","TA","PConc","Ex","TA","No","GLQ",856,"Unf",0,292,1148,"GasA","Ex","Y","SBrkr",1170,1162,0,2332,1,0,2,1,4,1,"Ex",9,"Typ",1,"Gd","BuiltIn",2004,"Fin",3,756,"TA","TA","Y",224,142,0,0,0,0,NA,NA,NA,0,7,2008,"WD","Normal",0,"Test"
"1975",1975,20,"RL",106,12720,"Pave",NA,"Reg","HLS","AllPub","Inside","Mod","NridgHt","Norm","Norm","1Fam","1Story","10","5",2003,2003,"Hip","CompShg","MetalSd","MetalSd","Stone",680,"Ex","TA","PConc","Ex","TA","Gd","GLQ",2257,"Unf",0,278,2535,"GasA","Ex","Y","SBrkr",2470,0,0,2470,2,0,1,1,1,1,"Ex",7,"Typ",2,"Gd","Attchd",2003,"Fin",3,789,"TA","TA","Y",154,65,0,0,216,144,"Ex",NA,NA,0,2,2008,"WD","Normal",0,"Test"
"1976",1976,20,"RL",92,10845,"Pave",NA,"IR1","Lvl","AllPub","Corner","Gtl","NridgHt","Norm","Norm","1Fam","1Story","8","5",2003,2004,"Gable","CompShg","VinylSd","VinylSd","BrkFace",504,"Gd","TA","PConc","Gd","TA","Mn","GLQ",1149,"Unf",0,454,1603,"GasA","Ex","Y","SBrkr",1575,0,0,1575,1,0,2,0,2,1,"Gd",7,"Typ",1,"TA","Attchd",2003,"Fin",3,732,"TA","TA","Y",216,28,0,0,0,0,NA,NA,NA,0,6,2008,"WD","Normal",0,"Test"
"1977",1977,60,"RL",130,16900,"Pave",NA,"Reg","Lvl","AllPub","Inside","Gtl","NridgHt","Norm","Norm","1Fam","2Story","8","5",2001,2002,"Gable","CompShg","VinylSd","VinylSd","BrkFace",1110,"Gd","TA","PConc","Ex","TA","Mn","GLQ",1075,"Unf",0,404,1479,"GasA","Ex","Y","SBrkr",1515,1134,0,2649,1,0,2,1,4,1,"Gd",10,"Typ",1,"TA","Attchd",2001,"Fin",3,746,"TA","TA","Y",0,60,0,0,0,0,NA,NA,NA,0,1,2008,"WD","Normal",0,"Test"
"1978",1978,60,"RL",112,16451,"Pave",NA,"IR1","Lvl","AllPub","Corner","Gtl","NridgHt","Norm","Norm","1Fam","2Story","8","5",2003,2003,"Gable","CompShg","VinylSd","VinylSd","BrkFace",221,"Gd","TA","PConc","Ex","TA","Gd","Unf",0,"Unf",0,1765,1765,"GasA","Ex","Y","SBrkr",1804,886,0,2690,0,0,2,1,4,1,"Gd",9,"Typ",1,"Gd","BuiltIn",2003,"Fin",3,795,"TA","TA","Y",268,58,0,0,0,0,NA,NA,NA,0,7,2008,"WD","Normal",0,"Test"
"1979",1979,120,"RL",58,10110,"Pave",NA,"IR1","Lvl","AllPub","Inside","Gtl","NridgHt","Norm","Norm","TwnhsE","1Story","9","5",2008,2008,"Hip","CompShg","MetalSd","MetalSd","BrkFace",492,"Ex","TA","PConc","Gd","TA","No","GLQ",372,"Unf",0,1486,1858,"GasA","Ex","Y","SBrkr",1866,0,0,1866,1,0,2,0,2,1,"Ex",7,"Typ",1,"Gd","Attchd",2008,"Fin",3,870,"TA","TA","Y",0,48,0,0,0,0,NA,NA,NA,0,11,2008,"New","Partial",0,"Test"
"1980",1980,120,"RL",135,12304,"Pave",NA,"IR3","Lvl","AllPub","Corner","Gtl","NridgHt","Norm","Norm","TwnhsE","1Story","7","5",2005,2005,"Gable","CompShg","VinylSd","VinylSd","Stone",144,"Gd","TA","PConc","Gd","TA","No","GLQ",20,"Unf",0,1347,1367,"GasA","Ex","Y","SBrkr",1367,0,0,1367,0,0,2,0,2,1,"Gd",6,"Typ",1,"Gd","Attchd",2005,"RFn",2,484,"TA","TA","Y",0,33,0,0,0,0,NA,NA,NA,0,6,2008,"WD","Normal",0,"Test"
"1981",1981,120,"RL",89,8232,"Pave",NA,"IR1","Lvl","AllPub","Inside","Gtl","NridgHt","Norm","Norm","TwnhsE","1Story","9","5",2007,2008,"Hip","CompShg","MetalSd","MetalSd","BrkFace",714,"Ex","TA","PConc","Ex","TA","No","GLQ",1204,"Unf",0,596,1800,"GasA","Ex","Y","SBrkr",1800,0,0,1800,1,0,2,0,2,1,"Ex",6,"Typ",1,"Gd","Attchd",2008,"RFn",3,944,"TA","TA","Y",210,0,0,0,0,0,NA,NA,NA,0,6,2008,"New","Partial",0,"Test"
"1982",1982,120,"RL",48,6240,"Pave",NA,"Reg","Lvl","AllPub","Inside","Gtl","NridgHt","Norm","Norm","TwnhsE","1Story","8","5",2006,2007,"Hip","CompShg","MetalSd","MetalSd","BrkFace",176,"Gd","TA","PConc","Gd","TA","No","GLQ",846,"Unf",0,496,1342,"GasA","Ex","Y","SBrkr",1342,0,0,1342,1,0,2,0,2,1,"Gd",6,"Typ",1,"Gd","Attchd",2007,"Fin",2,550,"TA","TA","Y",0,35,0,0,0,0,NA,NA,NA,0,6,2008,"WD","Normal",0,"Test"
"1983",1983,120,"RL",48,6240,"Pave",NA,"Reg","Lvl","AllPub","Inside","Gtl","NridgHt","Norm","Norm","TwnhsE","1Story","8","5",2006,2007,"Hip","CompShg","MetalSd","MetalSd","BrkFace",196,"Gd","TA","PConc","Gd","TA","No","GLQ",24,"Unf",0,1318,1342,"GasA","Ex","Y","SBrkr",1342,0,0,1342,0,0,2,0,2,1,"Gd",6,"Typ",1,"Gd","Attchd",2007,"RFn",2,550,"TA","TA","Y",0,35,0,0,0,0,NA,NA,NA,0,2,2008,"WD","Normal",0,"Test"
"1984",1984,160,"RL",36,2448,"Pave",NA,"Reg","Lvl","AllPub","Inside","Gtl","NridgHt","Norm","Norm","Twnhs","2Story","7","5",2003,2004,"Gable","CompShg","VinylSd","Wd Shng","Stone",106,"Gd","TA","PConc","Gd","TA","No","Unf",0,"Unf",0,764,764,"GasA","Ex","Y","SBrkr",764,862,0,1626,0,0,2,1,2,1,"Gd",6,"Typ",0,NA,"BuiltIn",2003,"RFn",2,474,"TA","TA","Y",0,27,0,0,0,0,NA,NA,NA,0,10,2008,"WD","Normal",0,"Test"
"1985",1985,120,"RL",NA,3940,"Pave",NA,"Reg","Lvl","AllPub","Inside","Gtl","Blmngtn","Norm","Norm","TwnhsE","1Story","7","5",2003,2003,"Gable","CompShg","VinylSd","VinylSd","BrkFace",143,"Gd","TA","PConc","Gd","TA","Gd","GLQ",1073,"Unf",0,342,1415,"GasA","Ex","Y","SBrkr",1455,0,0,1455,1,0,2,0,2,1,"Gd",6,"Typ",1,"TA","Attchd",2003,"Fin",3,644,"TA","TA","Y",156,20,0,0,144,0,NA,NA,NA,0,8,2008,"WD","Normal",0,"Test"
"1986",1986,120,"RM",NA,3940,"Pave",NA,"Reg","Lvl","AllPub","Inside","Gtl","Blmngtn","Norm","Norm","TwnhsE","1Story","7","5",2004,2004,"Hip","CompShg","VinylSd","VinylSd","BrkFace",24,"Gd","TA","PConc","Gd","TA","No","GLQ",1087,"Unf",0,306,1393,"GasA","Ex","Y","SBrkr",1576,0,0,1576,1,0,2,0,2,1,"Gd",7,"Typ",1,"TA","Attchd",2004,"RFn",3,668,"TA","TA","Y",143,20,0,0,0,0,NA,NA,NA,0,5,2008,"WD","Normal",0,"Test"
"1987",1987,20,"RL",53,3710,"Pave",NA,"Reg","Lvl","AllPub","Inside","Gtl","Blmngtn","Norm","Norm","1Fam","1Story","7","5",2007,2008,"Gable","CompShg","WdShing","Wd Shng","BrkFace",20,"Gd","TA","PConc","Gd","TA","Gd","Unf",0,"Unf",0,1146,1146,"GasA","Ex","Y","SBrkr",1246,0,0,1246,0,0,2,0,2,1,"Gd",5,"Typ",1,"Gd","Attchd",2007,"Fin",2,428,"TA","TA","Y",100,24,0,0,0,0,NA,NA,NA,0,3,2008,"New","Partial",0,"Test"
"1988",1988,60,"RL",80,9024,"Pave",NA,"IR1","Lvl","AllPub","Inside","Gtl","Gilbert","Norm","Norm","1Fam","2Story","6","5",2004,2004,"Gable","CompShg","VinylSd","VinylSd","None",0,"Gd","TA","PConc","Gd","TA","No","Unf",0,"Unf",0,789,789,"GasA","Ex","Y","SBrkr",813,702,0,1515,0,0,2,1,3,1,"Gd",8,"Typ",1,"Gd","Attchd",2004,"Fin",2,393,"TA","TA","Y",0,75,0,0,0,0,NA,NA,NA,0,7,2008,"WD","Normal",0,"Test"
"1989",1989,60,"RL",NA,8010,"Pave",NA,"IR1","Lvl","AllPub","Inside","Gtl","Gilbert","Norm","Norm","1Fam","2Story","7","5",2002,2003,"Gable","CompShg","VinylSd","VinylSd","None",0,"Gd","TA","PConc","Gd","TA","No","Unf",0,"Unf",0,840,840,"GasA","Ex","Y","SBrkr",840,880,0,1720,0,0,2,1,3,1,"Gd",7,"Typ",1,"Gd","BuiltIn",2002,"Fin",2,400,"TA","TA","Y",138,48,0,0,0,0,NA,NA,NA,0,7,2008,"WD","Normal",0,"Test"
"1990",1990,60,"RL",NA,8396,"Pave",NA,"IR1","Lvl","AllPub","Inside","Gtl","Gilbert","Norm","Norm","1Fam","2Story","7","5",2003,2003,"Gable","CompShg","VinylSd","VinylSd","BrkFace",196,"Gd","TA","PConc","Gd","TA","No","Unf",0,"Unf",0,847,847,"GasA","Ex","Y","SBrkr",847,1139,0,1986,0,0,2,1,4,1,"Gd",9,"Typ",1,"Gd","BuiltIn",2003,"Fin",2,434,"TA","TA","Y",120,48,0,0,0,0,NA,NA,NA,0,5,2008,"WD","Normal",0,"Test"
"1991",1991,120,"RL",55,7301,"Pave",NA,"IR1","Lvl","AllPub","Inside","Gtl","NridgHt","Norm","Norm","TwnhsE","1Story","7","6",2007,2008,"Gable","CompShg","VinylSd","VinylSd","Stone",176,"Gd","TA","PConc","Gd","TA","No","GLQ",876,"Unf",0,474,1350,"GasA","Ex","Y","SBrkr",1358,0,0,1358,1,0,2,0,2,1,"Gd",6,"Typ",1,"Gd","Attchd",2008,"RFn",2,484,"TA","TA","Y",192,26,0,0,0,0,NA,NA,NA,0,11,2008,"New","Partial",0,"Test"
"1992",1992,60,"RL",71,8220,"Pave",NA,"IR1","Lvl","AllPub","Inside","Gtl","Gilbert","Norm","Norm","1Fam","2Story","7","5",2000,2001,"Gable","CompShg","VinylSd","VinylSd","BrkFace",647,"Gd","TA","PConc","Gd","TA","Av","GLQ",544,"Unf",0,438,982,"GasA","Ex","Y","SBrkr",1008,884,0,1892,0,0,2,1,3,1,"TA",8,"Typ",1,"TA","Attchd",2000,"RFn",2,431,"TA","TA","Y",108,0,0,0,0,0,NA,NA,NA,0,7,2008,"WD","Normal",0,"Test"
"1993",1993,60,"RL",NA,7750,"Pave",NA,"Reg","Lvl","AllPub","Inside","Gtl","Gilbert","RRAn","Norm","1Fam","2Story","7","5",2002,2002,"Gable","CompShg","VinylSd","VinylSd",NA,NA,"Gd","TA","PConc","Gd","TA","No","Unf",0,"Unf",0,707,707,"GasA","Ex","Y","SBrkr",707,707,0,1414,0,0,2,1,3,1,"Gd",6,"Typ",1,"Gd","Attchd",2002,"Fin",2,403,"TA","TA","Y",100,35,0,0,0,0,NA,NA,NA,0,4,2008,"WD","Normal",0,"Test"
"1994",1994,60,"RL",41,12460,"Pave",NA,"IR1","Lvl","AllPub","FR2","Gtl","Gilbert","RRAn","Norm","1Fam","2Story","7","5",1999,2000,"Gable","CompShg","VinylSd","VinylSd","None",0,"Gd","TA","PConc","Gd","TA","No","GLQ",870,"Unf",0,167,1037,"GasA","Ex","Y","SBrkr",1037,1285,0,2322,0,0,2,1,4,1,"TA",8,"Typ",1,"TA","BuiltIn",1999,"Fin",2,400,"TA","TA","Y",144,44,0,0,0,0,NA,NA,NA,0,5,2008,"WD","Normal",0,"Test"
"1995",1995,60,"RL",77,8390,"Pave",NA,"IR1","Lvl","AllPub","Inside","Gtl","Gilbert","Norm","Norm","1Fam","2Story","7","5",1999,1999,"Gable","CompShg","VinylSd","VinylSd","None",0,"TA","TA","PConc","Gd","TA","No","Unf",0,"Unf",0,831,831,"GasA","Ex","Y","SBrkr",873,778,0,1651,0,0,2,1,3,1,"TA",7,"Typ",1,"TA","BuiltIn",1999,"Fin",2,450,"TA","TA","Y",0,103,0,0,0,0,NA,NA,NA,0,5,2008,"WD","Normal",0,"Test"
"1996",1996,75,"RL",84,9660,"Pave",NA,"Reg","Lvl","AllPub","Inside","Gtl","NoRidge","Norm","Norm","1Fam","2.5Unf","8","5",1997,1997,"Hip","CompShg","HdBoard","HdBoard","BrkFace",1290,"Gd","TA","PConc","Gd","TA","No","Unf",0,"Unf",0,1173,1173,"GasA","Ex","Y","SBrkr",1182,1017,0,2199,0,0,2,1,3,1,"Gd",9,"Typ",1,"TA","Attchd",1997,"Fin",2,516,"TA","TA","Y",0,131,0,0,0,0,NA,NA,NA,0,9,2008,"WD","Normal",0,"Test"
"1997",1997,60,"RL",NA,11000,"Pave",NA,"Reg","Lvl","AllPub","FR2","Gtl","NoRidge","Norm","Norm","1Fam","2Story","9","5",2000,2000,"Hip","CompShg","VinylSd","VinylSd","BrkFace",295,"Gd","TA","PConc","Ex","TA","Mn","Unf",0,"Unf",0,1519,1519,"GasA","Ex","Y","SBrkr",1533,639,0,2172,0,0,2,1,4,1,"Ex",8,"Typ",1,"TA","BuiltIn",2000,"RFn",3,687,"TA","TA","Y",162,153,0,0,0,0,NA,NA,NA,0,6,2008,"WD","Normal",0,"Test"
"1998",1998,20,"RL",136,11675,"Pave",NA,"IR1","Lvl","AllPub","Inside","Gtl","NoRidge","Norm","Norm","1Fam","1Story","8","5",1998,1998,"Gable","CompShg","VinylSd","VinylSd","BrkFace",495,"Gd","TA","PConc","Gd","TA","Av","GLQ",1660,"Unf",0,322,1982,"GasA","Ex","Y","SBrkr",2006,0,0,2006,1,0,2,0,2,1,"Gd",5,"Typ",1,"TA","Attchd",1998,"Fin",3,938,"TA","TA","Y",144,33,0,0,0,0,NA,NA,NA,0,7,2008,"WD","Normal",0,"Test"
"1999",1999,60,"RL",97,10990,"Pave",NA,"IR1","Lvl","AllPub","CulDSac","Gtl","NoRidge","Norm","Norm","1Fam","2Story","7","5",1996,1997,"Gable","CompShg","VinylSd","VinylSd","None",0,"Gd","TA","PConc","Ex","TA","No","GLQ",851,"Unf",0,213,1064,"GasA","Ex","Y","SBrkr",1064,1061,0,2125,1,0,2,1,4,1,"Gd",12,"Typ",2,"TA","Attchd",1996,"RFn",2,576,"TA","TA","Y",168,0,0,0,0,0,NA,NA,NA,0,6,2008,"WD","Normal",0,"Test"
"2000",2000,60,"RL",NA,11929,"Pave",NA,"IR1","Lvl","AllPub","CulDSac","Gtl","NoRidge","Norm","Norm","1Fam","2Story","8","7",1995,1995,"Gable","CompShg","VinylSd","VinylSd","BrkFace",466,"Gd","TA","PConc","Gd","TA","Av","Unf",0,"Unf",0,1242,1242,"GasA","Ex","Y","SBrkr",1251,1250,0,2501,0,0,2,1,4,1,"Gd",9,"Typ",1,"TA","Attchd",1995,"RFn",3,751,"TA","TA","Y",192,87,0,0,0,0,NA,NA,NA,0,6,2008,"WD","Normal",0,"Test"
"2001",2001,60,"RL",91,10010,"Pave",NA,"Reg","Lvl","AllPub","Inside","Gtl","NoRidge","Norm","Norm","1Fam","2Story","7","5",1993,1994,"Hip","WdShake","VinylSd","VinylSd","BrkFace",320,"Gd","TA","PConc","Gd","TA","Av","BLQ",228,"GLQ",852,0,1080,"GasA","Ex","Y","SBrkr",1108,1089,0,2197,1,0,2,1,4,1,"Gd",9,"Typ",1,"Gd","Attchd",1993,"Fin",3,783,"TA","TA","Y",385,99,0,0,0,0,NA,NA,NA,0,7,2008,"WD","Normal",0,"Test"
"2002",2002,20,"RL",74,13253,"Pave",NA,"IR1","Lvl","AllPub","Inside","Gtl","Somerst","RRAn","Norm","1Fam","1Story","7","5",2006,2006,"Gable","CompShg","VinylSd","VinylSd","BrkFace",128,"Gd","TA","PConc","Ex","TA","No","GLQ",1096,"Unf",0,482,1578,"GasA","Gd","Y","SBrkr",1578,0,0,1578,1,0,2,0,3,1,"Gd",7,"Typ",1,"Gd","Attchd",2006,"Unf",3,642,"TA","TA","Y",0,26,0,0,0,0,NA,NA,NA,0,5,2008,"WD","Normal",0,"Test"
"2003",2003,60,"RL",73,9801,"Pave",NA,"Reg","Lvl","AllPub","Inside","Gtl","Somerst","Norm","Norm","1Fam","2Story","8","5",2007,2007,"Gable","CompShg","VinylSd","VinylSd","Stone",156,"Gd","TA","PConc","Gd","TA","Av","Unf",0,"Unf",0,1341,1341,"GasA","Ex","Y","SBrkr",1341,520,0,1861,0,0,3,0,3,1,"Gd",7,"Typ",1,"Gd","BuiltIn",2007,"RFn",3,851,"TA","TA","Y",144,60,0,0,0,0,NA,NA,NA,0,7,2008,"WD","Normal",0,"Test"
"2004",2004,60,"RL",80,9428,"Pave",NA,"Reg","Lvl","AllPub","Inside","Gtl","Somerst","Norm","Norm","1Fam","2Story","8","5",2007,2008,"Hip","CompShg","VinylSd","VinylSd","Stone",310,"Gd","TA","PConc","Gd","TA","Av","GLQ",729,"Unf",0,226,955,"GasA","Ex","Y","SBrkr",955,919,0,1874,1,0,2,1,3,1,"Gd",8,"Typ",1,"Gd","Attchd",2007,"Fin",3,880,"TA","TA","Y",168,108,0,0,0,0,NA,NA,NA,0,2,2008,"New","Partial",0,"Test"
"2005",2005,20,"RL",87,10037,"Pave",NA,"Reg","Lvl","AllPub","Corner","Gtl","Somerst","Feedr","Norm","1Fam","1Story","8","5",2006,2007,"Hip","CompShg","VinylSd","VinylSd",NA,NA,"Gd","TA","PConc","Ex","TA","No","GLQ",666,"Unf",0,794,1460,"GasA","Ex","Y","SBrkr",1460,0,0,1460,0,0,2,0,3,1,"Gd",6,"Typ",1,"Gd","Attchd",2006,"Fin",2,480,"TA","TA","Y",0,20,0,0,0,0,NA,NA,NA,0,8,2008,"WD","Normal",0,"Test"
"2006",2006,20,"FV",72,8640,"Pave",NA,"Reg","Lvl","AllPub","Inside","Gtl","Somerst","Norm","Norm","1Fam","1Story","8","5",2007,2008,"Gable","CompShg","VinylSd","VinylSd","None",0,"Gd","TA","PConc","Gd","TA","No","GLQ",24,"Unf",0,1339,1363,"GasA","Ex","Y","SBrkr",1372,0,0,1372,0,0,2,0,3,1,"Gd",6,"Typ",0,NA,"Attchd",2008,"RFn",2,588,"TA","TA","Y",192,113,0,0,0,0,NA,NA,NA,0,7,2008,"New","Partial",0,"Test"
"2007",2007,20,"FV",85,10625,"Pave",NA,"Reg","Lvl","AllPub","Inside","Gtl","Somerst","Norm","Norm","1Fam","1Story","8","5",2007,2007,"Gable","CompShg","VinylSd","VinylSd","BrkFace",292,"Gd","TA","PConc","Gd","TA","Av","Unf",0,"Unf",0,1660,1660,"GasA","Ex","Y","SBrkr",1660,0,0,1660,0,0,2,0,3,1,"Gd",7,"Typ",1,"Gd","Attchd",2007,"Fin",3,660,"TA","TA","Y",133,120,0,0,0,0,NA,NA,NA,0,6,2008,"WD","Normal",0,"Test"
"2008",2008,20,"FV",62,7500,"Pave","Pave","Reg","Lvl","AllPub","Inside","Gtl","Somerst","Norm","Norm","1Fam","1Story","7","5",2007,2008,"Gable","CompShg","CemntBd","CmentBd","Stone",210,"Gd","TA","PConc","Gd","TA","No","GLQ",902,"Unf",0,316,1218,"GasA","Ex","Y","SBrkr",1218,0,0,1218,1,0,2,0,2,1,"Gd",6,"Typ",0,NA,"Attchd",2008,"Fin",2,462,"TA","TA","Y",168,168,0,0,0,0,NA,NA,NA,0,4,2008,"New","Partial",0,"Test"
"2009",2009,60,"RL",68,10110,"Pave",NA,"Reg","Lvl","AllPub","Inside","Gtl","SawyerW","Norm","Norm","1Fam","2Story","6","5",2003,2003,"Gable","CompShg","VinylSd","VinylSd","None",0,"Gd","TA","PConc","Gd","TA","Mn","GLQ",80,"ALQ",555,200,835,"GasA","Ex","Y","SBrkr",835,861,0,1696,1,0,2,1,3,1,"Gd",7,"Typ",0,NA,"Attchd",2003,"RFn",2,542,"TA","TA","Y",143,66,0,0,0,0,NA,NA,NA,0,7,2008,"WD","Normal",0,"Test"
"2010",2010,60,"RL",67,12774,"Pave",NA,"Reg","Lvl","AllPub","FR2","Gtl","SawyerW","Norm","Norm","1Fam","2Story","7","5",2003,2004,"Gable","CompShg","VinylSd","VinylSd","BrkFace",95,"Gd","TA","PConc","Gd","TA","Av","Unf",0,"Unf",0,835,835,"GasA","Ex","Y","SBrkr",835,828,0,1663,0,0,2,1,3,1,"Gd",8,"Typ",0,NA,"Attchd",2003,"RFn",2,478,"TA","TA","Y",168,68,0,0,0,0,NA,NA,NA,0,7,2008,"WD","Normal",0,"Test"
"2011",2011,20,"RL",63,13072,"Pave",NA,"Reg","Lvl","AllPub","Inside","Gtl","SawyerW","RRAe","Norm","1Fam","1Story","6","5",2005,2006,"Gable","CompShg","VinylSd","VinylSd","BrkFace",126,"TA","TA","PConc","Gd","Gd","No","GLQ",80,"Unf",0,1095,1175,"GasA","Ex","Y","SBrkr",1175,0,0,1175,1,0,1,0,3,1,"Gd",6,"Typ",0,NA,NA,NA,NA,0,0,NA,NA,"Y",0,90,0,0,0,0,NA,NA,NA,0,6,2008,"WD","Normal",0,"Test"
"2012",2012,20,"RL",81,9260,"Pave",NA,"Reg","Lvl","AllPub","Corner","Gtl","SawyerW","Norm","Norm","1Fam","1Story","7","5",2007,2007,"Gable","CompShg","VinylSd","VinylSd","None",0,"Gd","TA","PConc","Gd","TA","Mn","Unf",0,"Unf",0,1162,1162,"GasA","Ex","Y","SBrkr",1162,0,0,1162,0,0,2,0,3,1,"Gd",6,"Typ",0,NA,"Attchd",2007,"Fin",2,483,"TA","TA","Y",0,32,0,0,0,0,NA,NA,NA,0,3,2008,"WD","Normal",0,"Test"
"2013",2013,60,"RL",65,8453,"Pave",NA,"IR1","Lvl","AllPub","Inside","Gtl","SawyerW","Norm","Norm","1Fam","2Story","6","5",1995,1995,"Gable","CompShg","VinylSd","VinylSd","BrkFace",38,"Gd","TA","PConc","Gd","TA","No","GLQ",362,"Unf",0,392,754,"GasA","Ex","Y","SBrkr",754,855,0,1609,0,0,2,1,3,1,"Gd",6,"Typ",0,NA,"Attchd",1995,"RFn",2,525,"TA","TA","Y",0,70,0,0,0,0,NA,NA,NA,0,4,2008,"WD","Normal",0,"Test"
"2014",2014,60,"RL",50,8480,"Pave",NA,"IR1","Lvl","AllPub","Inside","Gtl","SawyerW","Norm","Norm","1Fam","2Story","6","5",1993,1994,"Gable","CompShg","HdBoard","HdBoard","BrkFace",120,"Gd","TA","PConc","Gd","TA","No","GLQ",602,"Unf",0,284,886,"GasA","Ex","Y","SBrkr",886,794,0,1680,0,1,2,1,3,1,"Gd",7,"Typ",0,NA,"Attchd",1993,"RFn",2,474,"TA","TA","Y",144,96,0,0,0,0,NA,NA,NA,0,10,2008,"WD","Normal",0,"Test"
"2015",2015,60,"RL",43,14565,"Pave",NA,"IR2","Lvl","AllPub","CulDSac","Gtl","SawyerW","Norm","Norm","1Fam","2Story","7","5",1994,1995,"Gable","CompShg","VinylSd","VinylSd","BrkFace",145,"Gd","TA","PConc","Gd","TA","Av","GLQ",537,"Unf",0,295,832,"GasA","Ex","Y","SBrkr",832,825,0,1657,0,0,2,1,3,1,"Gd",6,"Typ",0,NA,"Attchd",1994,"RFn",2,483,"TA","TA","Y",144,74,0,0,0,0,NA,NA,"Shed",2000,11,2008,"WD","Normal",0,"Test"
"2016",2016,60,"RL",65,8450,"Pave",NA,"Reg","Lvl","AllPub","Inside","Gtl","SawyerW","Norm","Norm","1Fam","2Story","6","5",2001,2001,"Gable","CompShg","VinylSd","VinylSd","None",0,"Gd","TA","PConc","Gd","TA","No","GLQ",472,"Unf",0,355,827,"GasA","Ex","Y","SBrkr",827,850,0,1677,1,0,2,1,3,1,"Gd",7,"Typ",0,NA,"Attchd",2001,"RFn",2,627,"TA","TA","Y",0,68,0,0,0,0,NA,NA,NA,0,9,2008,"WD","Normal",0,"Test"
"2017",2017,60,"RL",75,8285,"Pave",NA,"Reg","Lvl","AllPub","Corner","Gtl","SawyerW","Norm","Norm","1Fam","2Story","7","5",1992,1992,"Gable","CompShg","HdBoard","HdBoard","None",0,"Gd","TA","PConc","Gd","TA","No","GLQ",397,"Unf",0,439,836,"GasA","Gd","Y","SBrkr",844,893,0,1737,0,1,2,1,3,1,"Gd",7,"Typ",0,NA,"Attchd",1992,"Fin",2,506,"TA","TA","Y",192,85,0,0,0,0,NA,NA,NA,0,5,2008,"WD","Normal",0,"Test"
"2018",2018,20,"RL",70,9100,"Pave",NA,"Reg","Lvl","AllPub","Inside","Gtl","Sawyer","RRAe","Norm","1Fam","1Story","5","5",1963,1963,"Hip","CompShg","Wd Sdng","Wd Sdng","None",0,"TA","TA","PConc","TA","Gd","No","BLQ",53,"ALQ",799,132,984,"GasA","TA","Y","SBrkr",984,0,0,984,1,0,1,0,3,1,"TA",5,"Typ",1,"TA","Attchd",1963,"RFn",1,384,"TA","TA","Y",145,56,0,0,0,0,NA,"MnPrv","Shed",400,8,2008,"WD","Normal",0,"Test"
"2019",2019,20,"RL",75,8100,"Pave",NA,"Reg","Lvl","AllPub","Inside","Gtl","Sawyer","Feedr","Norm","1Fam","1Story","5","8",1961,2007,"Gable","CompShg","Wd Sdng","Wd Sdng","None",0,"TA","Gd","CBlock","TA","TA","No","ALQ",764,"Unf",0,100,864,"GasA","Ex","Y","SBrkr",864,0,0,864,1,0,1,0,3,1,"Gd",5,"Typ",1,"TA","Detchd",1962,"Unf",1,420,"TA","TA","Y",132,0,0,0,0,0,NA,NA,NA,0,7,2008,"WD","Normal",0,"Test"
"2020",2020,190,"RL",65,8450,"Pave",NA,"Reg","Lvl","AllPub","Inside","Gtl","Sawyer","RRAe","Norm","2fmCon","1Story","5","5",1968,1968,"Gable","CompShg","HdBoard","HdBoard","None",0,"TA","TA","CBlock","TA","Fa","Mn","ALQ",890,"Unf",0,0,890,"GasA","Gd","N","SBrkr",890,0,0,890,1,0,1,0,3,1,"TA",5,"Typ",0,NA,"Detchd",1970,"Unf",1,308,"TA","TA","Y",0,0,0,0,0,0,NA,NA,NA,0,4,2008,"WD","Normal",0,"Test"
"2021",2021,20,"RL",60,6360,"Pave",NA,"Reg","Lvl","AllPub","Inside","Gtl","Sawyer","Norm","Norm","1Fam","1Story","5","5",1963,1963,"Hip","CompShg","Wd Sdng","HdBoard","None",0,"TA","TA","CBlock","Gd","Gd","No","ALQ",489,"Unf",0,375,864,"GasA","TA","Y","SBrkr",864,0,0,864,0,0,1,0,3,1,"TA",5,"Typ",0,NA,"Attchd",1963,"Unf",1,276,"TA","TA","Y",0,0,0,0,0,0,NA,NA,"Shed",650,1,2008,"COD","Abnorml",0,"Test"
"2022",2022,20,"RL",95,19508,"Pave",NA,"Reg","Lvl","AllPub","Inside","Gtl","Veenker","Norm","Norm","1Fam","1Story","6","5",1974,1974,"Gable","CompShg","HdBoard","ImStucc","BrkFace",144,"TA","TA","CBlock","TA","TA","Av","ALQ",800,"Unf",0,630,1430,"GasA","TA","Y","SBrkr",1430,0,0,1430,0,1,2,0,3,1,"TA",6,"Typ",2,"TA","Attchd",1974,"Unf",2,484,"TA","TA","Y",117,108,165,0,0,0,NA,NA,NA,0,7,2008,"WD","Normal",0,"Test"
"2023",2023,50,"RL",70,10759,"Pave",NA,"Reg","Lvl","AllPub","Corner","Gtl","Sawyer","Feedr","Norm","1Fam","1.5Fin","5","4",1972,1972,"Gable","CompShg","HdBoard","HdBoard","None",0,"TA","Gd","CBlock","Gd","TA","No","LwQ",190,"ALQ",811,0,1001,"GasA","TA","Y","SBrkr",1001,640,0,1641,0,0,2,0,4,1,"TA",5,"Typ",1,"Gd","Detchd",1972,"Unf",2,490,"TA","TA","Y",0,0,92,0,0,0,NA,"GdPrv",NA,0,7,2008,"WD","Normal",0,"Test"
"2024",2024,60,"RL",NA,9205,"Pave",NA,"IR1","Lvl","AllPub","Inside","Gtl","NoRidge","Norm","Norm","1Fam","2Story","6","5",1990,1991,"Hip","CompShg","HdBoard","HdBoard","BrkFace",304,"Gd","TA","PConc","Gd","TA","No","ALQ",704,"Unf",0,226,930,"GasA","Ex","Y","SBrkr",1364,1319,0,2683,1,0,2,1,4,1,"Gd",9,"Typ",2,"Gd","Attchd",1990,"RFn",2,473,"TA","TA","Y",237,251,0,0,196,0,NA,NA,NA,0,6,2008,"WD","Normal",0,"Test"
"2025",2025,60,"RL",105,11025,"Pave",NA,"Reg","Lvl","AllPub","Inside","Gtl","NoRidge","Norm","Norm","1Fam","1.5Fin","9","5",1993,1994,"Hip","CompShg","Wd Sdng","Wd Sdng","BrkFace",568,"Gd","TA","PConc","Gd","TA","Gd","BLQ",520,"Unf",0,1328,1848,"GasA","Ex","Y","SBrkr",1827,959,0,2786,1,0,2,1,4,1,"Gd",10,"Typ",1,"Ex","Attchd",1993,"Fin",2,636,"TA","TA","Y",294,49,0,0,0,0,NA,NA,NA,0,6,2008,"WD","Normal",0,"Test"
"2026",2026,120,"FV",37,3435,"Pave","Pave","IR1","Lvl","AllPub","Corner","Gtl","Somerst","Norm","Norm","TwnhsE","1Story","7","5",2004,2005,"Gable","CompShg","MetalSd","MetalSd","None",0,"Gd","TA","PConc","Gd","TA","No","GLQ",24,"Unf",0,1211,1235,"GasA","Ex","Y","SBrkr",1245,0,0,1245,0,0,2,0,1,1,"Gd",5,"Typ",0,NA,"Attchd",2004,"RFn",2,495,"TA","TA","Y",0,100,0,0,0,0,NA,NA,NA,0,6,2008,"WD","Normal",0,"Test"
"2027",2027,160,"FV",30,3180,"Pave","Pave","Reg","Lvl","AllPub","Inside","Gtl","Somerst","Norm","Norm","TwnhsE","2Story","6","5",2005,2005,"Gable","CompShg","MetalSd","MetalSd","None",0,"Gd","TA","PConc","Gd","TA","No","GLQ",390,"Unf",0,210,600,"GasA","Ex","Y","SBrkr",600,600,0,1200,1,0,2,1,2,1,"Gd",5,"Typ",0,NA,"Detchd",2005,"RFn",2,480,"TA","TA","Y",0,166,0,0,0,0,NA,NA,NA,0,5,2008,"WD","Normal",0,"Test"
"2028",2028,160,"FV",30,3180,"Pave","Pave","Reg","Lvl","AllPub","Inside","Gtl","Somerst","Norm","Norm","TwnhsE","2Story","7","5",2007,2007,"Gable","CompShg","VinylSd","VinylSd","None",0,"Gd","TA","PConc","Gd","TA","No","Unf",0,"Unf",0,689,689,"GasA","Ex","Y","SBrkr",703,689,0,1392,0,0,2,0,2,1,"Gd",5,"Typ",0,NA,"Detchd",2007,"Unf",2,540,"TA","TA","Y",0,102,0,0,0,0,NA,NA,NA,0,3,2008,"WD","Abnorml",0,"Test"
"2029",2029,160,"FV",24,2280,"Pave","Pave","Reg","Lvl","AllPub","Inside","Gtl","Somerst","Norm","Norm","Twnhs","2Story","6","5",1999,1999,"Gable","CompShg","MetalSd","MetalSd","Stone",216,"TA","TA","PConc","Gd","TA","No","GLQ",550,"Unf",0,194,744,"GasA","Gd","Y","SBrkr",757,792,0,1549,1,0,2,1,3,1,"TA",6,"Typ",0,NA,"Detchd",1999,"Unf",2,440,"TA","TA","Y",0,32,0,0,0,0,NA,NA,NA,0,4,2008,"WD","Normal",0,"Test"
"2030",2030,120,"FV",NA,4765,"Pave",NA,"IR1","Lvl","AllPub","Inside","Gtl","Somerst","Norm","Norm","TwnhsE","1Story","9","5",2000,2000,"Hip","CompShg","MetalSd","MetalSd","BrkFace",260,"Gd","TA","PConc","Gd","TA","Av","GLQ",1027,"Unf",0,587,1614,"GasA","Ex","Y","SBrkr",1638,0,0,1638,1,0,2,0,2,1,"Ex",5,"Typ",1,"TA","Attchd",2000,"Fin",2,495,"TA","TA","Y",230,68,0,0,0,0,NA,NA,NA,0,7,2008,"WD","Normal",0,"Test"
"2031",2031,120,"FV",NA,4538,"Pave",NA,"IR1","Lvl","AllPub","Inside","Gtl","Somerst","Norm","Norm","TwnhsE","1Story","9","5",2001,2001,"Gable","CompShg","VinylSd","VinylSd","BrkFace",179,"Gd","TA","PConc","Ex","TA","Av","GLQ",1004,"Unf",0,306,1310,"GasA","Ex","Y","SBrkr",1310,0,0,1310,1,0,1,1,1,1,"Gd",5,"Typ",1,"TA","Attchd",2001,"RFn",2,545,"TA","TA","Y",277,45,0,0,0,0,NA,NA,NA,0,7,2008,"WD","Normal",0,"Test"
"2032",2032,120,"FV",42,4385,"Pave",NA,"IR1","Lvl","AllPub","Inside","Gtl","Somerst","Norm","Norm","TwnhsE","1Story","9","5",2001,2001,"Gable","CompShg","VinylSd","VinylSd","None",0,"Gd","TA","PConc","Ex","TA","Av","GLQ",964,"Unf",0,455,1419,"GasA","Ex","Y","SBrkr",1419,0,0,1419,1,0,1,1,2,1,"Ex",5,"Typ",1,"TA","Attchd",2001,"Fin",2,588,"TA","TA","Y",155,58,0,0,0,0,NA,NA,NA,0,9,2008,"WD","Normal",0,"Test"
"2033",2033,120,"FV",35,4109,"Pave",NA,"IR1","Lvl","AllPub","Inside","Gtl","Somerst","Norm","Norm","TwnhsE","1Story","9","5",1999,2000,"Gable","CompShg","VinylSd","VinylSd","BrkFace",260,"Gd","TA","PConc","Gd","TA","Av","GLQ",1141,"Unf",0,416,1557,"GasA","Ex","Y","SBrkr",1557,0,0,1557,1,0,2,0,2,1,"Ex",5,"Typ",1,"TA","Attchd",1999,"RFn",2,484,"TA","TA","Y",124,113,0,0,0,0,NA,NA,NA,0,6,2008,"WD","Normal",0,"Test"
"2034",2034,160,"FV",24,2160,"Pave","Pave","Reg","Lvl","AllPub","Inside","Gtl","Somerst","Norm","Norm","Twnhs","SLvl","7","5",1999,2000,"Gable","CompShg","VinylSd","VinylSd","BrkFace",216,"Gd","TA","PConc","Gd","TA","No","GLQ",600,"Unf",0,72,672,"GasA","Ex","Y","SBrkr",684,720,0,1404,1,0,2,1,3,1,"Gd",5,"Typ",0,NA,"Detchd",1999,"Unf",2,462,"TA","TA","Y",20,0,0,0,0,0,NA,NA,NA,0,6,2008,"WD","Normal",0,"Test"
"2035",2035,60,"FV",79,10646,"Pave",NA,"IR1","Lvl","AllPub","Corner","Gtl","Somerst","Norm","Norm","1Fam","2Story","7","5",2001,2001,"Gable","CompShg","VinylSd","VinylSd","BrkFace",513,"TA","TA","PConc","TA","TA","No","GLQ",681,"Unf",0,177,858,"GasA","Ex","Y","SBrkr",872,917,0,1789,1,0,2,1,3,1,"TA",7,"Typ",1,"TA","Attchd",2001,"Fin",2,546,"TA","TA","Y",0,0,0,0,0,0,NA,NA,NA,0,6,2008,"WD","Normal",0,"Test"
"2036",2036,160,"FV",24,2645,"Pave","Pave","Reg","Lvl","AllPub","Inside","Gtl","Somerst","Norm","Norm","Twnhs","2Story","8","5",1999,1999,"Gable","CompShg","MetalSd","MetalSd","BrkFace",466,"Gd","TA","PConc","Gd","TA","No","GLQ",612,"Unf",0,348,960,"GasA","Ex","Y","SBrkr",962,624,0,1586,1,0,2,1,3,1,"Gd",7,"Typ",0,NA,"Detchd",1999,"Unf",2,480,"TA","TA","Y",169,0,0,0,0,0,NA,NA,NA,0,12,2008,"WD","Normal",0,"Test"
"2037",2037,160,"FV",24,2645,"Pave","Pave","Reg","Lvl","AllPub","Inside","Gtl","Somerst","Norm","Norm","Twnhs","2Story","8","5",1999,2000,"Gable","CompShg","MetalSd","MetalSd","BrkFace",456,"Gd","TA","PConc","Gd","TA","No","GLQ",813,"Unf",0,147,960,"GasA","Ex","Y","SBrkr",962,645,0,1607,1,0,2,1,3,1,"Gd",7,"Typ",0,NA,"Detchd",2000,"Unf",2,480,"TA","TA","Y",169,0,0,0,0,0,NA,NA,NA,0,12,2008,"ConLD","Normal",0,"Test"
"2038",2038,160,"FV",36,3951,"Pave","Pave","IR1","Lvl","AllPub","Inside","Gtl","Somerst","Norm","Norm","TwnhsE","2Story","10","5",1998,1999,"Gable","CompShg","BrkFace","MetalSd","None",0,"Ex","TA","PConc","Gd","TA","Mn","BLQ",128,"GLQ",842,0,970,"GasA","Ex","Y","SBrkr",1469,924,0,2393,1,0,2,1,2,1,"Ex",7,"Typ",1,"TA","Attchd",1998,"Fin",2,846,"TA","TA","Y",0,90,0,0,94,0,NA,NA,NA,0,2,2008,"WD","Normal",0,"Test"
"2039",2039,120,"RL",22,11064,"Pave",NA,"IR2","Lvl","AllPub","CulDSac","Gtl","Veenker","Norm","Norm","TwnhsE","1Story","8","5",1995,1995,"Hip","CompShg","BrkFace","BrkFace","None",0,"Gd","TA","PConc","Gd","TA","Gd","LwQ",560,"GLQ",670,0,1230,"GasA","Ex","Y","SBrkr",1239,0,0,1239,1,0,1,1,1,1,"Gd",4,"Typ",1,"Fa","Attchd",1995,"Fin",2,477,"TA","TA","Y",172,24,0,0,0,0,NA,NA,NA,0,8,2008,"WD","Normal",0,"Test"
"2040",2040,60,"RL",NA,24572,"Pave",NA,"IR1","Lvl","AllPub","CulDSac","Gtl","Veenker","Norm","Norm","1Fam","2Story","9","3",1977,1977,"Mansard","CompShg","Wd Sdng","Wd Sdng","BrkFace",1050,"Gd","Gd","CBlock","Gd","TA","No","GLQ",410,"Unf",0,584,994,"GasA","TA","Y","SBrkr",1599,1345,0,2944,0,0,2,2,3,1,"Gd",9,"Typ",1,"Gd","Attchd",1977,"RFn",3,864,"TA","TA","Y",140,70,16,0,0,0,NA,NA,NA,0,6,2008,"WD","Family",0,"Test"
"2041",2041,20,"RL",103,16280,"Pave",NA,"Reg","Lvl","AllPub","Inside","Gtl","Veenker","Norm","Norm","1Fam","1Story","8","9",1976,2007,"Gable","CompShg","VinylSd","VinylSd","None",0,"Ex","Ex","CBlock","Gd",NA,"Mn","GLQ",1044,"Rec",382,0,1426,"GasA","Ex","Y","SBrkr",1671,0,0,1671,1,0,3,0,3,1,"Ex",6,"Typ",1,"Gd","Attchd",1976,"RFn",2,550,"TA","TA","Y",280,90,0,0,0,0,NA,"GdWo",NA,0,5,2008,"WD","Normal",0,"Test"
"2042",2042,60,"FV",NA,7500,"Pave",NA,"Reg","Lvl","AllPub","Inside","Gtl","Somerst","Norm","Norm","1Fam","2Story","7","5",2002,2002,"Gable","CompShg","VinylSd","VinylSd",NA,NA,"Gd","TA","PConc","Gd","TA","No","Unf",0,"Unf",0,952,952,"GasA","Ex","Y","SBrkr",952,860,0,1812,0,0,2,1,3,1,"TA",7,"Typ",1,"TA","Attchd",2002,"RFn",2,469,"TA","TA","Y",144,112,0,0,0,0,NA,NA,NA,0,4,2008,"WD","Normal",0,"Test"
"2043",2043,80,"RL",NA,11104,"Pave",NA,"IR1","Lvl","AllPub","Inside","Gtl","NWAmes","Norm","Norm","1Fam","SLvl","6","6",1969,1969,"Gable","CompShg","MetalSd","MetalSd","None",0,"TA","TA","CBlock","TA","TA","Av","GLQ",828,"Unf",0,599,1427,"GasA","Gd","Y","SBrkr",1427,0,0,1427,0,1,2,0,4,1,"TA",7,"Typ",0,NA,"Attchd",1969,"RFn",2,516,"TA","TA","Y",0,0,0,0,216,0,NA,NA,NA,0,5,2008,"WD","Normal",0,"Test"
"2044",2044,20,"RL",85,11050,"Pave",NA,"Reg","Lvl","AllPub","Inside","Gtl","NWAmes","Norm","Norm","1Fam","1Story","6","5",1968,1968,"Gable","CompShg","HdBoard","HdBoard","None",0,"TA","TA","CBlock","TA","TA","No","Rec",301,"Unf",0,1439,1740,"GasA","Fa","Y","SBrkr",1740,0,0,1740,0,0,1,1,4,1,"TA",8,"Typ",1,"TA","Attchd",1968,"RFn",2,512,"TA","TA","Y",25,0,0,0,192,0,NA,"GdWo",NA,0,10,2008,"WD","Family",0,"Test"
"2045",2045,20,"RL",NA,15387,"Pave",NA,"IR1","Lvl","AllPub","CulDSac","Gtl","NWAmes","Norm","Norm","1Fam","1Story","7","7",1967,1967,"Gable","CompShg","Plywood","Plywood","None",0,"TA","TA","CBlock","TA","TA","No","ALQ",603,"BLQ",294,723,1620,"GasA","Ex","Y","SBrkr",1620,0,0,1620,0,0,2,0,4,1,"Gd",8,"Typ",1,"Gd","Attchd",1967,"Unf",2,578,"TA","TA","Y",0,62,192,0,0,0,NA,NA,"Shed",450,8,2008,"WD","Normal",0,"Test"
"2046",2046,90,"RL",75,9750,"Pave",NA,"Reg","Lvl","AllPub","Inside","Gtl","NWAmes","RRAn","Norm","Duplex","1Story","5","6",1965,1965,"Gable","CompShg","MetalSd","MetalSd","None",0,"TA","TA","CBlock","TA","TA","No","Unf",0,"Unf",0,1625,1625,"GasA","Ex","Y","SBrkr",1625,0,0,1625,0,0,2,0,4,2,"TA",8,"Typ",0,NA,"Detchd",1965,"Unf",2,484,"TA","TA","Y",0,0,0,0,0,0,NA,NA,NA,0,8,2008,"ConLD","Normal",0,"Test"
"2047",2047,60,"RL",73,8814,"Pave",NA,"Reg","Lvl","AllPub","Inside","Gtl","NAmes","Feedr","Norm","1Fam","2Story","5","6",1968,1968,"Gable","CompShg","MetalSd","MetalSd","None",0,"TA","TA","CBlock","TA","TA","No","LwQ",732,"Unf",0,0,732,"GasA","Ex","Y","SBrkr",732,732,0,1464,0,0,1,1,4,1,"TA",7,"Typ",0,NA,"Attchd",1968,"Unf",2,470,"TA","TA","Y",0,40,0,0,0,0,NA,NA,NA,0,6,2008,"WD","Normal",0,"Test"
"2048",2048,20,"RL",65,8125,"Pave",NA,"Reg","Lvl","AllPub","Inside","Gtl","NAmes","Norm","Norm","1Fam","1Story","5","7",1965,2005,"Hip","CompShg","HdBoard","HdBoard","None",0,"Gd","TA","CBlock","TA","TA","No","ALQ",260,"Rec",456,196,912,"GasA","Ex","Y","SBrkr",925,0,0,925,1,0,1,0,3,1,"TA",5,"Typ",0,NA,"Detchd",1978,"Unf",2,576,"TA","TA","Y",233,0,0,0,0,0,NA,NA,NA,0,7,2008,"WD","Normal",0,"Test"
"2049",2049,90,"RL",72,11072,"Pave",NA,"IR1","Lvl","AllPub","Inside","Gtl","NAmes","Norm","Norm","Duplex","1Story","5","5",1965,1965,"Gable","CompShg","HdBoard","HdBoard","None",0,"TA","TA","CBlock","TA","TA","No","Unf",0,"Unf",0,1728,1728,"GasA","TA","Y","SBrkr",1728,0,0,1728,0,0,2,0,6,2,"TA",10,"Typ",0,NA,"Detchd",1987,"Unf",2,576,"TA","TA","Y",0,0,0,0,0,0,NA,NA,NA,0,11,2008,"WD","Normal",0,"Test"
"2050",2050,60,"RL",NA,13355,"Pave",NA,"IR1","Lvl","AllPub","Inside","Gtl","NWAmes","Norm","Norm","1Fam","2Story","7","6",1971,1971,"Gable","CompShg","HdBoard","HdBoard","None",0,"TA","TA","CBlock","Gd","Gd","No","ALQ",583,"Unf",0,242,825,"GasA","TA","Y","SBrkr",845,825,0,1670,0,0,1,1,4,1,"TA",7,"Typ",0,NA,"Attchd",1971,"Fin",2,464,"TA","TA","Y",0,0,0,0,0,0,NA,NA,NA,0,5,2008,"WD","Normal",0,"Test"
"2051",2051,20,"RL",74,7785,"Pave",NA,"IR1","Lvl","AllPub","Inside","Gtl","NAmes","Norm","Norm","1Fam","1Story","5","5",1956,1956,"Gable","CompShg","HdBoard","HdBoard","None",0,"TA","TA","Slab",NA,NA,NA,NA,0,NA,0,0,0,"GasA","TA","Y","SBrkr",1014,0,0,1014,0,0,1,0,2,1,"TA",6,"Typ",0,NA,"Attchd",1956,"RFn",1,267,"TA","TA","Y",0,0,40,0,200,0,NA,"GdWo",NA,0,3,2008,"WD","Normal",0,"Test"
"2052",2052,20,"RL",90,9900,"Pave",NA,"Reg","Lvl","AllPub","Corner","Gtl","NAmes","Norm","Norm","1Fam","1Story","5","5",1961,1961,"Gable","CompShg","Plywood","Plywood","None",0,"TA","Gd","CBlock","TA","TA","No","Unf",0,"Unf",0,1114,1114,"GasA","TA","Y","SBrkr",1114,0,0,1114,1,0,1,0,3,1,"TA",5,"Typ",0,NA,"Attchd",1961,"RFn",2,451,"TA","TA","Y",0,0,0,0,164,0,NA,NA,NA,0,5,2008,"COD","Abnorml",0,"Test"
"2053",2053,20,"RL",NA,11332,"Pave",NA,"IR1","Lvl","AllPub","Corner","Gtl","NAmes","Norm","Norm","1Fam","1Story","5","7",1960,2000,"Gable","CompShg","Wd Sdng","Wd Sdng","None",0,"TA","TA","CBlock","TA","TA","No","BLQ",528,"Unf",0,590,1118,"GasA","Ex","Y","SBrkr",1118,0,0,1118,1,0,1,0,3,1,"Gd",6,"Typ",0,NA,"Attchd",1960,"RFn",1,264,"TA","TA","Y",290,0,0,0,0,0,NA,"MnPrv",NA,0,8,2008,"WD","Normal",0,"Test"
"2054",2054,70,"RL",50,4882,"Pave",NA,"IR1","Bnk","AllPub","Inside","Mod","BrkSide","RRAn","Feedr","1Fam","2Story","4","7",1937,1950,"Gable","CompShg","MetalSd","MetalSd","None",0,"TA","TA","PConc","TA","TA","No","Rec",120,"Unf",0,228,348,"GasA","TA","Y","SBrkr",453,453,0,906,0,0,1,0,2,1,"TA",5,"Typ",0,NA,"Basment",1937,"Unf",1,231,"Fa","TA","Y",0,0,0,0,0,0,NA,NA,NA,0,9,2008,"WD","Normal",0,"Test"
"2055",2055,20,"RL",80,9600,"Pave",NA,"Reg","Lvl","AllPub","Inside","Gtl","NAmes","Norm","Norm","1Fam","1Story","5","6",1960,1960,"Gable","CompShg","MetalSd","MetalSd","BrkFace",203,"Fa","Fa","CBlock","TA","TA","No","Rec",658,"Unf",0,638,1296,"GasA","TA","Y","SBrkr",1496,0,0,1496,0,0,2,0,3,1,"Gd",6,"Typ",0,NA,"Attchd",1960,"RFn",2,450,"TA","TA","Y",0,22,0,0,0,0,NA,"MnPrv",NA,0,2,2008,"WD","Normal",0,"Test"
"2056",2056,20,"RL",80,9600,"Pave",NA,"Reg","Lvl","AllPub","Inside","Gtl","NAmes","Norm","Norm","1Fam","1Story","5","8",1950,2006,"Gable","CompShg","HdBoard","HdBoard","None",0,"TA","Gd","CBlock","TA","TA","No","BLQ",32,"Rec",308,232,572,"GasA","Gd","Y","SBrkr",1337,0,0,1337,1,0,1,0,3,1,"Gd",7,"Typ",1,"Gd","Attchd",1950,"RFn",1,264,"TA","TA","Y",0,192,0,0,0,0,NA,NA,NA,0,9,2008,"WD","Normal",0,"Test"
"2057",2057,20,"RL",63,7584,"Pave",NA,"Reg","Lvl","AllPub","Inside","Gtl","NAmes","Artery","Norm","1Fam","1Story","5","5",1953,1953,"Hip","CompShg","Wd Sdng","Wd Sdng","BrkFace",88,"TA","TA","CBlock","TA","TA","No","LwQ",531,"Unf",0,505,1036,"GasA","Ex","Y","SBrkr",1036,0,0,1036,0,0,1,0,3,1,"TA",5,"Typ",0,NA,"Attchd",1953,"RFn",1,312,"TA","TA","Y",120,24,0,0,0,0,NA,"MnPrv",NA,0,6,2008,"WD","Normal",0,"Test"
"2058",2058,60,"RL",90,14670,"Pave",NA,"Reg","Lvl","AllPub","Inside","Gtl","NAmes","Norm","Norm","1Fam","2Story","6","7",1966,1999,"Gable","CompShg","VinylSd","VinylSd","BrkFace",410,"Gd","Gd","CBlock","TA","TA","No","BLQ",575,"Unf",0,529,1104,"GasA","Ex","Y","SBrkr",1104,884,0,1988,0,0,2,1,4,1,"Gd",9,"Typ",1,"Gd","Attchd",1966,"RFn",2,480,"TA","TA","Y",0,230,0,0,0,0,NA,"MnPrv",NA,0,8,2008,"WD","Normal",0,"Test"
"2059",2059,20,"RL",74,8856,"Pave",NA,"Reg","Lvl","AllPub","Inside","Gtl","NAmes","Norm","Norm","1Fam","1Story","5","4",1957,1957,"Gable","CompShg","Wd Sdng","Wd Sdng","BrkFace",143,"TA","TA","CBlock","TA","TA","No","ALQ",621,"LwQ",52,503,1176,"GasA","TA","Y","SBrkr",1176,0,0,1176,1,0,1,0,3,1,"TA",6,"Typ",2,"Gd","Attchd",1957,"RFn",1,292,"TA","TA","Y",0,88,0,0,95,0,NA,NA,NA,0,5,2008,"WD","Normal",0,"Test"
"2060",2060,20,"RL",82,9840,"Pave",NA,"Reg","Lvl","AllPub","Inside","Gtl","NAmes","Norm","Norm","1Fam","1Story","5","7",1959,1998,"Gable","CompShg","HdBoard","HdBoard","None",0,"TA","TA","CBlock","TA","TA","No","ALQ",1053,"Unf",0,195,1248,"GasA","TA","Y","SBrkr",1440,0,0,1440,1,0,2,0,2,1,"Gd",7,"Typ",0,NA,"Attchd",1959,"RFn",1,480,"TA","TA","Y",150,0,0,0,256,0,NA,NA,NA,0,6,2008,"WD","Normal",0,"Test"
"2061",2061,20,"RL",90,13200,"Pave",NA,"IR1","Lvl","AllPub","Inside","Gtl","NAmes","Feedr","Norm","1Fam","1Story","6","6",1958,1958,"Gable","CompShg","Wd Sdng","Wd Sdng","BrkFace",187,"TA","TA","CBlock","TA","TA","No","LwQ",958,"Unf",0,437,1395,"GasA","Ex","Y","SBrkr",1570,0,0,1570,1,0,1,0,3,1,"TA",5,"Typ",1,"TA","Attchd",1958,"RFn",2,441,"TA","TA","Y",490,0,0,0,0,0,NA,NA,NA,0,5,2008,"WD","Normal",0,"Test"
"2062",2062,20,"RL",75,10425,"Pave",NA,"Reg","Lvl","AllPub","Inside","Gtl","NAmes","Norm","Norm","1Fam","1Story","5","5",1956,1958,"Gable","CompShg","MetalSd","MetalSd","None",0,"TA","TA","CBlock","TA","TA","No","Rec",774,"Unf",0,330,1104,"GasA","Gd","Y","SBrkr",1104,0,0,1104,1,0,1,0,3,1,"TA",5,"Typ",0,NA,"Attchd",1956,"RFn",1,384,"TA","TA","Y",0,0,0,0,0,0,NA,NA,NA,0,4,2008,"WD","Normal",0,"Test"
"2063",2063,20,"RL",60,11556,"Pave",NA,"Reg","Lvl","AllPub","Inside","Gtl","NAmes","Norm","Norm","1Fam","1Story","5","6",1952,1952,"Gable","CompShg","MetalSd","MetalSd","Stone",52,"TA","TA","CBlock","TA","TA","No","Rec",148,"Unf",0,572,720,"GasA","Ex","Y","FuseA",882,0,0,882,1,0,1,0,2,1,"Gd",4,"Typ",0,NA,"Attchd",1952,"Unf",1,240,"TA","TA","Y",0,0,0,0,0,0,NA,"MnPrv",NA,0,5,2008,"WD","Normal",0,"Test"
"2064",2064,20,"RL",102,9373,"Pave",NA,"IR1","Lvl","AllPub","Corner","Gtl","NAmes","Norm","Norm","1Fam","1Story","5","6",1953,1953,"Gable","CompShg","MetalSd","MetalSd","BrkFace",84,"TA","TA","CBlock","TA","TA","No","Rec",500,"LwQ",196,456,1152,"GasA","TA","Y","SBrkr",1152,0,0,1152,0,0,1,1,3,1,"TA",6,"Typ",0,NA,"Detchd",1971,"Unf",2,636,"TA","TA","Y",0,0,0,0,0,0,NA,NA,NA,0,5,2008,"WD","Normal",0,"Test"
"2065",2065,20,"RL",NA,12774,"Pave",NA,"Reg","Lvl","AllPub","Inside","Sev","NAmes","Norm","Norm","1Fam","1Story","5","5",1953,1953,"Hip","CompShg","MetalSd","MetalSd","None",0,"TA","TA","PConc","TA","TA","No","BLQ",624,"LwQ",128,232,984,"GasW","TA","N","SBrkr",950,0,0,950,0,0,1,0,2,1,"TA",5,"Typ",0,NA,"Detchd",1953,"Unf",2,400,"TA","TA","Y",0,32,0,0,0,0,NA,"GdWo",NA,0,7,2008,"WD","Normal",0,"Test"
"2066",2066,20,"RL",95,14250,"Pave",NA,"Reg","Lvl","AllPub","Inside","Gtl","NAmes","Norm","Norm","1Fam","1Story","6","5",1957,1957,"Gable","CompShg","Plywood","Plywood","BrkFace",360,"TA","TA","CBlock","TA","TA","No","Unf",0,"Unf",0,998,998,"GasA","TA","Y","SBrkr",1790,0,0,1790,0,0,2,0,3,1,"TA",6,"Typ",2,"Gd","Attchd",1957,"Fin",2,540,"TA","TA","Y",0,40,0,0,0,0,NA,NA,"Shed",1500,9,2008,"WD","Normal",0,"Test"
"2067",2067,20,"RL",71,8838,"Pave",NA,"Reg","Lvl","AllPub","Inside","Gtl","NAmes","Norm","Norm","1Fam","1Story","5","3",1957,1982,"Gable","CompShg","MetalSd","MetalSd","None",0,"TA","TA","BrkTil",NA,NA,NA,NA,0,NA,0,0,0,"GasA","Gd","Y","SBrkr",1764,0,0,1764,0,0,2,1,4,1,"TA",7,"Maj2",1,"TA","Attchd",1957,"Fin",1,301,"TA","TA","Y",0,72,0,0,0,0,NA,NA,NA,0,10,2008,"WD","Normal",0,"Test"
"2068",2068,90,"RL",76,12436,"Pave",NA,"Reg","Lvl","AllPub","Inside","Gtl","NAmes","Norm","Norm","Duplex","1Story","5","5",1957,1957,"Gable","CompShg","Wd Sdng","Wd Sdng","None",0,"TA","TA","CBlock","TA","TA","No","Unf",0,"Unf",0,1824,1824,"GasA","Fa","Y","FuseA",1824,0,0,1824,0,0,2,0,5,2,"TA",9,"Typ",0,NA,"Detchd",1958,"Unf",2,484,"TA","TA","Y",0,0,0,0,0,0,NA,NA,NA,0,1,2008,"WD","Normal",0,"Test"
"2069",2069,20,"RL",60,10122,"Pave",NA,"Reg","Lvl","AllPub","Inside","Gtl","OldTown","Norm","Norm","1Fam","1Story","4","6",1948,1950,"Gable","CompShg","MetalSd","MetalSd","None",0,"TA","TA","Slab",NA,NA,NA,NA,0,NA,0,0,0,"GasA","TA","N","SBrkr",869,0,0,869,0,0,1,0,1,1,"TA",3,"Typ",0,NA,"Detchd",1948,"Unf",1,390,"Fa","TA","N",0,0,66,0,0,0,NA,"GdPrv",NA,0,8,2008,"WD","Normal",0,"Test"
"2070",2070,50,"RL",45,7506,"Pave",NA,"Reg","Lvl","AllPub","Corner","Gtl","OldTown","Norm","Norm","1Fam","1.5Fin","5","8",1925,1950,"Gable","CompShg","VinylSd","VinylSd","None",0,"TA","Gd","PConc","TA","TA","No","Unf",0,"Unf",0,747,747,"GasA","TA","Y","SBrkr",747,412,0,1159,0,0,1,0,3,1,"TA",5,"Typ",0,NA,"Detchd",1932,"Unf",1,288,"Fa","TA","N",84,0,96,0,0,0,NA,NA,NA,0,5,2008,"WD","Normal",0,"Test"
"2071",2071,30,"RL",60,5400,"Pave",NA,"Reg","Lvl","AllPub","Corner","Gtl","OldTown","Norm","Norm","1Fam","1Story","4","7",1940,2005,"Gambrel","CompShg","VinylSd","VinylSd","None",0,"Gd","TA","PConc","TA","TA","No","Unf",0,"Unf",0,672,672,"GasA","Gd","Y","SBrkr",672,0,0,672,0,0,1,0,2,1,"TA",4,"Typ",0,NA,"Detchd",1997,"Unf",1,308,"TA","TA","N",88,108,0,0,0,0,NA,NA,NA,0,7,2008,"WD","Normal",0,"Test"
"2072",2072,50,"RL",60,10836,"Pave","Grvl","Reg","Lvl","AllPub","Inside","Gtl","OldTown","Norm","Norm","1Fam","1.5Fin","5","5",1922,1950,"Gable","CompShg","Wd Sdng","Wd Sdng","None",0,"TA","TA","BrkTil","TA","TA","No","Unf",0,"Unf",0,892,892,"GasA","Ex","Y","SBrkr",1254,182,0,1436,0,1,1,0,3,1,"TA",7,"Typ",1,"Gd","Detchd",1968,"Unf",4,1488,"Fa","TA","N",0,0,100,0,0,0,NA,"GdWo",NA,0,6,2008,"WD","Normal",0,"Test"
"2073",2073,20,"RL",78,10180,"Pave",NA,"IR1","Lvl","AllPub","Corner","Gtl","NAmes","Feedr","Norm","1Fam","1Story","5","6",1968,1968,"Gable","CompShg","HdBoard","Plywood","None",0,"TA","TA","CBlock","TA","TA","No","Rec",744,"Unf",0,168,912,"GasA","TA","Y","SBrkr",1044,0,0,1044,0,1,1,1,3,1,"TA",5,"Typ",1,"Fa","Attchd",1990,"Fin",2,372,"TA","TA","Y",200,48,0,0,0,0,NA,"GdWo","Shed",450,6,2008,"WD","Normal",0,"Test"
"2074",2074,20,"RL",76,11355,"Pave",NA,"IR1","Lvl","AllPub","Corner","Gtl","NAmes","Norm","Norm","1Fam","1Story","7","7",1958,2001,"Gable","Tar&Grv","HdBoard","HdBoard","BrkFace",125,"TA","TA","CBlock","TA","TA","No","BLQ",637,"Unf",0,675,1312,"GasA","Ex","Y","SBrkr",1312,0,0,1312,0,0,1,1,3,1,"TA",6,"Typ",1,"Gd","Attchd",1958,"RFn",2,495,"TA","TA","Y",0,304,144,0,0,0,NA,"MnPrv","Othr",6500,4,2008,"WD","Normal",0,"Test"
"2075",2075,20,"RL",NA,12929,"Pave",NA,"IR1","Lvl","AllPub","Inside","Gtl","NAmes","Norm","Norm","1Fam","1Story","6","6",1960,1993,"Gable","CompShg","Wd Sdng","Wd Sdng","BrkFace",276,"TA","TA","CBlock","TA","TA","Gd","GLQ",697,"Unf",0,384,1081,"GasA","TA","Y","SBrkr",1081,0,0,1081,1,0,1,0,3,1,"TA",5,"Typ",0,NA,"CarPort",1960,"Unf",1,401,"TA","TA","Y",36,82,0,0,0,0,NA,NA,NA,0,6,2008,"WD","Normal",0,"Test"
"2076",2076,20,"RL",60,7200,"Pave",NA,"Reg","Lvl","AllPub","Inside","Gtl","NAmes","Norm","Norm","1Fam","1Story","5","7",1951,1951,"Gable","CompShg","MetalSd","MetalSd","None",0,"TA","TA","CBlock","Fa","TA","No","LwQ",432,"Unf",0,444,876,"GasA","TA","Y","SBrkr",876,0,0,876,0,0,1,0,2,1,"TA",5,"Typ",1,"TA","Detchd",1972,"Unf",2,576,"TA","TA","Y",0,0,0,0,0,0,NA,NA,NA,0,2,2008,"WD","Abnorml",0,"Test"
"2077",2077,20,"RL",80,8000,"Pave",NA,"Reg","Lvl","AllPub","Inside","Gtl","NAmes","Norm","Norm","1Fam","1Story","5","6",1959,1959,"Gable","CompShg","BrkFace","Wd Sdng","None",0,"TA","TA","PConc","TA","TA","No","BLQ",476,"Rec",488,292,1256,"GasA","Gd","Y","FuseA",1256,0,0,1256,1,0,1,1,3,1,"Gd",6,"Typ",0,NA,"Attchd",1959,"RFn",1,311,"TA","TA","Y",0,240,0,0,0,0,NA,NA,NA,0,5,2008,"WD","Normal",0,"Test"
"2078",2078,20,"RL",80,8000,"Pave",NA,"Reg","Lvl","AllPub","Inside","Gtl","NAmes","Norm","Norm","1Fam","1Story","5","5",1962,1962,"Gable","CompShg","BrkFace","MetalSd","None",0,"TA","TA","CBlock","TA","TA","No","BLQ",520,"Rec",319,188,1027,"GasA","TA","Y","SBrkr",1027,0,0,1027,0,1,1,0,3,1,"TA",6,"Typ",0,NA,"Attchd",1962,"Unf",1,299,"TA","TA","Y",0,0,0,0,0,0,NA,NA,NA,0,11,2008,"WD","Normal",0,"Test"
"2079",2079,50,"RL",60,8064,"Pave",NA,"Reg","Lvl","AllPub","Inside","Gtl","NAmes","Artery","Norm","1Fam","1.5Fin","6","6",1948,1950,"Gable","CompShg","Wd Sdng","Wd Sdng","None",0,"TA","TA","CBlock","TA","TA","No","ALQ",315,"Unf",0,453,768,"GasA","Ex","Y","SBrkr",819,501,0,1320,0,0,2,0,3,1,"TA",5,"Typ",0,NA,"Detchd",1994,"Unf",2,576,"TA","TA","Y",108,0,0,0,0,0,NA,"GdWo",NA,0,9,2008,"WD","Normal",0,"Test"
"2080",2080,45,"RL",64,6390,"Pave",NA,"Reg","Lvl","AllPub","Corner","Gtl","NAmes","Feedr","Norm","1Fam","1.5Unf","6","7",1954,1954,"Gable","CompShg","MetalSd","MetalSd","None",0,"TA","TA","CBlock","TA","TA","No","Unf",0,"Unf",0,936,936,"GasA","TA","Y","FuseA",984,0,0,984,1,0,1,0,2,1,"TA",4,"Typ",0,NA,"Detchd",1954,"Unf",1,280,"TA","TA","Y",0,0,0,0,0,0,NA,"GdWo",NA,0,6,2008,"WD","Normal",0,"Test"
"2081",2081,50,"RL",60,7200,"Pave",NA,"Reg","Lvl","AllPub","Inside","Gtl","NAmes","Norm","Norm","1Fam","1.5Fin","6","5",1954,1954,"Gable","CompShg","MetalSd","MetalSd","None",0,"TA","TA","CBlock","TA","TA","No","Rec",673,"Unf",0,181,854,"GasA","Fa","Y","FuseA",854,424,0,1278,0,0,1,0,4,1,"TA",6,"Typ",0,NA,"Attchd",1954,"Unf",1,240,"TA","TA","Y",0,0,0,0,0,0,NA,"MnWw",NA,0,4,2008,"WD","Normal",0,"Test"
"2082",2082,90,"RL",113,8513,"Pave",NA,"Reg","Lvl","AllPub","Corner","Gtl","NAmes","Artery","Norm","Duplex","1Story","5","5",1961,1961,"Gable","CompShg","BrkFace","Wd Sdng","None",0,"TA","TA","CBlock","TA","TA","Av","Unf",0,"Unf",0,1800,1800,"GasA","TA","N","SBrkr",1800,0,0,1800,0,0,2,0,6,2,"TA",10,"Typ",0,NA,NA,NA,NA,0,0,NA,NA,"N",0,0,0,0,0,0,NA,NA,NA,0,11,2008,"WD","Abnorml",0,"Test"
"2083",2083,50,"RL",60,7200,"Pave",NA,"Reg","Lvl","AllPub","Inside","Gtl","NAmes","Norm","Norm","1Fam","1.5Fin","5","6",1955,1967,"Gable","CompShg","MetalSd","MetalSd","None",0,"TA","Gd","CBlock","TA","TA","Mn","GLQ",370,"Unf",0,398,768,"GasA","Gd","Y","SBrkr",1024,564,0,1588,0,0,1,1,3,1,"TA",6,"Typ",0,NA,"Detchd",1955,"Unf",2,480,"TA","TA","Y",0,0,0,0,0,0,NA,NA,NA,0,3,2008,"WD","Normal",0,"Test"
"2084",2084,20,"RL",60,7200,"Pave",NA,"Reg","Lvl","AllPub","Inside","Gtl","NAmes","Norm","Norm","1Fam","1Story","5","7",1954,1954,"Gable","CompShg","MetalSd","MetalSd","None",0,"TA","TA","CBlock","TA","TA","No","Unf",0,"Unf",0,825,825,"GasA","TA","Y","FuseA",825,0,0,825,0,1,1,0,2,1,"TA",4,"Typ",0,NA,"Attchd",1954,"Unf",1,350,"TA","TA","Y",0,0,0,0,0,0,NA,NA,NA,0,7,2008,"WD","Normal",0,"Test"
"2085",2085,20,"RL",69,7590,"Pave",NA,"Reg","Lvl","AllPub","Inside","Gtl","NAmes","PosN","Norm","1Fam","1Story","5","5",1963,1963,"Gable","CompShg","Wd Sdng","Wd Sdng","None",0,"TA","TA","CBlock","TA","TA","No","Unf",0,"Unf",0,1117,1117,"GasA","Ex","Y","SBrkr",1117,0,0,1117,0,0,1,0,3,1,"TA",6,"Typ",0,NA,"Attchd",1963,"Unf",1,264,"TA","TA","Y",0,0,0,0,0,0,NA,NA,NA,0,5,2008,"COD","Normal",0,"Test"
"2086",2086,20,"RM",56,9836,"Pave","Grvl","Reg","Bnk","AllPub","Inside","Gtl","OldTown","Artery","Norm","1Fam","1Story","6","5",2008,2008,"Gable","CompShg","VinylSd","VinylSd","None",0,"TA","TA","PConc","TA","TA","No","GLQ",96,"Unf",0,96,192,"GasA","Gd","N","SBrkr",1133,0,0,1133,1,0,1,0,3,1,"TA",7,"Typ",0,NA,"Detchd",2008,"Unf",1,308,"TA","TA","Y",0,175,0,0,0,0,NA,NA,NA,0,12,2008,"WD","Abnorml",0,"Test"
"2087",2087,50,"RM",57,9184,"Pave","Grvl","Reg","Lvl","AllPub","Inside","Gtl","OldTown","Artery","Norm","1Fam","1.5Fin","5","7",1948,2005,"Gable","CompShg","WdShing","Wd Shng","None",0,"TA","TA","BrkTil","TA","TA","No","Unf",0,"Unf",0,780,780,"GasA","Ex","Y","SBrkr",948,375,0,1323,0,0,1,0,3,1,"TA",6,"Typ",0,NA,"Detchd",1948,"Unf",2,400,"TA","TA","Y",0,0,0,0,0,0,NA,NA,NA,0,7,2008,"WD","Normal",0,"Test"
"2088",2088,70,"RM",80,4800,"Pave","Grvl","Reg","Lvl","AllPub","Inside","Gtl","OldTown","Norm","Norm","1Fam","2Story","5","5",1910,2003,"Gable","CompShg","AsbShng","AsbShng","None",0,"TA","TA","BrkTil","TA","Fa","No","Unf",0,"Unf",0,680,680,"GasA","Fa","N","SBrkr",680,680,0,1360,0,0,1,0,2,1,"TA",6,"Typ",0,NA,"Attchd",1910,"Unf",1,330,"Fa","TA","Y",192,50,0,0,0,0,NA,NA,NA,0,1,2008,"WD","Normal",0,"Test"
"2089",2089,30,"RM",60,4800,"Pave",NA,"Reg","Lvl","AllPub","Corner","Gtl","OldTown","Norm","Norm","1Fam","1Story","5","4",1940,1950,"Gable","CompShg","MetalSd","MetalSd","None",0,"TA","TA","CBlock","Fa","TA","No","Unf",0,"Unf",0,672,672,"GasA","TA","Y","SBrkr",672,0,0,672,0,0,1,0,2,1,"TA",4,"Typ",0,NA,"Detchd",1950,"Unf",1,256,"TA","TA","Y",0,0,0,0,0,0,NA,"MnPrv",NA,0,8,2008,"WD","Normal",0,"Test"
"2090",2090,75,"RM",60,6000,"Pave",NA,"Reg","Lvl","AllPub","Inside","Gtl","OldTown","Norm","Norm","1Fam","2.5Unf","6","7",1915,2005,"Gable","CompShg","Wd Sdng","Wd Sdng","None",0,"Gd","TA","BrkTil","TA","TA","No","Unf",0,"Unf",0,728,728,"GasA","Gd","Y","SBrkr",728,728,0,1456,0,0,1,1,4,1,"Gd",7,"Typ",0,NA,"Detchd",1915,"Unf",1,308,"Fa","Fa","N",0,0,248,0,0,0,NA,NA,NA,0,6,2008,"WD","Normal",0,"Test"
"2091",2091,190,"RM",63,11426,"Pave","Grvl","Reg","Lvl","AllPub","Inside","Gtl","OldTown","Norm","Norm","2fmCon","1.5Fin","4","6",1910,1996,"Gable","CompShg","Wd Sdng","Wd Sdng","None",0,"TA","TA","Stone","TA","TA","No","Unf",0,"Unf",0,828,828,"GasA","Gd","Y","FuseA",828,658,108,1594,0,0,2,0,3,2,"TA",9,"Typ",0,NA,NA,NA,NA,0,0,NA,NA,"N",0,172,109,0,0,0,NA,NA,NA,0,6,2008,"WD","Normal",0,"Test"
"2092",2092,50,"RM",63,7628,"Pave",NA,"Reg","Lvl","AllPub","Inside","Gtl","OldTown","Norm","Norm","1Fam","1.5Fin","4","6",1940,1985,"Gable","CompShg","MetalSd","MetalSd","None",0,"TA","Gd","BrkTil","TA","TA","No","Unf",0,"Unf",0,801,801,"GasA","Gd","Y","FuseA",1095,561,0,1656,0,0,2,0,2,1,"TA",8,"Mod",0,NA,"Detchd",1958,"Unf",2,440,"TA","TA","Y",187,0,0,0,0,0,NA,NA,NA,0,5,2008,"WD","Normal",0,"Test"
"2093",2093,50,"RM",81,7308,"Pave",NA,"Reg","Lvl","AllPub","Corner","Gtl","OldTown","Artery","Norm","1Fam","1.5Fin","5","5",1920,1950,"Gable","CompShg","WdShing","Wd Shng","None",0,"Fa","Fa","BrkTil","TA","TA","No","Rec",360,"Unf",0,576,936,"GasA","Gd","N","FuseA",960,780,0,1740,0,0,1,0,2,1,"Ex",6,"Typ",1,"Gd","Detchd",1920,"Unf",1,225,"Fa","Fa","N",0,0,236,0,0,0,NA,NA,NA,0,6,2008,"WD","Normal",0,"Test"
"2094",2094,30,"RM",60,5400,"Pave",NA,"Reg","Lvl","AllPub","Inside","Gtl","OldTown","Norm","Norm","1Fam","1Story","7","6",1920,2006,"Gable","CompShg","Stucco","Stucco","None",0,"Gd","TA","CBlock","TA","TA","No","Unf",0,"Unf",0,931,931,"GasA","TA","Y","SBrkr",1027,0,0,1027,0,1,1,0,2,1,"Gd",5,"Typ",1,"TA",NA,NA,NA,0,0,NA,NA,"N",0,28,0,0,0,0,NA,NA,NA,0,2,2008,"WD","Normal",0,"Test"
"2095",2095,190,"RM",60,10800,"Pave","Grvl","Reg","Lvl","AllPub","Inside","Gtl","OldTown","Norm","Norm","2fmCon","1.5Fin","6","6",1940,1950,"Gable","CompShg","Wd Sdng","Wd Sdng","None",0,"TA","TA","CBlock","TA","TA","No","BLQ",590,"Unf",0,294,884,"GasA","TA","Y","SBrkr",884,552,0,1436,0,0,2,0,3,2,"TA",8,"Typ",2,"Gd","Detchd",1940,"Unf",2,828,"TA","TA","Y",0,0,126,0,0,0,NA,NA,NA,0,5,2008,"Con","Normal",0,"Test"
"2096",2096,30,"RM",60,6756,"Pave",NA,"Reg","Lvl","AllPub","Inside","Gtl","OldTown","Norm","Norm","1Fam","1Story","5","6",1910,1950,"Mansard","CompShg","MetalSd","MetalSd","None",0,"TA","TA","BrkTil","TA","Gd","No","Unf",0,"Unf",0,481,481,"GasA","TA","N","FuseA",899,0,0,899,0,0,1,0,2,1,"TA",5,"Typ",0,NA,"Detchd",1930,"Unf",1,200,"Fa","TA","P",0,0,96,0,0,0,NA,NA,NA,0,9,2008,"WD","Normal",0,"Test"
"2097",2097,50,"RM",44,5914,"Pave","Grvl","Reg","Lvl","AllPub","Inside","Gtl","OldTown","Norm","Norm","1Fam","1.5Fin","5","9",1890,1996,"Gable","CompShg","Wd Sdng","HdBoard","None",0,"TA","TA","BrkTil","Fa","TA","No","Unf",0,"Unf",0,684,684,"GasA","Gd","Y","SBrkr",684,396,0,1080,0,0,1,0,3,1,"Gd",5,"Typ",0,NA,NA,NA,NA,0,0,NA,NA,"N",0,165,30,0,0,0,NA,NA,NA,0,9,2008,"WD","Normal",0,"Test"
"2098",2098,50,"RM",75,9000,"Pave",NA,"Reg","Lvl","AllPub","Corner","Gtl","OldTown","Norm","Norm","1Fam","1.5Fin","5","6",1946,1950,"Gable","CompShg","MetalSd","MetalSd","None",0,"TA","TA","CBlock","TA","TA","No","Rec",445,"Unf",0,459,904,"GasA","Ex","Y","FuseA",904,595,0,1499,0,0,1,0,3,1,"TA",5,"Typ",1,"Po","Detchd",1959,"Unf",3,869,"TA","Gd","Y",0,20,0,0,0,0,NA,NA,NA,0,6,2008,"WD","Normal",0,"Test"
"2099",2099,20,"RM",62,7311,"Pave",NA,"Reg","Lvl","AllPub","Corner","Gtl","OldTown","Norm","Norm","1Fam","1Story","2","5",1946,1950,"Gable","CompShg","VinylSd","VinylSd","None",0,"TA","Gd","BrkTil","TA","TA","No","Unf",0,"Unf",0,407,407,"GasA","TA","N","FuseA",407,0,0,407,0,0,1,0,1,1,"TA",3,"Typ",0,NA,"Detchd",1949,"Unf",1,297,"Fa","TA","Y",76,0,120,0,0,0,NA,NA,NA,0,3,2008,"WD","Abnorml",0,"Test"
"2100",2100,20,"RM",103,12205,"Pave",NA,"Reg","Lvl","AllPub","Inside","Gtl","OldTown","Norm","Norm","1Fam","1Story","3","1",1949,1992,"Gable","CompShg","MetalSd","MetalSd","None",0,"TA","TA","BrkTil","Fa","Fa","No","Unf",0,"Unf",0,448,448,"GasA","Gd","Y","SBrkr",1588,0,0,1588,0,0,2,0,5,1,"TA",6,"Maj2",0,NA,NA,NA,NA,0,0,NA,NA,"N",0,0,0,0,0,0,NA,"MnPrv",NA,0,12,2008,"WD","Abnorml",0,"Test"
"2101",2101,190,"RM",69,9142,"Pave",NA,"Reg","Lvl","AllPub","Inside","Gtl","OldTown","Norm","Norm","2fmCon","2Story","5","5",1900,2006,"Gable","CompShg","MetalSd","MetalSd","None",0,"TA","Fa","BrkTil","Fa","TA","No","Unf",0,"Unf",0,797,797,"GasA","TA","N","FuseA",830,797,0,1627,0,0,2,0,4,2,"TA",10,"Typ",0,NA,"Detchd",1950,"Unf",2,420,"Fa","Po","N",192,0,60,0,0,0,NA,NA,NA,0,2,2008,"WD","Normal",0,"Test"
"2102",2102,75,"RM",53,5350,"Pave",NA,"Reg","Lvl","AllPub","Corner","Gtl","OldTown","Artery","Norm","1Fam","2Story","7","8",1920,1965,"Gable","CompShg","Wd Sdng","Wd Shng","None",0,"TA","TA","BrkTil","TA","TA","No","BLQ",116,"Unf",0,508,624,"GasA","Ex","Y","SBrkr",730,720,0,1450,0,0,1,0,3,1,"TA",7,"Typ",0,NA,"Detchd",1935,"Unf",1,288,"TA","TA","Y",0,192,0,0,0,0,NA,"MnPrv",NA,0,3,2008,"WD","Normal",0,"Test"
"2103",2103,50,"RM",69,9143,"Pave","Grvl","Reg","Lvl","AllPub","Corner","Gtl","OldTown","Norm","Norm","1Fam","1.5Fin","5","7",1900,2003,"Gable","CompShg","VinylSd","VinylSd","None",0,"TA","TA","CBlock","TA","TA","No","Unf",0,"Unf",0,346,346,"GasA","Ex","Y","SBrkr",709,308,0,1017,0,0,1,0,2,1,"TA",5,"Typ",0,NA,"Detchd",1961,"Unf",1,308,"TA","TA","N",0,0,139,0,0,0,NA,NA,NA,0,5,2008,"WD","Normal",0,"Test"
"2104",2104,190,"RM",60,9600,"Pave","Grvl","Reg","Lvl","AllPub","Inside","Gtl","OldTown","Norm","Norm","2fmCon","2Story","5","5",1920,1960,"Gable","CompShg","AsbShng","AsbShng","None",0,"TA","TA","BrkTil","TA","TA","No","Rec",234,"Unf",0,739,973,"GasA","TA","Y","FuseP",1377,973,0,2350,0,0,2,0,4,2,"TA",10,"Typ",0,NA,"2Types",1930,"Unf",2,393,"TA","TA","Y",0,0,219,0,0,0,NA,NA,NA,0,4,2008,"WD","Normal",0,"Test"
"2105",2105,70,"RM",60,6000,"Pave","Grvl","Reg","Lvl","AllPub","Corner","Gtl","OldTown","Norm","Norm","1Fam","2Story","5","9",1905,2005,"Gable","CompShg","MetalSd","MetalSd","None",0,"Gd","TA","BrkTil","Fa","TA","No","Unf",0,"Unf",0,572,572,"GasA","Ex","Y","SBrkr",884,656,0,1540,0,0,1,1,3,1,"Gd",7,"Typ",0,NA,NA,NA,NA,0,0,NA,NA,"N",240,77,0,0,0,0,NA,NA,NA,0,2,2008,"WD","Normal",0,"Test"
"2106",2106,70,"RM",60,11340,"Pave",NA,"Reg","Lvl","AllPub","Inside","Gtl","OldTown","Norm","Norm","1Fam","2Story","2","1",1920,1950,"Gable","CompShg","AsbShng","AsbShng","None",0,"Fa","Fa","BrkTil","Fa","Fa","No","Unf",0,"Unf",0,723,723,"GasA","TA","N","SBrkr",723,363,0,1086,0,0,1,0,2,1,"TA",5,"Maj1",0,NA,"Detchd",1920,"Unf",2,400,"Fa","Po","N",0,24,144,0,0,0,NA,NA,NA,0,11,2008,"ConLD","Normal",0,"Test"
"2107",2107,70,"RM",60,10800,"Pave",NA,"Reg","Lvl","AllPub","Inside","Gtl","OldTown","Norm","Norm","1Fam","2Story","7","7",1890,1999,"Gable","CompShg","Wd Sdng","Wd Shng","None",0,"TA","TA","BrkTil","TA","TA","Mn","Unf",0,"Unf",0,1313,1313,"GasW","Gd","Y","SBrkr",1313,1182,0,2495,0,0,2,0,5,1,"TA",10,"Typ",1,"Gd","Detchd",1950,"Unf",2,342,"TA","Fa","Y",0,299,0,0,0,0,NA,NA,NA,0,12,2008,"WD","Normal",0,"Test"
"2108",2108,20,"RM",65,9750,"Pave",NA,"Reg","Lvl","AllPub","Inside","Gtl","OldTown","Norm","Norm","1Fam","1Story","5","6",1959,1959,"Gable","CompShg","MetalSd","MetalSd","BrkFace",164,"TA","TA","CBlock","TA","TA","No","Rec",200,"Unf",0,784,984,"GasA","Gd","Y","SBrkr",984,0,0,984,1,0,1,0,2,1,"Fa",5,"Typ",0,NA,"Detchd",1959,"Unf",1,308,"TA","TA","N",0,0,0,0,0,0,NA,NA,NA,0,6,2008,"WD","Normal",0,"Test"
"2109",2109,20,"RM",52,8516,"Pave",NA,"Reg","Lvl","AllPub","Inside","Gtl","OldTown","Norm","Norm","1Fam","1Story","4","6",1958,2006,"Gable","CompShg","MetalSd","MetalSd","None",0,"TA","TA","CBlock","TA","TA","No","Unf",0,"Unf",0,869,869,"GasA","TA","Y","SBrkr",1093,0,0,1093,0,0,1,0,2,1,"TA",5,"Typ",0,NA,"Detchd",1959,"Unf",1,308,"TA","TA","Y",0,0,0,0,0,0,NA,NA,NA,0,5,2008,"WD","Normal",0,"Test"
"2110",2110,30,"RL",55,7111,"Pave",NA,"IR1","Bnk","AllPub","Inside","Gtl","BrkSide","Norm","Norm","1Fam","1Story","5","7",1928,1983,"Gable","CompShg","WdShing","Wd Shng","None",0,"Gd","Gd","BrkTil","TA","TA","No","LwQ",406,"BLQ",273,329,1008,"GasA","TA","Y","SBrkr",1143,0,0,1143,0,0,1,0,2,1,"TA",5,"Typ",1,"Po","Detchd",1992,"Unf",1,288,"TA","TA","Y",265,0,0,0,0,0,NA,"GdPrv",NA,0,7,2008,"WD","Normal",0,"Test"
"2111",2111,50,"RM",NA,7425,"Pave",NA,"IR1","Bnk","AllPub","Corner","Gtl","BrkSide","RRAn","Artery","1Fam","1.5Fin","7","7",1945,1950,"Gable","CompShg","Wd Sdng","Wd Sdng","None",0,"TA","TA","CBlock","TA","Fa","No","Unf",0,"Unf",0,672,672,"GasA","Gd","Y","SBrkr",1195,473,0,1668,0,0,1,1,3,1,"Gd",8,"Typ",0,NA,"Attchd",1945,"Unf",1,252,"TA","TA","Y",210,0,0,0,0,0,NA,NA,NA,0,8,2008,"WD","Abnorml",0,"Test"
"2112",2112,50,"RL",NA,7010,"Pave",NA,"Reg","Lvl","AllPub","Inside","Gtl","BrkSide","Norm","Norm","1Fam","1.5Fin","5","5",1935,1950,"Gable","CompShg","Wd Sdng","Wd Sdng","None",0,"TA","TA","BrkTil","TA","TA","No","Rec",175,"Unf",0,849,1024,"GasA","TA","Y","SBrkr",1144,594,0,1738,0,0,2,0,3,1,"TA",6,"Typ",1,"Gd","Detchd",1950,"Unf",1,240,"TA","TA","P",0,30,0,0,0,0,NA,NA,NA,0,7,2008,"WD","Normal",0,"Test"
"2113",2113,50,"RM",50,5000,"Pave",NA,"Reg","Lvl","AllPub","Inside","Gtl","BrkSide","Feedr","Norm","1Fam","1.5Fin","5","7",1941,2006,"Gable","CompShg","Wd Sdng","Wd Sdng","None",0,"TA","Gd","CBlock","TA","TA","No","ALQ",600,"Unf",0,72,672,"GasA","Ex","Y","SBrkr",832,378,0,1210,0,0,1,0,3,1,"Gd",6,"Typ",0,NA,"Detchd",1941,"Unf",1,240,"TA","TA","P",0,0,0,0,0,0,NA,NA,NA,0,5,2008,"WD","Normal",0,"Test"
"2114",2114,70,"RM",59,5870,"Pave",NA,"Reg","Lvl","AllPub","Corner","Gtl","BrkSide","Feedr","Feedr","1Fam","2Story","6","9",1900,2000,"Gable","CompShg","HdBoard","HdBoard","None",0,"TA","Gd","BrkTil","TA","TA","No","Unf",0,"Unf",0,554,554,"GasA","Ex","Y","SBrkr",736,554,0,1290,0,0,1,1,3,1,"TA",6,"Typ",0,NA,"Detchd",1926,"Unf",1,200,"Fa","TA","Y",38,112,0,0,0,0,NA,"MnPrv","Shed",400,4,2008,"WD","Normal",0,"Test"
"2115",2115,50,"RM",50,6000,"Pave",NA,"Reg","Lvl","AllPub","Inside","Gtl","BrkSide","Norm","Norm","1Fam","1.5Fin","6","7",1940,1989,"Gable","CompShg","Wd Sdng","Wd Sdng","None",0,"TA","TA","CBlock","TA","TA","No","ALQ",521,"Unf",0,460,981,"GasA","Ex","Y","SBrkr",1014,658,0,1672,0,0,1,1,3,1,"Gd",6,"Typ",1,"Gd","Detchd",1940,"Unf",1,240,"TA","TA","Y",0,11,0,0,0,0,NA,"GdPrv",NA,0,7,2008,"WD","Normal",0,"Test"
"2116",2116,30,"RM",50,6000,"Pave",NA,"Reg","HLS","AllPub","Inside","Gtl","BrkSide","Norm","Norm","1Fam","1Story","5","7",1924,2003,"Gable","CompShg","Wd Sdng","Wd Sdng","None",0,"TA","Fa","BrkTil","TA","Fa","No","Unf",0,"Unf",0,949,949,"GasA","Ex","Y","SBrkr",949,0,0,949,0,0,1,0,2,1,"TA",5,"Typ",1,"Fa","Detchd",1924,"Unf",2,370,"TA","TA","Y",0,0,48,0,0,0,NA,NA,NA,0,7,2008,"WD","Normal",0,"Test"
"2117",2117,50,"RM",50,6000,"Pave",NA,"Reg","Lvl","AllPub","Inside","Gtl","BrkSide","Norm","Norm","1Fam","1.5Fin","6","7",1937,2000,"Gable","CompShg","Wd Sdng","Wd Sdng","None",0,"TA","Gd","BrkTil","TA","TA","No","Rec",201,"LwQ",162,462,825,"GasA","Ex","Y","SBrkr",825,672,0,1497,0,0,2,0,3,1,"TA",5,"Typ",0,NA,"Detchd",2004,"Unf",1,672,"TA","TA","Y",272,0,0,0,0,0,NA,"GdPrv",NA,0,5,2008,"WD","Normal",0,"Test"
"2118",2118,50,"RM",50,6000,"Pave",NA,"Reg","Lvl","AllPub","Inside","Gtl","BrkSide","Norm","Norm","1Fam","1.5Fin","6","5",1939,1950,"Gable","CompShg","Wd Sdng","Wd Sdng","None",0,"TA","TA","CBlock","TA","TA","No","LwQ",264,"Unf",0,475,739,"GasA","Ex","Y","SBrkr",874,468,0,1342,0,0,2,0,2,2,"TA",7,"Typ",1,"Gd","Detchd",1939,"Unf",1,240,"TA","TA","Y",0,0,0,0,0,0,NA,NA,NA,0,4,2008,"WD","Normal",0,"Test"
"2119",2119,45,"RM",50,5000,"Pave",NA,"Reg","Bnk","AllPub","Inside","Mod","BrkSide","Norm","Norm","1Fam","1.5Unf","6","7",1926,1950,"Gable","CompShg","MetalSd","MetalSd","None",0,"TA","TA","BrkTil","TA","TA","No","Unf",0,"Unf",0,992,992,"GasA","Ex","Y","SBrkr",1013,0,0,1013,0,0,1,0,3,1,"TA",6,"Typ",0,NA,"Detchd",1926,"Unf",1,160,"Fa","TA","Y",0,0,101,0,0,0,NA,NA,NA,0,4,2008,"WD","Normal",0,"Test"
"2120",2120,50,"RM",60,5520,"Pave",NA,"IR1","Lvl","AllPub","FR2","Gtl","BrkSide","Feedr","Norm","1Fam","1.5Fin","5","7",1920,1997,"Gable","CompShg","AsbShng","AsbShng","None",0,"TA","Gd","BrkTil","TA","TA","No","ALQ",68,"Unf",0,497,565,"GasA","TA","Y","SBrkr",565,651,0,1216,1,0,1,0,3,1,"TA",6,"Typ",1,"Gd","BuiltIn",1920,"RFn",1,355,"Fa","TA","Y",0,0,180,0,0,0,NA,"MnPrv",NA,0,4,2008,"WD","Normal",0,"Test"
"2121",2121,20,"RM",99,5940,"Pave",NA,"IR1","Lvl","AllPub","FR3","Gtl","BrkSide","Feedr","Norm","1Fam","1Story","4","7",1946,1950,"Gable","CompShg","MetalSd","CBlock","None",0,"TA","TA","PConc",NA,NA,NA,NA,NA,NA,NA,NA,NA,"GasA","TA","Y","FuseA",896,0,0,896,NA,NA,1,0,2,1,"TA",4,"Typ",0,NA,"Detchd",1946,"Unf",1,280,"TA","TA","Y",0,0,0,0,0,0,NA,"MnPrv",NA,0,4,2008,"ConLD","Abnorml",0,"Test"
"2122",2122,50,"RM",52,6240,"Pave",NA,"Reg","Lvl","AllPub","Inside","Gtl","BrkSide","Norm","Norm","1Fam","1.5Fin","4","7",1929,1950,"Gable","CompShg","MetalSd","MetalSd","None",0,"TA","TA","PConc","TA","TA","No","BLQ",80,"Unf",0,624,704,"GasA","Ex","Y","SBrkr",624,512,0,1136,0,1,1,0,2,1,"TA",6,"Typ",0,NA,"Detchd",1990,"Unf",1,336,"TA","TA","Y",0,365,80,0,0,0,NA,NA,NA,0,8,2008,"WD","Normal",0,"Test"
"2123",2123,30,"RM",NA,6120,"Pave",NA,"Reg","Lvl","AllPub","Inside","Gtl","BrkSide","Norm","Norm","1Fam","1Story","5","6",1945,1995,"Gable","CompShg","Plywood","Plywood","None",0,"TA","Gd","CBlock",NA,NA,NA,NA,0,NA,0,0,0,"GasA","Gd","N","SBrkr",808,0,0,808,0,0,1,0,1,1,"TA",6,"Min2",0,NA,"Attchd",1925,"Unf",1,164,"TA","TA","P",0,48,0,0,0,0,NA,NA,NA,0,6,2008,"WD","Normal",0,"Test"
"2124",2124,50,"RM",52,6240,"Pave",NA,"Reg","Lvl","AllPub","Inside","Gtl","BrkSide","Norm","Norm","1Fam","1.5Fin","7","5",1939,1950,"Gable","CompShg","Wd Sdng","Wd Sdng","None",0,"TA","TA","BrkTil","TA","TA","Mn","Rec",300,"LwQ",240,449,989,"GasA","TA","Y","SBrkr",1245,764,0,2009,0,0,2,0,4,1,"TA",7,"Min2",1,"Gd","Detchd",1939,"Unf",2,400,"TA","TA","Y",0,20,0,0,0,0,NA,"MnPrv",NA,0,1,2008,"WD","Normal",0,"Test"
"2125",2125,70,"RM",51,6120,"Pave",NA,"Reg","Lvl","AllPub","Inside","Gtl","OldTown","Artery","Norm","1Fam","2Story","5","5",1923,1950,"Gambrel","CompShg","Wd Sdng","Wd Sdng","None",0,"TA","TA","BrkTil","TA","TA","No","LwQ",203,"Unf",0,897,1100,"GasA","TA","Y","SBrkr",1226,676,0,1902,0,0,2,0,4,1,"TA",7,"Typ",0,NA,"Detchd",1960,"Unf",2,576,"TA","TA","Y",0,139,55,0,0,0,NA,NA,NA,0,10,2008,"WD","Normal",0,"Test"
"2126",2126,50,"RL",60,9144,"Pave","Pave","Reg","Lvl","AllPub","Inside","Gtl","BrkSide","Norm","Norm","1Fam","1.5Fin","6","4",1915,2004,"Gable","CompShg","VinylSd","VinylSd","None",0,"TA","Gd","BrkTil","TA","TA","No","Unf",0,"Unf",0,810,810,"GasA","Ex","Y","SBrkr",1170,546,0,1716,0,0,2,0,4,1,"Gd",8,"Typ",0,NA,"Detchd",1970,"Unf",2,672,"TA","TA","Y",0,195,0,0,0,0,NA,NA,NA,0,3,2008,"WD","Normal",0,"Test"
"2127",2127,60,"RM",57,8094,"Pave","Grvl","Reg","Lvl","AllPub","Inside","Gtl","OldTown","Norm","Norm","2fmCon","2.5Unf","6","8",1910,1983,"Gable","CompShg","Wd Sdng","Wd Sdng","None",0,"TA","TA","PConc","TA","TA","Mn","Rec",196,"Unf",0,1046,1242,"GasA","Gd","Y","SBrkr",1242,742,0,1984,0,0,2,0,5,1,"TA",8,"Typ",0,NA,"Detchd",NA,NA,1,360,NA,NA,"Y",64,0,180,0,0,0,NA,"MnPrv","Shed",1000,9,2008,"WD","Normal",0,"Test"
"2128",2128,50,"RM",63,4347,"Pave",NA,"Reg","Lvl","AllPub","Inside","Gtl","OldTown","Norm","Norm","1Fam","1.5Fin","6","8",1910,1950,"Gambrel","CompShg","MetalSd","MetalSd","None",0,"Gd","TA","BrkTil","Gd","Gd","No","Unf",0,"Unf",0,796,796,"GasA","Ex","Y","SBrkr",825,784,0,1609,0,0,1,0,3,1,"TA",7,"Typ",0,NA,"Detchd",1910,"Unf",1,228,"Fa","Fa","N",0,182,0,0,0,0,NA,NA,NA,0,6,2008,"WD","Normal",0,"Test"
"2129",2129,30,"RM",NA,6291,"Grvl",NA,"IR1","Lvl","AllPub","Inside","Gtl","IDOTRR","RRNe","Norm","1Fam","1Story","6","6",1930,1950,"Gable","CompShg","Stucco","Wd Shng","None",0,"Gd","Gd","BrkTil","TA","TA","No","Unf",0,"Unf",0,768,768,"GasA","TA","Y","SBrkr",768,0,0,768,0,0,1,0,1,1,"TA",4,"Typ",0,NA,"Detchd",1930,"Unf",2,440,"TA","TA","N",0,0,84,0,0,0,NA,NA,NA,0,7,2008,"WD","Normal",0,"Test"
"2130",2130,70,"RM",60,10266,"Pave",NA,"Reg","Lvl","AllPub","Inside","Gtl","IDOTRR","Norm","Norm","1Fam","2Story","6","6",1952,1952,"Gable","CompShg","MetalSd","MetalSd","None",0,"TA","TA","CBlock","TA","TA","No","Rec",372,"Unf",0,396,768,"GasA","TA","Y","FuseA",768,768,0,1536,0,0,1,1,4,1,"TA",7,"Typ",0,NA,"Detchd",1952,"Unf",1,308,"TA","TA","Y",0,216,80,0,0,0,NA,NA,NA,0,5,2008,"COD","Abnorml",0,"Test"
"2131",2131,50,"RM",60,6876,"Pave",NA,"Reg","Bnk","AllPub","Inside","Gtl","IDOTRR","Norm","Norm","1Fam","1.5Fin","6","6",1938,1958,"Gable","CompShg","Wd Sdng","Wd Sdng","None",0,"TA","TA","BrkTil","TA","TA","No","Unf",0,"Unf",0,1272,1272,"GasA","TA","Y","SBrkr",1272,0,697,1969,0,0,2,0,4,1,"TA",9,"Min1",1,"Gd","Detchd",1938,"Unf",2,400,"TA","TA","Y",0,34,0,0,0,0,NA,NA,NA,0,11,2008,"COD","Normal",0,"Test"
"2132",2132,50,"RM",NA,10320,"Pave","Grvl","Reg","Lvl","AllPub","Inside","Gtl","IDOTRR","Norm","Norm","1Fam","1.5Fin","5","6",1915,1978,"Gable","CompShg","HdBoard","HdBoard","None",0,"TA","Fa","BrkTil","TA","Fa","No","Unf",0,"Unf",0,880,880,"GasA","Gd","Y","SBrkr",880,428,0,1308,0,0,2,0,2,1,"TA",6,"Typ",0,NA,"Detchd",1950,"Unf",2,400,"Fa","Fa","Y",0,0,117,0,0,0,NA,NA,NA,0,4,2008,"WD","Normal",0,"Test"
"2133",2133,30,"RM",60,7200,"Pave",NA,"Reg","Lvl","AllPub","Corner","Gtl","IDOTRR","Norm","Norm","1Fam","1Story","6","7",1925,1992,"Gable","CompShg","VinylSd","VinylSd","None",0,"TA","TA","CBlock","TA","TA","No","Unf",0,"Unf",0,1040,1040,"GasA","Gd","Y","SBrkr",1040,0,0,1040,0,0,1,0,2,1,"TA",5,"Typ",0,NA,"Detchd",1993,"Unf",2,320,"TA","TA","Y",0,132,0,0,0,0,NA,NA,NA,0,7,2008,"WD","Normal",0,"Test"
"2134",2134,50,"RM",62,7006,"Pave",NA,"Reg","Lvl","AllPub","Inside","Gtl","IDOTRR","Norm","Norm","1Fam","1.5Fin","6","6",1925,1950,"Gable","CompShg","Stucco","Stucco","None",0,"TA","TA","PConc","TA","TA","No","Rec",121,"Unf",0,647,768,"GasA","TA","Y","SBrkr",788,448,0,1236,1,0,2,0,3,1,"TA",6,"Typ",1,"Gd","Detchd",1985,"Unf",1,384,"TA","TA","Y",0,0,0,0,0,0,NA,"MnPrv",NA,0,8,2008,"WD","Family",0,"Test"
"2135",2135,30,"RM",60,10320,"Pave",NA,"Reg","Lvl","AllPub","Inside","Gtl","IDOTRR","RRNe","Norm","1Fam","1Story","5","8",1912,1991,"Gable","CompShg","Wd Sdng","Wd Sdng","None",0,"TA","TA","BrkTil","Fa","TA","No","Unf",0,"Unf",0,451,451,"GasA","TA","Y","SBrkr",759,0,0,759,0,0,1,0,1,1,"TA",5,"Typ",0,NA,"Detchd",1997,"Unf",2,576,"TA","TA","N",40,0,0,0,0,0,NA,NA,NA,0,8,2008,"ConLD","Family",0,"Test"
"2136",2136,190,"RM",60,10320,"Pave","Grvl","Reg","Lvl","AllPub","Inside","Gtl","IDOTRR","Norm","Norm","2fmCon","2Story","3","3",1915,1950,"Gable","CompShg","AsphShn","AsphShn","None",0,"Fa","Fa","PConc","TA","Fa","No","Unf",0,"Unf",0,536,536,"GasA","Ex","N","FuseF",808,536,0,1344,0,0,2,0,3,2,"TA",8,"Typ",0,NA,NA,NA,NA,0,0,NA,NA,"N",42,0,204,0,0,0,NA,NA,NA,0,5,2008,"WD","Normal",0,"Test"
"2137",2137,20,"RL",82,9488,"Pave",NA,"Reg","Lvl","AllPub","Inside","Gtl","Sawyer","Feedr","Norm","1Fam","1Story","5","6",1947,1993,"Gable","CompShg","VinylSd","VinylSd","None",0,"Gd","TA","CBlock","TA","TA","No","Unf",0,"Unf",0,1046,1046,"GasA","Gd","N","SBrkr",1054,0,0,1054,0,0,1,0,3,1,"TA",6,"Typ",0,NA,"Detchd",1947,"Unf",1,240,"TA","TA","Y",0,60,122,0,0,0,NA,NA,NA,0,9,2008,"WD","Abnorml",0,"Test"
"2138",2138,85,"RL",NA,11235,"Pave",NA,"Reg","Lvl","AllPub","Corner","Gtl","Sawyer","Feedr","Norm","1Fam","SFoyer","5","6",1963,1963,"Gable","CompShg","HdBoard","Wd Sdng","None",0,"TA","TA","CBlock","Gd","TA","Av","ALQ",784,"Unf",0,197,981,"GasA","TA","Y","SBrkr",1075,0,0,1075,1,0,1,0,3,1,"Gd",6,"Typ",0,NA,"Detchd",1996,"Unf",2,440,"TA","TA","Y",64,0,0,0,64,0,NA,"MnPrv",NA,0,5,2008,"WD","Abnorml",0,"Test"
"2139",2139,80,"RL",80,13014,"Pave",NA,"Reg","Lvl","AllPub","Inside","Gtl","Sawyer","Norm","Norm","1Fam","SLvl","6","5",1978,1978,"Gable","CompShg","HdBoard","Plywood","BrkFace",39,"TA","TA","CBlock","TA","TA","Av","ALQ",528,"Unf",0,480,1008,"GasA","TA","Y","SBrkr",1096,0,0,1096,1,0,1,0,3,1,"TA",6,"Typ",1,"Fa","Attchd",1978,"Unf",2,484,"TA","TA","Y",168,0,0,0,0,0,NA,NA,NA,0,12,2008,"WD","Normal",0,"Test"
"2140",2140,20,"RL",68,10265,"Pave",NA,"IR1","Lvl","AllPub","Inside","Gtl","Sawyer","Norm","Norm","1Fam","1Story","5","7",1967,2005,"Gable","CompShg","HdBoard","HdBoard","None",0,"TA","Fa","CBlock","TA","TA","No","ALQ",758,"Unf",0,234,992,"GasA","Ex","Y","SBrkr",992,0,0,992,1,0,1,0,3,1,"Gd",6,"Typ",0,NA,"Attchd",1967,"RFn",1,294,"TA","TA","Y",204,0,0,0,0,0,NA,"MnPrv","Shed",600,7,2008,"WD","Normal",0,"Test"
"2141",2141,85,"RL",NA,7703,"Pave",NA,"IR1","Lvl","AllPub","CulDSac","Gtl","Sawyer","Norm","Norm","1Fam","SFoyer","6","8",1978,1978,"Gable","CompShg","HdBoard","HdBoard","BrkCmn",40,"TA","TA","CBlock","Gd","TA","Gd","ALQ",450,"Unf",0,0,450,"GasA","Ex","Y","SBrkr",1034,0,0,1034,0,1,1,0,3,1,"TA",6,"Typ",1,"Po","Basment",1978,"Fin",2,504,"TA","TA","Y",311,0,0,0,0,0,NA,"GdWo",NA,0,5,2008,"WD","Normal",0,"Test"
"2142",2142,20,"RL",NA,9981,"Pave",NA,"IR1","Lvl","AllPub","Corner","Gtl","Sawyer","Norm","Norm","1Fam","1Story","5","5",1967,1967,"Gable","CompShg","MetalSd","MetalSd","BrkFace",340,"TA","TA","CBlock","TA","TA","Mn","BLQ",221,"Unf",0,852,1073,"GasA","Gd","Y","SBrkr",1073,0,0,1073,0,0,1,0,3,1,"TA",6,"Typ",0,NA,"Attchd",1967,"RFn",1,270,"TA","TA","Y",0,90,0,0,0,0,NA,"MnPrv",NA,0,3,2008,"WD","Normal",0,"Test"
"2143",2143,85,"RL",NA,7400,"Pave",NA,"IR1","Lvl","AllPub","CulDSac","Gtl","Sawyer","Norm","Norm","1Fam","SFoyer","5","5",1984,1984,"Gable","CompShg","VinylSd","VinylSd","None",0,"TA","TA","PConc","Gd","TA","Av","LwQ",104,"ALQ",956,0,1060,"GasA","TA","Y","SBrkr",1126,0,0,1126,1,0,1,0,2,1,"TA",5,"Typ",0,NA,"Attchd",1984,"Unf",2,506,"TA","TA","Y",178,0,0,0,0,0,NA,NA,NA,0,3,2008,"WD","Normal",0,"Test"
"2144",2144,190,"RL",60,12900,"Pave",NA,"Reg","Lvl","AllPub","Inside","Gtl","Sawyer","Feedr","Norm","2fmCon","1Story","5","4",1920,1950,"Gable","CompShg","BrkFace","Stucco","None",0,"TA","TA","PConc","TA","Fa","No","BLQ",1300,"Unf",0,0,1300,"GasA","Fa","Y","SBrkr",1140,0,0,1140,1,0,1,0,3,1,"TA",6,"Typ",0,NA,"CarPort",1920,"Unf",2,400,"TA","TA","Y",0,0,190,0,0,0,NA,NA,NA,0,1,2008,"WD","Alloca",0,"Test"
"2145",2145,20,"RL",94,9239,"Pave",NA,"Reg","Lvl","AllPub","Inside","Gtl","Sawyer","Feedr","Norm","1Fam","1Story","5","8",1963,2003,"Gable","CompShg","VinylSd","VinylSd","None",0,"TA","Gd","CBlock","TA","TA","No","GLQ",634,"Unf",0,326,960,"GasA","Ex","Y","SBrkr",960,0,0,960,1,0,1,0,3,1,"Gd",6,"Typ",0,NA,"Attchd",1963,"Fin",1,300,"TA","TA","Y",168,0,0,0,0,0,NA,NA,NA,0,5,2008,"WD","Normal",0,"Test"
"2146",2146,20,"RL",88,14175,"Pave",NA,"Reg","Lvl","AllPub","Inside","Gtl","Sawyer","PosA","Norm","1Fam","1Story","6","8",1956,1956,"Gable","CompShg","HdBoard","HdBoard","None",0,"TA","TA","CBlock","TA","Gd","Gd","GLQ",776,"Unf",0,212,988,"GasA","TA","Y","FuseA",1188,0,0,1188,1,0,1,0,1,1,"TA",4,"Typ",1,"TA","Attchd",1956,"Unf",2,621,"TA","TA","Y",102,89,231,0,0,0,NA,NA,NA,0,6,2008,"WD","Normal",0,"Test"
"2147",2147,190,"RL",NA,10532,"Pave",NA,"Reg","Lvl","AllPub","Corner","Gtl","ClearCr","Norm","Norm","1Fam","1Story","5","3",1960,1960,"Flat","Tar&Grv","Plywood","Plywood","Stone",275,"TA","TA","CBlock","TA","TA","Mn","Rec",988,"Unf",0,0,988,"GasA","Gd","Y","SBrkr",1721,0,0,1721,1,0,2,0,3,1,"TA",7,"Mod",2,"TA","Basment",1960,"Unf",2,626,"TA","TA","Y",50,84,0,0,0,0,NA,NA,NA,0,12,2008,"WD","Abnorml",0,"Test"
"2148",2148,50,"RL",63,8375,"Pave",NA,"Reg","Lvl","AllPub","Corner","Gtl","Sawyer","Norm","Norm","1Fam","1.5Fin","5","7",1941,1973,"Gable","CompShg","Wd Sdng","Wd Sdng","None",0,"TA","TA","BrkTil","TA","TA","No","ALQ",336,"Unf",0,240,576,"GasA","Gd","Y","SBrkr",864,486,0,1350,1,0,1,1,2,1,"Gd",6,"Min1",0,NA,"2Types",1973,"Unf",3,627,"TA","TA","N",0,0,0,0,0,0,NA,"MnPrv",NA,0,6,2008,"WD","Normal",0,"Test"
"2149",2149,80,"RL",NA,10200,"Pave",NA,"Reg","Lvl","AllPub","Inside","Gtl","Sawyer","Norm","Norm","1Fam","SLvl","5","8",1970,1970,"Hip","CompShg","HdBoard","HdBoard","None",0,"TA","Gd","PConc","Gd","TA","Av","ALQ",704,"Unf",0,160,864,"GasA","Ex","Y","SBrkr",904,0,0,904,0,0,1,0,3,1,"Gd",5,"Typ",0,NA,"2Types",1979,"Unf",3,912,"TA","TA","Y",143,0,0,0,0,0,NA,"MnPrv",NA,0,6,2008,"WD","Normal",0,"Test"
"2150",2150,20,"RL",82,20270,"Pave",NA,"IR1","Lvl","AllPub","CulDSac","Gtl","ClearCr","Norm","Norm","1Fam","1Story","7","6",1979,1979,"Gable","CompShg","Plywood","Plywood","None",0,"TA","TA","CBlock","Gd","TA","Gd","GLQ",599,"Unf",0,925,1524,"GasA","TA","Y","SBrkr",1524,0,0,1524,1,0,2,0,3,1,"TA",7,"Typ",2,"Gd","Attchd",1979,"Fin",2,478,"TA","TA","Y",140,0,0,0,0,0,NA,NA,NA,0,4,2008,"WD","Normal",0,"Test"
"2151",2151,50,"RL",50,5190,"Pave",NA,"Reg","Lvl","AllPub","Inside","Gtl","Edwards","Norm","Norm","1Fam","1.5Fin","7","5",1948,1950,"Gable","CompShg","BrkFace","Plywood","None",0,"TA","TA","CBlock","TA","TA","No","Unf",0,"Unf",0,570,570,"GasA","TA","Y","SBrkr",617,462,0,1079,0,0,1,0,2,1,"TA",5,"Typ",1,"Gd","Attchd",1948,"Unf",1,249,"TA","TA","Y",135,0,0,0,0,0,NA,NA,NA,0,1,2008,"WD","Normal",0,"Test"
"2152",2152,30,"RL",85,19550,"Pave",NA,"Reg","Lvl","AllPub","Inside","Gtl","Edwards","Norm","Norm","1Fam","1Story","5","7",1940,2007,"Flat","Tar&Grv",NA,NA,"None",0,"TA","TA","PConc","TA","TA","Gd","ALQ",1035,"Unf",0,545,1580,"GasA","Ex","Y","SBrkr",1518,0,0,1518,1,0,1,0,2,1,"Fa",5,"Typ",2,"Gd",NA,NA,NA,0,0,NA,NA,"Y",0,39,0,0,0,0,NA,NA,NA,0,1,2008,"WD","Normal",0,"Test"
"2153",2153,20,"RL",68,9571,"Pave",NA,"Reg","Lvl","AllPub","Inside","Gtl","Edwards","Norm","Norm","1Fam","1Story","5","6",1956,1956,"Hip","CompShg","Wd Sdng","Wd Sdng","None",0,"TA","TA","CBlock","TA","TA","Av","Rec",870,"Unf",0,639,1509,"GasA","TA","Y","FuseA",1509,0,0,1509,1,0,1,0,3,1,"Gd",6,"Typ",1,"TA","Attchd",1956,"Unf",1,322,"TA","TA","Y",158,0,0,0,576,0,NA,"MnPrv",NA,0,7,2008,"WD","Normal",0,"Test"
"2154",2154,90,"RL",50,9350,"Pave",NA,"Reg","Lvl","AllPub","Inside","Gtl","Edwards","Norm","Norm","Duplex","SFoyer","5","5",1975,1975,"Gable","CompShg","HdBoard","HdBoard","None",0,"TA","TA","PConc","Gd","TA","Av","GLQ",864,"Unf",0,0,864,"GasA","Fa","N","SBrkr",864,0,0,864,1,0,1,0,2,1,"TA",4,"Typ",0,NA,NA,NA,NA,0,0,NA,NA,"Y",0,0,0,0,0,0,NA,NA,NA,0,4,2008,"WD","Normal",0,"Test"
"2155",2155,60,"RL",50,9360,"Pave",NA,"Reg","Lvl","AllPub","Corner","Gtl","Edwards","Norm","Norm","1Fam","2Story","6","8",1962,2001,"Gable","CompShg","VinylSd","VinylSd","BrkCmn",216,"Gd","TA","CBlock","TA","TA","No","Rec",324,"Unf",0,297,621,"GasA","TA","Y","SBrkr",621,648,0,1269,0,0,1,1,3,1,"TA",7,"Typ",0,NA,"Detchd",1962,"Unf",1,280,"TA","TA","Y",0,236,0,0,0,0,NA,"GdWo",NA,0,11,2008,"WD","Normal",0,"Test"
"2156",2156,60,"RL",NA,9771,"Pave",NA,"IR3","Lvl","AllPub","Corner","Gtl","SawyerW","Norm","Norm","1Fam","2Story","6","5",1995,2002,"Gable","CompShg","HdBoard","HdBoard","BrkFace",190,"Gd","TA","PConc","Gd","TA","No","LwQ",779,"Unf",0,298,1077,"GasA","Ex","Y","SBrkr",1093,1721,0,2814,0,1,2,1,4,1,"Gd",9,"Typ",1,"TA","BuiltIn",1995,"Fin",2,614,"TA","TA","Y",48,32,0,0,216,0,NA,"GdPrv",NA,0,6,2008,"WD","Normal",0,"Test"
"2157",2157,20,"RL",80,9938,"Pave",NA,"Reg","Lvl","AllPub","Inside","Gtl","SawyerW","Norm","Norm","1Fam","1Story","7","5",1994,1994,"Gable","CompShg","HdBoard","HdBoard","BrkFace",251,"Gd","TA","PConc","Gd","TA","No","GLQ",1271,"Unf",0,331,1602,"GasA","Ex","Y","SBrkr",1626,0,0,1626,1,0,2,1,3,1,"Gd",7,"Typ",1,"TA","Attchd",1994,"RFn",2,534,"TA","TA","Y",424,40,0,0,0,0,NA,NA,NA,0,4,2008,"WD","Normal",0,"Test"
"2158",2158,60,"RL",NA,14171,"Pave",NA,"IR2","Lvl","AllPub","CulDSac","Gtl","SawyerW","Norm","Norm","1Fam","2Story","7","5",1993,1994,"Gable","CompShg","VinylSd","VinylSd","None",0,"Gd","TA","PConc","Gd","TA","No","GLQ",355,"Unf",0,457,812,"GasA","Ex","Y","SBrkr",1101,1099,0,2200,0,0,2,1,4,1,"Gd",9,"Typ",1,"TA","Attchd",1993,"RFn",2,453,"TA","TA","Y",168,98,0,0,0,0,NA,NA,NA,0,12,2008,"WD","Normal",0,"Test"
"2159",2159,80,"RL",85,10541,"Pave",NA,"IR1","Lvl","AllPub","Corner","Gtl","SawyerW","Norm","Norm","1Fam","SLvl","7","5",1996,1996,"Gable","CompShg","VinylSd","VinylSd","None",0,"Gd","TA","PConc","Gd","TA","Av","Unf",0,"Unf",0,672,672,"GasA","Ex","Y","SBrkr",1302,735,0,2037,0,0,2,1,3,1,"Gd",8,"Typ",1,"TA","Attchd",1996,"Fin",2,472,"TA","TA","Y",100,33,0,0,0,0,NA,NA,NA,0,2,2008,"WD","Normal",0,"Test"
"2160",2160,60,"RL",65,10616,"Pave",NA,"IR1","Lvl","AllPub","Inside","Gtl","CollgCr","Norm","Norm","1Fam","2Story","7","5",2007,2007,"Gable","CompShg","VinylSd","VinylSd","None",0,"Gd","TA","PConc","Gd","TA","No","Unf",0,"Unf",0,628,628,"GasA","Ex","Y","SBrkr",628,728,0,1356,0,0,2,1,3,1,"Gd",6,"Typ",1,"Gd","BuiltIn",2007,"Fin",2,484,"TA","TA","Y",100,24,0,0,0,0,NA,NA,NA,0,3,2008,"New","Partial",0,"Test"
"2161",2161,20,"RL",65,9345,"Pave",NA,"IR1","Lvl","AllPub","Inside","Gtl","CollgCr","Norm","Norm","1Fam","1Story","8","5",2007,2007,"Gable","CompShg","VinylSd","VinylSd","Stone",156,"Gd","TA","PConc","Gd","TA","Av","Unf",0,"Unf",0,1615,1615,"GasA","Ex","Y","SBrkr",1615,0,0,1615,0,0,2,0,3,1,"Gd",7,"Typ",1,"Gd","Attchd",2007,"RFn",3,864,"TA","TA","Y",168,30,0,0,0,0,NA,NA,NA,0,5,2008,"WD","Normal",0,"Test"
"2162",2162,20,"RL",91,11778,"Pave",NA,"Reg","Lvl","AllPub","Inside","Gtl","CollgCr","Norm","Norm","1Fam","1Story","9","5",2008,2008,"Hip","CompShg","VinylSd","VinylSd","Stone",554,"Gd","TA","PConc","Gd","TA","Gd","GLQ",2085,"Unf",0,186,2271,"GasA","Ex","Y","SBrkr",2276,0,0,2276,1,0,2,0,3,1,"Ex",7,"Typ",2,"Gd","Attchd",2008,"RFn",3,1348,"Gd","TA","Y",0,0,70,0,255,0,NA,NA,NA,0,6,2008,"WD","Abnorml",0,"Test"
"2163",2163,20,"RL",91,11778,"Pave",NA,"Reg","Lvl","AllPub","Inside","Gtl","CollgCr","PosN","Norm","1Fam","1Story","9","5",2008,2008,"Hip","CompShg","VinylSd","VinylSd","Stone",402,"Ex","TA","PConc","Ex","TA","Av","GLQ",1153,"Unf",0,598,1751,"GasA","Ex","Y","SBrkr",1766,0,0,1766,1,0,2,1,3,1,"Ex",8,"Typ",2,"Gd","Attchd",2008,"Fin",3,874,"TA","TA","Y",216,36,0,0,0,0,NA,NA,NA,0,12,2008,"New","Partial",0,"Test"
"2164",2164,80,"RL",NA,11454,"Pave",NA,"IR2","Lvl","AllPub","Corner","Gtl","SawyerW","Norm","Norm","1Fam","SLvl","8","5",1995,1995,"Gable","CompShg","VinylSd","VinylSd","BrkFace",302,"Gd","TA","PConc","Gd","TA","Gd","GLQ",770,"Unf",0,631,1401,"GasA","Ex","Y","SBrkr",1511,0,0,1511,1,0,2,0,3,1,"Gd",6,"Typ",1,"Fa","Attchd",1995,"Fin",3,811,"TA","TA","Y",168,42,0,0,0,0,NA,NA,NA,0,2,2008,"WD","Normal",0,"Test"
"2165",2165,20,"RL",NA,11500,"Pave",NA,"IR1","Bnk","AllPub","CulDSac","Gtl","ClearCr","Norm","Norm","1Fam","1Story","6","6",1966,1966,"Flat","Tar&Grv","Plywood","Plywood","None",0,"TA","TA","CBlock","Gd","Gd","Gd","LwQ",262,"ALQ",723,197,1182,"GasA","Ex","Y","SBrkr",1643,0,0,1643,1,0,2,0,2,1,"TA",6,"Typ",1,"Gd","Attchd",1966,"Unf",2,438,"TA","TA","Y",339,0,0,0,0,0,NA,NA,NA,0,3,2008,"WD","Normal",0,"Test"
"2166",2166,20,"RL",65,9750,"Pave",NA,"Reg","Low","AllPub","Inside","Mod","CollgCr","Norm","Norm","1Fam","1Story","5","7",1994,1994,"Gable","CompShg","VinylSd","VinylSd","None",0,"TA","TA","PConc","Gd","TA","No","GLQ",722,"Unf",0,268,990,"GasA","Ex","Y","SBrkr",990,0,0,990,1,0,1,0,3,1,"TA",5,"Typ",0,NA,"Detchd",1997,"Unf",2,528,"TA","TA","Y",168,0,0,0,0,0,NA,NA,NA,0,8,2008,"WD","Normal",0,"Test"
"2167",2167,20,"RL",NA,8696,"Pave",NA,"IR1","Lvl","AllPub","Inside","Gtl","CollgCr","Norm","Norm","1Fam","1Story","7","5",1997,1998,"Gable","CompShg","VinylSd","VinylSd","BrkFace",150,"TA","TA","PConc","Gd","TA","Gd","GLQ",1308,"Unf",0,110,1418,"GasA","Ex","Y","SBrkr",1418,0,0,1418,1,0,2,0,3,1,"Gd",5,"Typ",1,"TA","Attchd",1997,"RFn",2,558,"TA","TA","Y",208,110,0,0,0,0,NA,NA,NA,0,5,2008,"WD","Normal",0,"Test"
"2168",2168,60,"RL",NA,13142,"Pave",NA,"IR1","Lvl","AllPub","Corner","Gtl","CollgCr","PosN","Norm","1Fam","2Story","6","5",1997,1997,"Gable","CompShg","VinylSd","VinylSd","BrkFace",128,"TA","TA","PConc","Gd","TA","No","GLQ",688,"Unf",0,176,864,"GasA","Ex","Y","SBrkr",872,899,0,1771,1,0,2,1,3,1,"Gd",6,"Typ",0,NA,"Attchd",1997,"RFn",2,600,"TA","TA","Y",0,96,0,0,0,0,NA,NA,NA,0,7,2008,"WD","Normal",0,"Test"
"2169",2169,60,"RL",68,8998,"Pave",NA,"IR1","Lvl","AllPub","Inside","Gtl","CollgCr","Norm","Norm","1Fam","2Story","7","5",2000,2000,"Gable","CompShg","VinylSd","VinylSd","BrkFace",120,"Gd","TA","PConc","Gd","TA","Mn","GLQ",527,"Unf",0,255,782,"GasA","Ex","Y","SBrkr",782,870,0,1652,0,0,2,1,3,1,"Gd",6,"Typ",0,NA,"Attchd",2000,"RFn",2,532,"TA","TA","Y",0,70,0,0,0,0,NA,NA,NA,0,6,2008,"WD","Normal",0,"Test"
"2170",2170,60,"RL",75,12192,"Pave",NA,"IR1","Lvl","AllPub","Inside","Gtl","CollgCr","Norm","Norm","1Fam","2Story","7","5",2000,2001,"Gable","CompShg","VinylSd","VinylSd","None",0,"Gd","TA","PConc","Gd","TA","No","GLQ",663,"Unf",0,265,928,"GasA","Ex","Y","SBrkr",928,895,0,1823,1,0,2,1,3,1,"Gd",6,"Typ",0,NA,"Attchd",2000,"RFn",2,626,"TA","TA","Y",192,36,0,0,0,0,NA,NA,"Shed",4500,5,2008,"WD","Normal",0,"Test"
"2171",2171,20,"RL",NA,12250,"Pave",NA,"IR1","Lvl","AllPub","Inside","Gtl","CollgCr","Norm","Norm","1Fam","1Story","5","6",1978,1978,"Gable","CompShg","HdBoard","HdBoard","BrkFace",180,"TA","TA","CBlock","Gd","TA","Mn","ALQ",781,"Unf",0,83,864,"GasA","Ex","Y","SBrkr",1174,0,0,1174,1,0,1,0,3,1,"TA",5,"Typ",0,NA,"Attchd",1978,"Unf",2,528,"TA","TA","Y",211,0,280,0,0,0,NA,NA,NA,0,5,2008,"WD","Normal",0,"Test"
"2172",2172,20,"RL",NA,9216,"Pave",NA,"IR1","Lvl","AllPub","Inside","Gtl","CollgCr","Norm","Norm","1Fam","1Story","5","6",1975,1975,"Gable","CompShg","HdBoard","HdBoard","BrkFace",176,"TA","TA","CBlock","TA","TA","Av","ALQ",294,"Unf",0,782,1076,"GasA","TA","Y","SBrkr",1076,0,0,1076,0,0,1,1,3,1,"TA",5,"Typ",1,"Fa","Detchd",1985,"Unf",2,576,"TA","TA","Y",0,0,0,0,0,0,NA,"MnPrv",NA,0,9,2008,"WD","Abnorml",0,"Test"
"2173",2173,20,"RL",40,14330,"Pave",NA,"IR1","Lvl","AllPub","CulDSac","Gtl","CollgCr","Norm","Norm","1Fam","1Story","5","6",1975,2001,"Gable","CompShg","Plywood","Wd Sdng","None",0,"TA","TA","CBlock","TA","TA","No","Rec",88,"ALQ",596,180,864,"GasA","TA","Y","SBrkr",1558,0,0,1558,1,0,2,0,2,1,"TA",5,"Min2",0,NA,"Attchd",1975,"Fin",2,440,"TA","TA","Y",140,0,239,0,227,0,NA,NA,NA,0,8,2008,"WD","Normal",0,"Test"
"2174",2174,60,"RL",NA,10400,"Pave",NA,"Reg","Lvl","AllPub","Inside","Gtl","CollgCr","Norm","Norm","1Fam","2Story","7","5",2001,2001,"Gable","CompShg","VinylSd","VinylSd","BrkFace",227,"Gd","TA","PConc","Gd","TA","No","Unf",0,"Unf",0,1257,1257,"GasA","Ex","Y","SBrkr",1290,871,0,2161,0,0,2,1,3,1,"Gd",8,"Typ",1,"TA","Attchd",2001,"RFn",2,570,"TA","TA","Y",0,84,0,0,0,0,NA,NA,NA,0,6,2008,"WD","Normal",0,"Test"
"2175",2175,60,"RL",NA,9720,"Pave",NA,"IR1","Lvl","AllPub","CulDSac","Gtl","CollgCr","Norm","Norm","1Fam","2Story","9","5",2001,2002,"Gable","CompShg","VinylSd","VinylSd","BrkFace",134,"Gd","TA","PConc","Gd","TA","Mn","GLQ",1194,"Unf",0,163,1357,"GasA","Ex","Y","SBrkr",1366,581,0,1947,1,0,2,1,3,1,"Gd",7,"Typ",1,"TA","BuiltIn",2001,"Fin",3,725,"TA","TA","Y",168,116,0,0,0,0,NA,NA,NA,0,1,2008,"WD","Normal",0,"Test"
"2176",2176,20,"RL",NA,14860,"Pave",NA,"IR2","Lvl","AllPub","CulDSac","Gtl","CollgCr","Norm","Norm","1Fam","1Story","8","5",2002,2003,"Hip","CompShg","VinylSd","VinylSd","BrkFace",240,"Gd","TA","PConc","Ex","TA","Gd","GLQ",1538,"Unf",0,240,1778,"GasA","Ex","Y","SBrkr",1786,0,0,1786,1,0,2,0,3,1,"Gd",6,"Typ",1,"Gd","Attchd",2002,"RFn",3,715,"TA","TA","Y",182,35,0,0,0,0,NA,NA,NA,0,6,2008,"WD","Normal",0,"Test"
"2177",2177,60,"RL",41,10905,"Pave",NA,"IR2","Lvl","AllPub","CulDSac","Gtl","CollgCr","Norm","Norm","1Fam","2Story","7","5",2003,2003,"Gable","CompShg","VinylSd","VinylSd","None",0,"Gd","TA","PConc","Gd","TA","No","Unf",0,"Unf",0,1129,1129,"GasA","Ex","Y","SBrkr",1129,1198,0,2327,0,0,2,1,4,1,"Gd",9,"Typ",1,"Gd","BuiltIn",2003,"RFn",2,596,"TA","TA","Y",0,57,0,0,0,0,NA,NA,NA,0,8,2008,"WD","Normal",0,"Test"
"2178",2178,60,"RL",96,11690,"Pave",NA,"IR1","Lvl","AllPub","Inside","Gtl","CollgCr","Norm","Norm","1Fam","2Story","8","5",1999,2000,"Gable","CompShg","VinylSd","VinylSd","BrkFace",192,"Gd","TA","PConc","Gd","TA","Av","Unf",0,"Unf",0,850,850,"GasA","Ex","Y","SBrkr",886,878,0,1764,0,0,2,1,3,1,"Gd",7,"Typ",1,"TA","Attchd",1999,"Unf",2,560,"TA","TA","Y",120,29,0,0,0,0,NA,NA,NA,0,6,2008,"WD","Normal",0,"Test"
"2179",2179,120,"RM",NA,4426,"Pave",NA,"Reg","Lvl","AllPub","Inside","Gtl","CollgCr","Norm","Norm","TwnhsE","1Story","6","5",2004,2004,"Gable","CompShg","VinylSd","VinylSd","BrkFace",205,"Gd","TA","PConc","Gd","TA","Mn","GLQ",662,"Unf",0,186,848,"GasA","Ex","Y","SBrkr",848,0,0,848,1,0,1,0,1,1,"Gd",3,"Typ",0,NA,"Attchd",2004,"RFn",2,420,"TA","TA","Y",140,0,0,0,0,0,NA,NA,NA,0,2,2008,"WD","Normal",0,"Test"
"2180",2180,90,"RM",83,10126,"Pave",NA,"Reg","Lvl","AllPub","Corner","Gtl","CollgCr","Norm","Norm","Duplex","SFoyer","6","5",1997,1998,"Gable","CompShg","VinylSd","VinylSd","None",0,"TA","Gd","PConc","Gd","TA","Gd","GLQ",1593,"LwQ",162,83,1838,"GasA","Ex","Y","SBrkr",1838,0,0,1838,2,0,2,0,2,2,"TA",8,"Typ",0,NA,"Attchd",1998,"Unf",3,721,"TA","TA","Y",160,67,0,0,0,0,NA,NA,NA,0,7,2008,"WD","Abnorml",0,"Test"
"2181",2181,20,"RL",75,9750,"Pave",NA,"Reg","Lvl","AllPub","Inside","Gtl","CollgCr","Norm","Norm","1Fam","1Story","7","5",2004,2004,"Gable","CompShg","VinylSd","VinylSd","Stone",50,"Gd","TA","PConc","Gd","TA","Mn","GLQ",24,"Unf",0,1421,1445,"GasA","Ex","Y","SBrkr",1445,0,0,1445,0,0,2,0,3,1,"Gd",6,"Typ",0,NA,"Attchd",2004,"Unf",2,470,"TA","TA","Y",0,35,0,0,0,0,NA,NA,NA,0,6,2008,"WD","Normal",0,"Test"
"2182",2182,20,"RL",85,11058,"Pave",NA,"Reg","Lvl","AllPub","Corner","Gtl","CollgCr","Norm","Norm","1Fam","1Story","7","6",2007,2007,"Gable","CompShg","VinylSd","VinylSd","Stone",212,"Gd","TA","PConc","Gd","TA","No","GLQ",56,"Unf",0,1508,1564,"GasA","Ex","Y","SBrkr",1564,0,0,1564,0,0,2,0,3,1,"Gd",6,"Typ",0,NA,"Attchd",2007,"RFn",3,814,"TA","TA","Y",0,24,0,0,0,0,NA,NA,NA,0,2,2008,"WD","Normal",0,"Test"
"2183",2183,20,"RL",74,9627,"Pave",NA,"Reg","Lvl","AllPub","Inside","Gtl","CollgCr","Norm","Norm","1Fam","1Story","7","5",2007,2007,"Gable","CompShg","VinylSd","VinylSd","None",0,"Gd","TA","PConc","Gd","TA","Av","GLQ",24,"Unf",0,1327,1351,"GasA","Ex","Y","SBrkr",1361,0,0,1361,0,0,2,0,3,1,"Gd",6,"Typ",0,NA,"Attchd",2007,"RFn",2,610,"TA","TA","Y",0,50,0,0,0,0,NA,NA,NA,0,6,2008,"WD","Normal",0,"Test"
"2184",2184,20,"RL",75,9825,"Pave",NA,"Reg","Lvl","AllPub","Inside","Gtl","Edwards","Norm","Norm","1Fam","1Story","5","5",1966,1966,"Hip","CompShg","HdBoard","HdBoard","None",0,"TA","TA","CBlock","TA","TA","No","Rec",609,"Unf",0,483,1092,"GasA","TA","Y","SBrkr",1092,0,0,1092,0,0,1,0,3,1,"TA",6,"Typ",0,NA,"Attchd",1966,"Unf",1,264,"TA","TA","Y",259,0,0,0,161,0,NA,"MnPrv",NA,0,4,2008,"COD","Abnorml",0,"Test"
"2185",2185,85,"RL",64,12102,"Pave",NA,"Reg","Lvl","AllPub","Inside","Gtl","Edwards","Norm","Norm","1Fam","SFoyer","5","5",1976,1976,"Gable","CompShg","HdBoard","Plywood","BrkFace",222,"TA","TA","CBlock","Gd","Gd","Gd","ALQ",456,"Unf",0,0,456,"GasA","Ex","Y","SBrkr",1033,0,0,1033,0,1,1,0,3,1,"TA",6,"Typ",0,NA,"BuiltIn",1976,"RFn",2,504,"Fa","TA","Y",224,0,0,0,0,0,NA,NA,NA,0,4,2008,"WD","Family",0,"Test"
"2186",2186,20,"RL",65,6500,"Pave",NA,"Reg","Lvl","AllPub","Inside","Gtl","Edwards","Norm","Norm","1Fam","1Story","6","6",1976,1976,"Hip","CompShg","HdBoard","Plywood","BrkFace",84,"TA","TA","CBlock","TA",NA,"No","BLQ",1033,"Unf",0,94,1127,"GasA","TA","Y","SBrkr",1127,0,0,1127,0,1,1,1,3,1,"TA",6,"Typ",1,"Po","Detchd",1991,"Unf",2,480,"TA","TA","Y",0,0,138,0,0,0,NA,NA,NA,0,5,2008,"WD","Normal",0,"Test"
"2187",2187,80,"RL",NA,9638,"Pave",NA,"IR1","Lvl","AllPub","CulDSac","Gtl","Edwards","Norm","Norm","1Fam","SLvl","6","6",1977,1977,"Hip","CompShg","Plywood","Plywood","None",0,"TA","TA","CBlock","TA","TA","Av","ALQ",368,"Rec",120,541,1029,"GasA","TA","Y","SBrkr",1117,0,0,1117,1,0,1,0,3,1,"TA",6,"Typ",1,"Fa","Attchd",1977,"RFn",2,542,"TA","TA","Y",292,0,0,0,0,0,NA,NA,NA,0,11,2008,"WD","Normal",0,"Test"
"2188",2188,60,"RL",72,7200,"Pave",NA,"Reg","Lvl","AllPub","Inside","Gtl","Edwards","Norm","Norm","1Fam","2Story","6","7",1976,2001,"Hip","CompShg","Plywood","Plywood","None",0,"TA","TA","CBlock","TA","TA","Av","ALQ",288,"Unf",0,396,684,"GasA","TA","Y","SBrkr",684,714,0,1398,0,0,1,1,3,1,"TA",6,"Typ",1,"TA","Attchd",1976,"Fin",2,440,"TA","TA","Y",0,0,0,0,0,0,NA,"MnPrv",NA,0,2,2008,"WD","Normal",0,"Test"
"2189",2189,20,"RL",123,47007,"Pave",NA,"IR1","Lvl","AllPub","Inside","Gtl","Edwards","Norm","Norm","1Fam","1Story","5","7",1959,1996,"Gable","CompShg","Plywood","Plywood","None",0,"TA","TA","Slab",NA,NA,NA,NA,0,NA,0,0,0,"GasA","TA","Y","SBrkr",3820,0,0,3820,NA,NA,3,1,5,1,"Ex",11,"Typ",2,"Gd","Attchd",1959,"Unf",2,624,"TA","TA","Y",0,372,0,0,0,0,NA,NA,NA,0,7,2008,"WD","Normal",0,"Test"
"2190",2190,90,"RL",65,6012,"Pave",NA,"Reg","Lvl","AllPub","Corner","Gtl","Edwards","Norm","Norm","Duplex","1Story","4","5",1955,1955,"Gable","CompShg","AsbShng","Plywood","None",0,"TA","Fa","PConc",NA,NA,NA,NA,0,NA,0,0,0,"GasA","TA","N","SBrkr",1152,0,0,1152,0,0,2,0,2,2,"TA",6,"Typ",0,NA,NA,NA,NA,0,0,NA,NA,"N",0,0,0,0,0,0,NA,NA,NA,0,6,2008,"WD","AdjLand",0,"Test"
"2191",2191,90,"RL",74,6845,"Pave",NA,"Reg","Lvl","AllPub","Inside","Gtl","Edwards","Norm","Norm","Duplex","1Story","4","5",1955,1955,"Gable","CompShg","WdShing","Wd Shng","BrkCmn",58,"TA","TA","Slab",NA,NA,NA,NA,0,NA,0,0,0,"GasA","TA","N","FuseF",1152,0,0,1152,0,0,2,0,2,2,"TA",6,"Typ",0,NA,NA,NA,NA,0,0,NA,NA,"N",0,0,0,0,0,0,NA,NA,NA,0,7,2008,"WD","Normal",0,"Test"
"2192",2192,190,"RL",56,6931,"Pave",NA,"Reg","Lvl","AllPub","Inside","Gtl","Edwards","Norm","Norm","2fmCon","1Story","4","5",1955,1955,"Hip","CompShg","Wd Sdng","Wd Sdng","None",0,"TA","TA","CBlock","TA","TA","Av","ALQ",784,"Unf",0,0,784,"GasA","TA","N","FuseP",784,0,0,784,1,0,1,0,2,1,"TA",4,"Typ",0,NA,NA,NA,NA,0,0,NA,NA,"Y",112,0,0,0,0,0,NA,NA,NA,0,5,2008,"WD","Normal",0,"Test"
"2193",2193,50,"RL",60,12180,"Pave",NA,"Reg","Lvl","AllPub","Inside","Gtl","Edwards","Norm","Norm","1Fam","1.5Fin","5","7",1938,2007,"Gable","CompShg","Wd Sdng","Wd Sdng","None",0,"TA","TA","PConc","TA","TA","No","Unf",0,"Unf",0,585,585,"GasA","Gd","Y","FuseF",585,468,0,1053,0,0,1,1,2,1,"Ex",5,"Typ",0,NA,NA,NA,NA,0,0,NA,NA,"N",42,0,0,0,0,0,NA,NA,NA,0,1,2008,"WD","Family",0,"Test"
"2194",2194,50,"RL",57,8050,"Pave",NA,"Reg","Lvl","AllPub","Inside","Gtl","Edwards","Norm","Norm","1Fam","1.5Fin","5","8",1947,1993,"Gable","CompShg","MetalSd","MetalSd","None",0,"TA","Gd","Slab",NA,NA,NA,NA,0,NA,0,0,0,"GasA","Gd","Y","SBrkr",929,208,0,1137,0,0,1,1,4,1,"TA",8,"Min1",0,NA,NA,NA,NA,0,0,NA,NA,"Y",0,0,0,0,0,0,NA,NA,NA,0,4,2008,"WD","Normal",0,"Test"
"2195",2195,20,"RL",68,9520,"Pave",NA,"Reg","Bnk","AllPub","Inside","Mod","Edwards","Norm","Norm","1Fam","1Story","4","5",1953,1953,"Gable","CompShg","MetalSd","MetalSd","Stone",115,"TA","TA","CBlock","Gd","TA","No","Rec",767,"Unf",0,144,911,"GasA","TA","Y","SBrkr",930,0,0,930,0,0,1,0,2,1,"TA",5,"Typ",0,NA,"Attchd",1953,"RFn",1,286,"TA","TA","Y",134,0,0,0,0,0,NA,"MnPrv","Gar2",3000,5,2008,"WD","Normal",0,"Test"
"2196",2196,80,"RL",62,7692,"Pave",NA,"Reg","Bnk","AllPub","Inside","Mod","Edwards","Norm","Norm","1Fam","SLvl","4","6",1954,1954,"Gable","CompShg","Wd Sdng","Wd Sdng","None",0,"TA","TA","CBlock","Ex","TA","Av","Unf",0,"Unf",0,416,416,"GasA","Gd","Y","FuseA",1204,0,0,1204,0,0,1,0,3,1,"TA",6,"Typ",0,NA,"Basment",1954,"Unf",1,312,"TA","TA","Y",0,0,0,0,0,0,NA,NA,NA,0,11,2008,"WD","Abnorml",0,"Test"
"2197",2197,30,"RL",67,5142,"Pave",NA,"Reg","Lvl","AllPub","Inside","Gtl","Edwards","Norm","Norm","1Fam","1.5Fin","4","7",1923,2008,"Gable","CompShg","Wd Sdng","Wd Sdng","None",0,"TA","TA","PConc","TA","TA","No","ALQ",224,"Unf",0,725,949,"GasA","TA","Y","SBrkr",949,343,0,1292,0,0,1,1,3,1,"Gd",6,"Typ",0,NA,"Detchd",1923,"Unf",1,205,"TA","TA","N",0,0,183,0,0,0,NA,NA,NA,0,6,2008,"WD","Normal",0,"Test"
"2198",2198,30,"RL",60,7290,"Pave",NA,"Reg","Lvl","AllPub","Corner","Gtl","SWISU","Norm","Norm","1Fam","1Story","7","8",1921,1950,"Gable","CompShg","WdShing","Wd Shng","BrkFace",174,"TA","TA","BrkTil","TA","TA","No","Unf",0,"Unf",0,1228,1228,"GasA","Ex","Y","SBrkr",1424,0,0,1424,0,0,2,0,2,1,"TA",7,"Typ",1,"Gd","Attchd",1921,"Unf",1,312,"TA","TA","Y",0,0,90,0,0,0,NA,NA,NA,0,4,2008,"WD","Normal",0,"Test"
"2199",2199,90,"RL",64,7804,"Pave",NA,"Reg","Lvl","AllPub","Inside","Gtl","SWISU","Norm","Norm","Duplex","2.5Unf","6","7",1930,1950,"Gable","CompShg","Stucco","Stucco","None",0,"TA","TA","BrkTil","TA","TA","No","ALQ",281,"Rec",679,0,960,"GasA","Ex","Y","SBrkr",960,960,0,1920,2,0,2,2,4,2,"TA",10,"Typ",2,"Gd","Detchd",1930,"Unf",2,480,"TA","TA","Y",248,0,121,0,0,0,NA,NA,NA,0,7,2008,"WD","Abnorml",0,"Test"
"2200",2200,70,"RL",66,8969,"Pave",NA,"Reg","Bnk","AllPub","Inside","Gtl","Crawfor","Norm","Norm","1Fam","2Story","6","6",1926,1950,"Gambrel","CompShg","Wd Sdng","Wd Sdng","None",0,"TA","TA","BrkTil","TA","TA","No","BLQ",379,"Unf",0,265,644,"GasA","Ex","Y","SBrkr",672,644,0,1316,1,0,1,0,2,1,"TA",6,"Typ",1,"Gd","Detchd",2001,"Unf",1,369,"TA","TA","P",0,0,0,0,192,0,NA,"MnPrv",NA,0,7,2008,"WD","Normal",0,"Test"
"2201",2201,50,"RL",63,15564,"Pave",NA,"Reg","Lvl","AllPub","Inside","Gtl","Crawfor","Norm","Norm","1Fam","1.5Fin","6","6",1914,1995,"Gable","CompShg","Wd Sdng","Wd Shng","None",0,"TA","TA","BrkTil","Gd","TA","No","Unf",0,"Unf",0,676,676,"GasA","Ex","Y","SBrkr",676,588,0,1264,0,0,1,0,3,1,"TA",6,"Typ",0,NA,"Detchd",1994,"Unf",2,400,"TA","TA","Y",424,0,0,0,0,0,NA,NA,"Shed",400,1,2008,"WD","Normal",0,"Test"
"2202",2202,70,"RL",54,7609,"Pave",NA,"Reg","Lvl","AllPub","Corner","Gtl","Crawfor","Norm","Norm","1Fam","2Story","8","9",1925,1997,"Gable","CompShg","Stucco","Stucco","None",0,"Gd","Gd","PConc","Fa","TA","No","ALQ",406,"Unf",0,392,798,"GasA","Ex","Y","SBrkr",798,714,0,1512,1,0,2,0,3,1,"Gd",7,"Typ",1,"Gd","Detchd",1925,"Unf",1,180,"TA","TA","P",85,16,41,0,0,0,NA,"GdPrv",NA,0,6,2008,"WD","Normal",0,"Test"
"2203",2203,70,"RL",NA,9650,"Pave",NA,"IR1","HLS","AllPub","Corner","Gtl","Crawfor","Norm","Norm","1Fam","2Story","6","3",1923,1950,"Hip","CompShg","Wd Sdng","Plywood","None",0,"TA","TA","BrkTil","TA","TA","No","Unf",0,"Unf",0,784,784,"GasA","TA","Y","SBrkr",819,784,0,1603,0,0,1,0,4,1,"TA",7,"Typ",1,"Gd","Attchd",1980,"Unf",2,599,"TA","TA","Y",0,217,0,0,0,0,NA,NA,NA,0,6,2008,"WD","Normal",0,"Test"
"2204",2204,50,"RL",NA,11700,"Pave","Grvl","IR1","HLS","AllPub","Inside","Mod","Crawfor","Norm","Norm","1Fam","1.5Fin","5","6",1937,1995,"Gable","CompShg","WdShing","Wd Shng","None",0,"TA","TA","CBlock","TA","TA","No","BLQ",606,"Unf",0,336,942,"GasA","Ex","Y","SBrkr",1265,673,0,1938,0,0,2,0,4,1,"Gd",7,"Min2",1,"Gd","Detchd",1937,"Unf",1,240,"TA","TA","Y",0,40,0,0,0,0,NA,NA,NA,0,7,2008,"WD","Normal",0,"Test"
"2205",2205,50,"RL",NA,9260,"Pave","Grvl","IR1","HLS","AllPub","Inside","Gtl","Crawfor","Feedr","Norm","1Fam","1.5Fin","5","4",1938,1950,"Gable","CompShg","Wd Sdng","Wd Sdng","None",0,"TA","TA","BrkTil","TA","TA","No","Unf",0,"Unf",0,884,884,"GasA","TA","Y","FuseF",932,442,0,1374,0,0,1,0,3,1,"TA",6,"Typ",0,NA,"Detchd",1938,"Unf",1,225,"TA","TA","Y",64,0,0,0,100,0,NA,NA,NA,0,3,2008,"WD","Normal",0,"Test"
"2206",2206,20,"RL",79,7801,"Pave",NA,"IR1","Lvl","AllPub","Corner","Gtl","Crawfor","Feedr","Norm","1Fam","1Story","6","5",1951,1951,"Hip","CompShg","WdShing","Plywood","BrkFace",88,"TA","Fa","PConc","TA","TA","No","Rec",500,"Unf",0,591,1091,"GasA","Fa","N","FuseA",1091,0,0,1091,0,1,1,0,2,1,"TA",5,"Typ",1,"TA","Attchd",1951,"Fin",1,344,"TA","TA","Y",66,105,0,0,221,0,NA,"MnPrv",NA,0,5,2008,"WD","Normal",0,"Test"
"2207",2207,70,"RL",100,9670,"Pave",NA,"IR1","HLS","AllPub","Inside","Mod","Crawfor","Norm","Norm","1Fam","2Story","8","6",1935,1950,"Gable","CompShg","BrkFace","Stucco","Stone",40,"TA","TA","PConc","TA","Fa","No","LwQ",210,"Unf",0,398,608,"GasA","TA","Y","SBrkr",983,890,0,1873,0,0,1,1,4,1,"TA",9,"Typ",2,"Gd","Detchd",1935,"Fin",2,786,"Fa","TA","Y",0,0,207,0,0,0,NA,NA,NA,0,6,2008,"WD","Alloca",0,"Test"
"2208",2208,50,"RL",70,12392,"Pave",NA,"Reg","Bnk","AllPub","Inside","Gtl","Crawfor","Norm","Norm","1Fam","1.5Fin","7","9",1950,2000,"Gable","CompShg","VinylSd","VinylSd","None",0,"TA","Gd","CBlock","TA","Gd","No","GLQ",435,"Unf",0,397,832,"GasA","Ex","Y","SBrkr",1218,943,0,2161,1,0,2,1,3,1,"Gd",8,"Typ",2,"TA","Attchd",1994,"Fin",2,506,"TA","TA","Y",0,96,0,0,0,0,NA,NA,NA,0,4,2008,"WD","Normal",0,"Test"
"2209",2209,20,"RL",56,26073,"Pave",NA,"IR1","Lvl","AllPub","CulDSac","Gtl","Crawfor","Norm","Norm","1Fam","1Story","5","5",1956,1956,"Gable","CompShg","BrkFace","MetalSd","None",0,"TA","TA","PConc","TA","TA","No","Rec",1116,"Unf",0,782,1898,"GasA","Ex","Y","FuseA",1898,0,0,1898,0,0,2,1,3,1,"TA",7,"Typ",2,"TA","Attchd",1956,"Unf",2,484,"TA","TA","Y",0,51,224,0,0,0,NA,"MnPrv",NA,0,4,2008,"WD","Normal",0,"Test"
"2210",2210,160,"RM",24,1879,"Pave",NA,"Reg","Lvl","AllPub","CulDSac","Gtl","Blueste","Norm","Norm","Twnhs","2Story","6","6",1980,1980,"Gable","CompShg","MetalSd","MetalSd","None",0,"TA","TA","CBlock","Gd","TA","No","GLQ",366,"Unf",0,150,516,"GasA","TA","Y","SBrkr",516,516,0,1032,0,0,1,0,2,1,"TA",5,"Typ",1,"TA","Detchd",1980,"Unf",2,462,"TA","TA","Y",213,0,0,0,0,0,NA,"GdPrv",NA,0,12,2008,"WD","Normal",0,"Test"
"2211",2211,30,"RM",50,7000,"Pave",NA,"Reg","Lvl","AllPub","Inside","Gtl","IDOTRR","Norm","Norm","1Fam","1Story","6","8",1926,1998,"Gable","CompShg","VinylSd","VinylSd","None",0,"TA","Gd","BrkTil","TA","TA","No","Rec",299,"GLQ",40,555,894,"GasA","TA","Y","SBrkr",919,0,0,919,1,0,1,0,2,1,"TA",5,"Typ",0,NA,"Detchd",1926,"Unf",1,195,"TA","TA","P",0,0,116,0,0,0,NA,"MnPrv",NA,0,7,2008,"WD","Normal",0,"Test"
"2212",2212,50,"RM",60,6000,"Pave",NA,"Reg","Lvl","AllPub","Inside","Gtl","IDOTRR","Norm","Norm","1Fam","1.5Fin","6","8",1940,2006,"Gable","CompShg","VinylSd","VinylSd","None",0,"TA","TA","CBlock","Fa","TA","No","Unf",0,"Unf",0,720,720,"GasA","Gd","Y","SBrkr",760,330,0,1090,0,0,1,0,3,1,"TA",5,"Typ",0,NA,"Detchd",1940,"Unf",1,240,"TA","TA","Y",0,0,0,0,0,0,NA,NA,NA,0,7,2008,"WD","Normal",0,"Test"
"2213",2213,50,"RM",58,8155,"Pave",NA,"Reg","Lvl","AllPub","Inside","Gtl","IDOTRR","Norm","Norm","1Fam","1.5Fin","5","7",1930,1950,"Gable","CompShg","Wd Sdng","Wd Sdng","None",0,"TA","TA","CBlock","Gd","TA","No","Unf",0,"Unf",0,780,780,"GasA","Gd","Y","FuseA",780,420,0,1200,0,0,1,0,4,1,"TA",7,"Typ",0,NA,NA,NA,NA,0,0,NA,NA,"Y",0,0,96,0,0,0,NA,NA,NA,0,7,2008,"WD","Normal",0,"Test"
"2214",2214,80,"RM",75,6000,"Pave",NA,"Reg","Lvl","AllPub","Inside","Gtl","IDOTRR","Norm","Norm","1Fam","SLvl","5","5",1967,1967,"Hip","CompShg","HdBoard","Plywood","None",0,"Fa","TA","CBlock","Gd","TA","Mn","Rec",257,"Unf",0,367,624,"GasA","Ex","Y","SBrkr",1092,564,0,1656,0,0,1,1,3,1,"TA",7,"Mod",1,"Po","Attchd",1967,"Unf",1,288,"TA","TA","Y",0,180,0,0,100,0,NA,"MnPrv",NA,0,7,2008,"WD","Normal",0,"Test"
"2215",2215,30,"RM",60,7392,"Pave",NA,"Reg","Lvl","AllPub","Inside","Gtl","IDOTRR","Norm","Norm","1Fam","1Story","5","7",1930,1995,"Gable","CompShg","Wd Sdng","Wd Sdng","None",0,"TA","TA","BrkTil","TA","TA","No","Unf",0,"Unf",0,520,520,"GasA","TA","Y","FuseA",912,0,0,912,0,0,1,0,2,1,"TA",5,"Typ",0,NA,"Detchd",1934,"RFn",1,360,"TA","TA","Y",0,90,0,0,0,0,NA,NA,NA,0,5,2008,"WD","Normal",0,"Test"
"2216",2216,50,"RM",75,9000,"Pave",NA,"Reg","Lvl","AllPub","Inside","Gtl","IDOTRR","Norm","Norm","1Fam","1.5Fin","5","5",1958,1958,"Gable","CompShg","WdShing","Wd Shng","BrkFace",162,"TA","TA","CBlock","TA","TA","No","ALQ",330,"Unf",0,821,1151,"GasA","Gd","Y","FuseA",1151,804,0,1955,0,0,2,0,4,1,"TA",7,"Typ",0,NA,"Attchd",1958,"Fin",1,356,"TA","TA","Y",0,0,0,0,0,0,NA,NA,NA,0,1,2008,"WD","Normal",0,"Test"
"2217",2217,20,NA,80,14584,"Pave",NA,"Reg","Low","AllPub","Inside","Mod","IDOTRR","Norm","Norm","1Fam","1Story","1","5",1952,1952,"Gable","CompShg","AsbShng","VinylSd","None",0,"Fa","Po","Slab",NA,NA,NA,NA,0,NA,0,0,0,"Wall","Po","N","FuseA",733,0,0,733,0,0,1,0,2,1,"Fa",4,NA,0,NA,"Attchd",1952,"Unf",2,487,"Fa","Po","N",0,0,0,0,0,0,NA,NA,NA,0,2,2008,"WD","Abnorml",0,"Test"
"2218",2218,70,"C (all)",60,5280,"Pave",NA,"Reg","Lvl","AllPub","Corner","Gtl","IDOTRR","Feedr","Norm","1Fam","2Story","4","7",1895,1950,"Gable","CompShg","Wd Sdng","Wd Sdng","None",0,"TA","TA","Stone",NA,"Fa","No","Unf",0,"Unf",0,173,173,"GasA","Ex","N","SBrkr",825,536,0,1361,0,0,1,0,2,1,"TA",6,"Typ",0,NA,"Detchd",1895,"Unf",1,185,"Fa","TA","Y",0,123,0,0,0,0,NA,NA,NA,0,7,2008,"WD","Normal",0,"Test"
"2219",2219,50,"C (all)",52,5150,"Pave",NA,"Reg","Lvl","AllPub","Corner","Gtl","IDOTRR","Feedr","Norm","1Fam","1.5Fin","4","7",1910,2000,"Gable","CompShg","Plywood","Plywood","None",0,"TA","TA","PConc",NA,"TA","No","Unf",0,"Unf",0,356,356,"GasA","TA","N","FuseA",671,378,0,1049,0,0,1,0,2,1,"TA",5,"Typ",0,NA,"Detchd",1910,"Unf",1,195,"Po","Fa","N",0,0,0,0,0,0,NA,NA,NA,0,5,2008,"WD","Normal",0,"Test"
"2220",2220,70,"C (all)",60,9000,"Grvl",NA,"Reg","Bnk","AllPub","Inside","Gtl","IDOTRR","Norm","Norm","1Fam","2Story","4","6",1920,1950,"Gable","CompShg","MetalSd","MetalSd","None",0,"TA","TA","Stone","Fa","Fa","Mn","Unf",0,"Unf",0,592,592,"GasA","Ex","Y","SBrkr",432,432,0,864,0,0,1,1,3,1,"Fa",5,"Min2",0,NA,"Detchd",1920,"Unf",1,216,"Fa","Fa","N",0,30,160,0,0,0,NA,NA,NA,0,6,2008,"WD","Normal",0,"Test"
"2221",2221,120,"RM",44,3843,"Pave",NA,"IR1","HLS","AllPub","Inside","Mod","Crawfor","Norm","Norm","TwnhsE","1Story","8","5",2007,2008,"Hip","CompShg","CemntBd","CmentBd","Stone",186,"Ex","TA","PConc","Ex","TA","Gd","GLQ",1476,"Unf",0,120,1596,"GasA","Ex","Y","SBrkr",1648,0,0,1648,1,1,2,0,2,1,"Ex",5,"Typ",1,"Gd","Attchd",2007,"Fin",2,525,"TA","TA","Y",162,53,0,153,0,0,NA,NA,NA,0,8,2008,"New","Partial",0,"Test"
"2222",2222,120,"RM",44,3811,"Pave",NA,"IR1","HLS","AllPub","Inside","Mod","Crawfor","Norm","Norm","TwnhsE","1Story","7","5",2004,2005,"Hip","CompShg","CemntBd","CmentBd","Stone",174,"Gd","TA","PConc","Ex","TA","Gd","GLQ",1474,"Unf",0,120,1594,"GasA","Ex","Y","SBrkr",1646,0,0,1646,1,1,2,0,2,1,"Ex",5,"Typ",1,"Gd","Attchd",2004,"Fin",2,482,"TA","TA","Y",128,53,0,0,155,0,NA,NA,NA,0,7,2008,"WD","Normal",0,"Test"
"2223",2223,20,"RL",NA,23730,"Pave",NA,"IR2","Lvl","AllPub","Inside","Gtl","Mitchel","Norm","Norm","1Fam","1Story","7","5",1996,1997,"Gable","CompShg","MetalSd","MetalSd","BrkFace",668,"Gd","TA","PConc","Ex","TA","Mn","GLQ",700,"Unf",0,1140,1840,"GasA","Ex","Y","SBrkr",2032,0,0,2032,1,0,3,0,3,1,"Gd",7,"Typ",0,NA,"Attchd",1996,"Fin",3,786,"TA","TA","Y",0,46,192,0,0,0,NA,NA,NA,0,9,2008,"WD","Normal",0,"Test"
"2224",2224,60,"RL",NA,11050,"Pave",NA,"Reg","Lvl","AllPub","Inside","Gtl","Mitchel","Norm","Norm","1Fam","2Story","7","5",1996,1997,"Gable","CompShg","VinylSd","VinylSd","None",0,"TA","TA","PConc","Gd","TA","Mn","Unf",0,"Unf",0,910,910,"GasA","Ex","Y","SBrkr",910,910,0,1820,0,0,2,1,3,1,"Gd",8,"Typ",1,"TA","Attchd",1996,"Unf",3,816,"TA","TA","Y",318,32,0,0,0,0,NA,NA,NA,0,9,2008,"WD","Normal",0,"Test"
"2225",2225,90,"RL",76,10260,"Pave",NA,"Reg","Lvl","AllPub","Inside","Gtl","Mitchel","Norm","Norm","Duplex","2Story","5","4",1976,1976,"Gable","CompShg","Plywood","Plywood","None",0,"TA","TA","CBlock",NA,NA,NA,NA,0,NA,0,0,0,"GasA","TA","Y","SBrkr",936,936,0,1872,0,0,2,2,4,2,"TA",8,"Typ",0,NA,"Attchd",1976,"Unf",2,484,"TA","TA","Y",0,0,0,0,0,0,NA,NA,NA,0,11,2008,"WD","Abnorml",0,"Test"
"2226",2226,20,"RL",74,9990,"Pave",NA,"Reg","Lvl","AllPub","Inside","Gtl","Mitchel","Norm","Norm","1Fam","1Story","4","5",1991,1991,"Gable","CompShg","HdBoard","HdBoard","None",0,"TA","TA","PConc","Gd","TA","No","ALQ",1383,"Unf",0,297,1680,"GasA","Gd","Y","SBrkr",1689,0,0,1689,1,0,2,0,3,1,"TA",6,"Typ",1,"TA","Attchd",1991,"Unf",2,432,"TA","TA","Y",428,120,0,0,0,0,NA,NA,NA,0,7,2008,"WD","Normal",0,"Test"
"2227",2227,120,"RL",42,4084,"Pave",NA,"IR1","Lvl","AllPub","Inside","Gtl","Timber","Norm","Norm","TwnhsE","1Story","7","6",1986,1986,"Gable","CompShg","VinylSd","VinylSd","BrkFace",340,"Gd","TA","CBlock","Gd","TA","Av","GLQ",893,"Unf",0,384,1277,"GasA","Gd","Y","SBrkr",1501,0,0,1501,1,0,2,0,2,1,"Gd",6,"Typ",1,"TA","Attchd",1986,"Fin",2,512,"TA","TA","Y",240,0,0,0,0,0,NA,NA,NA,0,7,2008,"WD","Normal",0,"Test"
"2228",2228,20,"RL",74,11563,"Pave",NA,"IR1","HLS","AllPub","Inside","Gtl","Timber","Norm","Norm","1Fam","1Story","8","5",2006,2007,"Hip","CompShg","VinylSd","VinylSd","Stone",258,"Gd","TA","PConc","Ex","TA","Gd","GLQ",1036,"Unf",0,482,1518,"GasA","Ex","Y","SBrkr",1537,0,0,1537,1,0,2,0,3,1,"Gd",8,"Typ",0,NA,"Attchd",2007,"Fin",3,788,"TA","TA","Y",0,26,0,0,0,0,NA,NA,NA,0,4,2008,"WD","Normal",0,"Test"
"2229",2229,60,"RL",107,12852,"Pave",NA,"IR1","HLS","AllPub","Corner","Gtl","Timber","Norm","Norm","1Fam","2Story","8","5",2007,2007,"Gable","CompShg","VinylSd","VinylSd","None",0,"Gd","TA","PConc","Gd","TA","Av","GLQ",770,"Unf",0,150,920,"GasA","Ex","Y","SBrkr",920,860,0,1780,1,0,2,1,3,1,"Gd",6,"Typ",1,"Gd","Attchd",2007,"Fin",2,612,"TA","TA","Y",0,192,0,0,0,0,NA,NA,NA,0,1,2008,"New","Partial",0,"Test"
"2230",2230,80,"RL",73,9802,"Pave",NA,"Reg","Lvl","AllPub","Inside","Gtl","Timber","Norm","Norm","1Fam","SLvl","5","5",2006,2007,"Gable","CompShg","VinylSd","VinylSd","None",0,"TA","TA","PConc","Gd","TA","No","Unf",0,"Unf",0,352,352,"GasA","Gd","Y","SBrkr",712,730,0,1442,0,0,2,1,3,1,"TA",6,"Typ",0,NA,"BuiltIn",2007,"Fin",2,400,"TA","TA","Y",100,0,0,0,0,0,NA,NA,NA,0,4,2008,"WD","Normal",0,"Test"
"2231",2231,60,"RL",81,12018,"Pave",NA,"IR1","HLS","AllPub","Corner","Gtl","Timber","Norm","Norm","1Fam","2Story","7","5",2008,2008,"Gable","CompShg","VinylSd","VinylSd","Stone",60,"Gd","TA","PConc","Gd","TA","Av","Unf",0,"Unf",0,796,796,"GasA","Ex","Y","SBrkr",796,816,0,1612,0,0,2,1,3,1,"Gd",6,"Typ",0,NA,"Attchd",2008,"Fin",3,666,"TA","TA","Y",0,64,0,0,0,0,NA,NA,NA,0,10,2008,"New","Partial",0,"Test"
"2232",2232,20,"RL",75,12890,"Pave",NA,"IR1","Lvl","AllPub","Inside","Gtl","Timber","Norm","Norm","1Fam","1Story","6","5",1989,1989,"Gable","CompShg","Wd Sdng","Wd Sdng","BrkFace",128,"TA","TA","CBlock","Gd","TA","No","Unf",0,"Unf",0,1495,1495,"GasA","Ex","Y","SBrkr",1495,0,0,1495,0,0,2,0,3,1,"TA",8,"Typ",1,"TA","Attchd",1989,"Unf",2,438,"TA","TA","Y",252,0,192,0,0,0,NA,NA,NA,0,7,2008,"WD","Normal",0,"Test"
"2233",2233,20,"RL",93,18265,"Pave",NA,"Reg","Lvl","AllPub","Corner","Gtl","Timber","Norm","Norm","1Fam","1Story","6","5",1986,1986,"Gable","CompShg","Plywood","HdBoard","BrkFace",228,"Gd","Gd","CBlock","Gd","Gd","Av","GLQ",920,"Rec",60,276,1256,"GasA","Ex","Y","SBrkr",1256,0,0,1256,0,0,2,0,3,1,"Gd",6,"Typ",1,"Fa","Attchd",1986,"Unf",2,578,"TA","TA","Y",282,0,0,0,0,0,NA,NA,NA,0,3,2008,"WD","Normal",0,"Test"
"2234",2234,20,"RL",82,11202,"Pave",NA,"IR1","Lvl","AllPub","Inside","Gtl","Timber","Norm","Norm","1Fam","1Story","8","5",2003,2003,"Hip","CompShg","VinylSd","VinylSd","BrkFace",206,"Gd","TA","PConc","Ex","TA","Av","GLQ",1029,"Unf",0,403,1432,"GasA","Ex","Y","SBrkr",1440,0,0,1440,1,0,2,0,3,1,"Gd",7,"Typ",1,"TA","Attchd",2003,"Fin",2,467,"TA","TA","Y",185,95,0,0,0,0,NA,NA,NA,0,6,2008,"WD","Normal",0,"Test"
"2235",2235,20,"RL",NA,7915,"Pave",NA,"IR1","Lvl","AllPub","Inside","Gtl","Timber","Norm","Norm","1Fam","1Story","6","5",1999,2000,"Hip","CompShg","VinylSd","VinylSd","None",0,"Gd","TA","PConc","Ex","TA","Mn","GLQ",1223,"Unf",0,443,1666,"GasA","Ex","Y","SBrkr",1675,0,0,1675,1,0,2,0,3,1,"Gd",6,"Typ",0,NA,"Attchd",1999,"RFn",2,435,"TA","TA","Y",165,52,0,0,0,0,NA,NA,NA,0,12,2008,"WD","Normal",0,"Test"
"2236",2236,20,"RL",79,11449,"Pave",NA,"IR1","HLS","AllPub","Inside","Gtl","Timber","Norm","Norm","1Fam","1Story","8","5",2007,2007,"Gable","CompShg","VinylSd","VinylSd","None",0,"Gd","TA","PConc","Gd","TA","Av","GLQ",1011,"Unf",0,873,1884,"GasA","Ex","Y","SBrkr",1728,0,0,1728,1,0,2,0,3,1,"Gd",7,"Typ",1,"Gd","Attchd",2007,"Fin",2,520,"TA","TA","Y",0,276,0,0,0,0,NA,NA,NA,0,1,2008,"WD","Normal",0,"Test"
"2237",2237,20,"RL",85,11447,"Pave",NA,"IR1","Lvl","AllPub","Inside","Gtl","Timber","Norm","Norm","1Fam","1Story","8","5",2005,2006,"Gable","CompShg","VinylSd","VinylSd","BrkFace",674,"Gd","TA","PConc","Ex","TA","Av","GLQ",1571,"Unf",0,393,1964,"GasA","Ex","Y","SBrkr",1964,0,0,1964,1,0,2,1,3,1,"Gd",7,"Typ",1,"Gd","Attchd",2005,"Fin",3,892,"TA","TA","Y",0,265,0,0,0,0,NA,NA,NA,0,6,2008,"WD","Normal",0,"Test"
"2238",2238,90,"RM",97,8940,"Pave",NA,"IR1","Lvl","AllPub","Corner","Gtl","Mitchel","Norm","Norm","Duplex","SFoyer","7","5",1997,1998,"Gable","CompShg","VinylSd","VinylSd","BrkFace",200,"TA","Gd","PConc","Gd","Gd","Gd","GLQ",1309,"Unf",0,35,1344,"GasA","Ex","Y","SBrkr",1344,0,0,1344,2,0,2,0,2,2,"TA",8,"Typ",0,NA,"Attchd",1997,"Fin",4,784,"TA","TA","Y",0,0,0,0,0,0,NA,NA,NA,0,11,2008,"WD","Alloca",0,"Test"
"2239",2239,20,"RL",77,9278,"Pave",NA,"Reg","Lvl","AllPub","FR2","Gtl","Mitchel","Feedr","Artery","1Fam","1Story","5","5",2007,2008,"Gable","CompShg","VinylSd","VinylSd","None",0,"TA","TA","PConc","Gd","TA","No","Unf",0,"Unf",0,1092,1092,"GasA","Ex","Y","SBrkr",1092,0,0,1092,0,0,1,0,2,1,"TA",5,"Typ",0,NA,NA,NA,NA,0,0,NA,NA,"Y",0,52,0,0,0,0,NA,NA,NA,0,2,2008,"WD","Abnorml",0,"Test"
"2240",2240,120,"RM",32,4500,"Pave",NA,"Reg","Lvl","AllPub","FR2","Gtl","Mitchel","Norm","Norm","TwnhsE","1Story","6","5",1997,1997,"Hip","CompShg","VinylSd","VinylSd","BrkFace",197,"TA","TA","PConc","Ex","TA","No","GLQ",864,"Unf",0,325,1189,"GasA","Ex","Y","SBrkr",1189,0,0,1189,1,0,2,0,2,1,"TA",4,"Typ",0,NA,"Attchd",1997,"RFn",2,392,"TA","TA","Y",0,122,0,0,0,0,NA,NA,NA,0,4,2008,"WD","Normal",0,"Test"
"2241",2241,85,"RL",150,14137,"Pave",NA,"Reg","Lvl","AllPub","Corner","Gtl","Mitchel","Norm","Norm","1Fam","SFoyer","4","5",1964,1964,"Gable","CompShg","HdBoard","HdBoard","BrkFace",98,"TA","TA","CBlock","Gd","TA","Av","ALQ",865,"LwQ",247,88,1200,"GasA","Gd","Y","SBrkr",1200,0,0,1200,1,0,1,0,3,1,"TA",6,"Typ",0,NA,"2Types",1964,"Fin",3,850,"TA","TA","Y",0,119,0,0,171,0,NA,NA,NA,0,11,2008,"ConLD","Normal",0,"Test"
"2242",2242,120,"RM",NA,4224,"Pave",NA,"Reg","Lvl","AllPub","Inside","Gtl","MeadowV","Norm","Norm","TwnhsE","1Story","5","6",1975,1975,"Gable","CompShg","CemntBd","CmentBd","None",0,"TA","TA","PConc","Gd","TA","No","GLQ",769,"Unf",0,271,1040,"GasA","Gd","Y","SBrkr",1040,0,0,1040,0,0,1,0,3,1,"TA",6,"Typ",0,NA,"Attchd",1975,"Unf",2,499,"TA","TA","Y",0,100,0,0,0,0,NA,NA,NA,0,6,2008,"WD","Normal",0,"Test"
"2243",2243,160,"RM",41,2665,"Pave",NA,"Reg","Lvl","AllPub","Inside","Gtl","MeadowV","Norm","Norm","TwnhsE","2Story","5","7",1976,1976,"Gable","CompShg","CemntBd","CmentBd","None",0,"TA","TA","PConc","Gd","TA","No","ALQ",318,"Unf",0,232,550,"GasA","TA","Y","SBrkr",925,550,0,1475,0,0,2,0,4,1,"TA",6,"Typ",1,"TA","Attchd",1976,"Unf",1,336,"TA","TA","Y",92,26,0,0,0,0,NA,NA,NA,0,5,2008,"WD","Normal",0,"Test"
"2244",2244,180,"RM",21,1974,"Pave",NA,"Reg","Lvl","AllPub","Inside","Gtl","MeadowV","Norm","Norm","Twnhs","SFoyer","4","7",1973,2006,"Gable","CompShg","CemntBd","CmentBd","None",0,"TA","Gd","CBlock","Gd","TA","Av","GLQ",501,"Unf",0,25,526,"GasA","Gd","Y","SBrkr",526,462,0,988,1,0,1,0,2,1,"TA",5,"Typ",0,NA,"BuiltIn",1973,"RFn",1,297,"TA","TA","Y",120,101,0,0,0,0,NA,NA,NA,0,6,2008,"WD","Normal",0,"Test"
"2245",2245,180,"RM",21,1596,"Pave",NA,"Reg","Lvl","AllPub","Inside","Gtl","MeadowV","Norm","Norm","Twnhs","SLvl","4","6",1973,1973,"Gable","CompShg","CemntBd","CmentBd","None",0,"TA","TA","CBlock","Gd","TA","Gd","GLQ",437,"Unf",0,25,462,"GasA","TA","Y","SBrkr",526,462,0,988,1,0,1,0,1,1,"TA",4,"Typ",1,"Po","BuiltIn",1973,"RFn",1,297,"TA","TA","Y",0,101,0,120,0,0,NA,"GdWo",NA,0,7,2008,"WD","Normal",0,"Test"
"2246",2246,20,"RL",NA,17979,"Pave",NA,"IR1","Lvl","AllPub","Corner","Gtl","Mitchel","Norm","Norm","1Fam","1Story","5","6",1968,1968,"Gable","CompShg","Plywood","Plywood","None",0,"TA","Gd","CBlock","TA","TA","No","ALQ",785,"Unf",0,328,1113,"GasA","Ex","Y","SBrkr",1160,0,0,1160,1,0,1,0,3,1,"Gd",6,"Typ",0,NA,"Attchd",1968,"Unf",1,257,"TA","TA","Y",81,0,0,0,0,0,NA,"GdWo","Shed",500,2,2008,"WD","Normal",0,"Test"
"2247",2247,160,"RM",21,1477,"Pave",NA,"Reg","Lvl","AllPub","Inside","Gtl","MeadowV","Norm","Norm","Twnhs","2Story","6","9",1970,2007,"Gable","CompShg","CemntBd","CmentBd","None",0,"TA","Gd","CBlock","TA","TA","No","GLQ",358,"Unf",0,188,546,"GasA","Ex","Y","SBrkr",546,546,0,1092,0,0,2,1,3,1,"TA",6,"Typ",0,NA,NA,NA,NA,0,0,NA,NA,"Y",187,0,0,0,0,0,NA,NA,NA,0,3,2008,"WD","Normal",0,"Test"
"2248",2248,20,"RL",59,6490,"Pave",NA,"Reg","Lvl","AllPub","Inside","Gtl","Mitchel","Norm","Norm","1Fam","1Story","5","7",1983,1983,"Gable","CompShg","VinylSd","VinylSd","None",0,"TA","Gd","CBlock","TA","TA","No","GLQ",534,"Unf",0,282,816,"GasA","Ex","Y","SBrkr",816,0,0,816,0,1,1,0,2,1,"TA",4,"Typ",0,NA,"Attchd",1983,"Unf",1,264,"TA","TA","Y",315,0,0,0,0,0,NA,"GdWo",NA,0,4,2008,"WD","Normal",0,"Test"
"2249",2249,20,"RL",60,6600,"Pave",NA,"Reg","Lvl","AllPub","Inside","Gtl","Mitchel","Norm","Norm","1Fam","1Story","5","6",1982,2005,"Gable","CompShg","HdBoard","Plywood","None",0,"TA","TA","CBlock","TA","TA","No","GLQ",638,"Unf",0,207,845,"GasA","Gd","Y","SBrkr",845,0,0,845,0,0,1,0,3,1,"Gd",6,"Typ",0,NA,"Attchd",1982,"Unf",1,264,"TA","TA","Y",0,0,0,0,0,0,NA,NA,NA,0,7,2008,"WD","Normal",0,"Test"
"2250",2250,20,"RL",74,12395,"Pave",NA,"Reg","Lvl","AllPub","Corner","Gtl","Mitchel","Norm","Norm","1Fam","1Story","5","6",1984,1984,"Gable","CompShg","HdBoard","Plywood","None",0,"TA","TA","CBlock","TA","TA","No","ALQ",647,"Unf",0,217,864,"GasA","TA","Y","SBrkr",889,0,0,889,0,0,1,0,3,1,"TA",6,"Typ",0,NA,"Attchd",1984,"Unf",2,484,"TA","TA","Y",0,0,0,0,0,0,NA,NA,NA,0,4,2008,"WD","Normal",0,"Test"
"2251",2251,70,NA,NA,56600,"Pave",NA,"IR1","Low","AllPub","Inside","Gtl","IDOTRR","Norm","Norm","1Fam","2.5Unf","5","1",1900,1950,"Hip","CompShg","Wd Sdng","Wd Sdng","None",0,"TA","TA","BrkTil","TA","TA","No","Unf",0,"Unf",0,686,686,"GasA","Ex","Y","SBrkr",1150,686,0,1836,0,0,2,0,4,1,"TA",7,"Maj1",0,NA,"Detchd",1900,"Unf",1,288,"TA","Fa","N",0,0,0,0,0,0,NA,NA,NA,0,1,2008,"WD","Normal",0,"Test"
"2252",2252,20,"RL",85,10667,"Pave",NA,"Reg","Lvl","AllPub","Inside","Gtl","NAmes","Norm","Norm","1Fam","1Story","6","6",1971,1971,"Gable","CompShg","MetalSd","MetalSd","BrkFace",302,"TA","TA","CBlock","TA","TA","No","BLQ",838,"Unf",0,749,1587,"GasA","TA","Y","SBrkr",1587,0,0,1587,0,0,2,0,3,1,"TA",7,"Typ",1,"Gd","Attchd",1971,"Unf",2,525,"TA","TA","Y",0,44,0,0,0,0,NA,NA,NA,0,3,2007,"WD","Normal",0,"Test"
"2253",2253,80,"RL",56,8872,"Pave",NA,"IR1","HLS","AllPub","Inside","Gtl","Gilbert","Norm","Norm","1Fam","SLvl","6","5",1997,1997,"Gable","CompShg","VinylSd","VinylSd","None",0,"TA","TA","PConc","Gd","TA","No","Unf",0,"Unf",0,384,384,"GasA","Gd","Y","SBrkr",754,630,0,1384,0,0,2,1,3,1,"TA",7,"Typ",1,"TA","BuiltIn",1997,"Fin",2,390,"TA","TA","Y",0,0,0,0,0,0,NA,NA,NA,0,3,2007,"WD","Normal",0,"Test"
"2254",2254,80,"RL",NA,10147,"Pave",NA,"IR1","Lvl","AllPub","CulDSac","Gtl","Gilbert","Norm","Norm","1Fam","SLvl","6","5",1994,1994,"Gable","CompShg","HdBoard","HdBoard","BrkFace",32,"TA","TA","PConc","Gd","TA","No","LwQ",186,"Unf",0,206,392,"GasA","Gd","Y","SBrkr",924,770,0,1694,0,0,2,1,3,1,"TA",7,"Typ",1,"TA","BuiltIn",1994,"Fin",2,398,"TA","TA","Y",256,64,0,0,0,0,NA,"MnPrv",NA,0,3,2007,"WD","Normal",0,"Test"
"2255",2255,60,"RL",NA,8637,"Pave",NA,"IR1","Lvl","AllPub","Inside","Gtl","Gilbert","Norm","Norm","1Fam","2Story","6","5",1999,2000,"Gable","CompShg","VinylSd","VinylSd","None",0,"TA","TA","PConc","Gd","TA","No","ALQ",871,"Unf",0,52,923,"GasA","Gd","Y","SBrkr",947,767,0,1714,1,0,2,1,3,1,"TA",7,"Typ",1,"TA","Attchd",2000,"Fin",2,451,"TA","TA","Y",256,48,0,0,0,0,NA,NA,NA,0,4,2007,"WD","Abnorml",0,"Test"
"2256",2256,60,"RL",63,7875,"Pave",NA,"Reg","Lvl","AllPub","Inside","Gtl","Gilbert","Norm","Norm","1Fam","2Story","7","5",1996,1996,"Gable","CompShg","HdBoard","HdBoard","None",0,"Gd","TA","PConc","Gd","TA","No","Rec",414,"Unf",0,277,691,"GasA","Gd","Y","SBrkr",691,862,0,1553,0,0,2,1,3,1,"Gd",6,"Typ",0,NA,"Attchd",1996,"Fin",2,420,"TA","TA","Y",0,44,0,0,0,0,NA,NA,NA,0,8,2007,"WD","Normal",0,"Test"
"2257",2257,60,"RL",60,7500,"Pave",NA,"Reg","Lvl","AllPub","Inside","Gtl","Gilbert","Norm","Norm","1Fam","2Story","6","5",1999,2003,"Gable","CompShg","VinylSd","VinylSd","None",0,"TA","TA","PConc","Gd","TA","No","Unf",0,"Unf",0,938,938,"GasA","Ex","Y","SBrkr",957,1342,0,2299,0,0,3,1,5,1,"TA",7,"Typ",1,"TA","Attchd",1999,"Fin",2,482,"TA","TA","Y",188,30,0,0,0,0,NA,NA,NA,0,8,2007,"WD","Normal",0,"Test"
"2258",2258,20,"RL",NA,9556,"Pave",NA,"IR1","Lvl","AllPub","Corner","Gtl","Gilbert","Norm","Norm","1Fam","1Story","7","5",1992,1993,"Gable","CompShg","HdBoard","HdBoard","BrkFace",52,"TA","TA","PConc","Gd","TA","No","Unf",0,"Unf",0,1168,1168,"GasA","Gd","Y","SBrkr",1187,0,0,1187,0,0,2,0,3,1,"Gd",6,"Typ",0,NA,"Attchd",1992,"RFn",2,420,"TA","TA","Y",0,21,0,0,0,0,NA,NA,NA,0,8,2007,"WD","Normal",0,"Test"
"2259",2259,60,"RL",NA,7655,"Pave",NA,"IR1","Lvl","AllPub","CulDSac","Gtl","Gilbert","Norm","Norm","1Fam","2Story","6","5",1993,1994,"Gable","CompShg","HdBoard","HdBoard","None",0,"TA","TA","PConc","Gd","TA","No","Unf",0,"Unf",0,903,903,"GasA","Gd","Y","SBrkr",910,732,0,1642,0,0,2,1,3,1,"TA",7,"Typ",1,"TA","Attchd",1993,"RFn",2,392,"TA","TA","Y",290,84,0,0,0,0,NA,NA,NA,0,7,2007,"WD","Normal",0,"Test"
"2260",2260,20,"RL",160,18160,"Grvl",NA,"Reg","Lvl","AllPub","Inside","Gtl","Gilbert","Norm","Norm","1Fam","1Story","6","6",1964,1964,"Gable","CompShg","HdBoard","HdBoard","BrkCmn",138,"TA","TA","CBlock","TA","TA","Av","BLQ",550,"Unf",0,752,1302,"GasA","Fa","Y","SBrkr",1128,0,0,1128,1,0,1,0,3,1,"TA",6,"Typ",1,"TA","Attchd",1964,"Unf",2,480,"TA","TA","P",0,108,246,0,0,0,NA,"MnPrv",NA,0,3,2007,"WD","Alloca",0,"Test"
"2261",2261,120,"RL",38,4740,"Pave",NA,"IR1","Lvl","AllPub","Inside","Gtl","StoneBr","Norm","Norm","TwnhsE","1Story","8","5",1988,1988,"Gable","CompShg","CemntBd","CmentBd","None",0,"Gd","TA","CBlock","Gd","TA","Gd","GLQ",248,"Unf",0,918,1166,"GasA","Gd","Y","SBrkr",1179,0,0,1179,1,0,2,0,2,1,"TA",5,"Typ",0,NA,"Attchd",1988,"RFn",2,480,"TA","TA","Y",0,108,0,0,135,0,NA,NA,NA,0,10,2007,"WD","Normal",0,"Test"
"2262",2262,120,"RL",35,5118,"Pave",NA,"IR1","HLS","AllPub","Inside","Gtl","StoneBr","Norm","Norm","TwnhsE","1Story","8","5",1990,1990,"Gable","CompShg","CemntBd","CmentBd","None",0,"Gd","TA","PConc","Gd","TA","Gd","GLQ",926,"Unf",0,386,1312,"GasA","Gd","Y","SBrkr",1321,0,0,1321,1,0,1,0,1,1,"Gd",4,"Typ",1,"TA","Attchd",1990,"RFn",2,484,"TA","TA","Y",0,64,140,0,0,0,NA,NA,NA,0,8,2007,"WD","Normal",0,"Test"
"2263",2263,60,"RL",98,12328,"Pave",NA,"IR1","Lvl","AllPub","Inside","Gtl","StoneBr","Norm","Norm","1Fam","2Story","8","5",2005,2005,"Hip","CompShg","VinylSd","VinylSd","Stone",146,"Gd","TA","PConc","Ex","TA","Mn","GLQ",986,"Unf",0,163,1149,"GasA","Ex","Y","SBrkr",1164,1377,0,2541,1,0,3,1,4,1,"Ex",10,"Typ",1,"Gd","BuiltIn",2005,"Fin",3,729,"TA","TA","Y",120,32,0,0,0,0,NA,NA,NA,0,7,2007,"WD","Normal",0,"Test"
"2264",2264,20,"RL",52,51974,"Pave",NA,"IR1","Lvl","AllPub","CulDSac","Gtl","StoneBr","PosN","Norm","1Fam","1Story","9","5",2006,2007,"Hip","CompShg","VinylSd","VinylSd","BrkFace",710,"Ex","TA","PConc","Ex","TA","Av","GLQ",1101,"Unf",0,1559,2660,"GasA","Ex","Y","SBrkr",2338,0,0,2338,1,0,2,1,4,1,"Gd",8,"Typ",2,"Gd","Attchd",2005,"Fin",3,1110,"Gd","TA","Y",0,135,0,0,322,0,NA,NA,NA,0,6,2007,"New","Partial",0,"Test"
"2265",2265,190,"RL",195,41600,"Pave",NA,"IR1","Lvl","AllPub","FR2","Gtl","Gilbert","Norm","Norm","2fmCon","1Story","5","5",1969,1990,"Gable","CompShg","HdBoard","HdBoard","None",0,"TA","TA","CBlock","Gd","TA","Gd","ALQ",1047,"Unf",0,53,1100,"GasW","TA","Y","SBrkr",1424,0,0,1424,1,0,1,1,3,1,"TA",7,"Mod",0,NA,"2Types",1969,"Unf",3,828,"TA","TA","N",144,0,0,0,0,0,NA,NA,NA,0,11,2007,"WD","Normal",0,"Test"
"2266",2266,120,"RL",61,8035,"Pave",NA,"IR1","HLS","AllPub","Inside","Gtl","StoneBr","Norm","Norm","TwnhsE","1Story","9","5",2006,2006,"Gable","CompShg","MetalSd","MetalSd","BrkFace",165,"Gd","TA","PConc","Ex","TA","Gd","GLQ",797,"Unf",0,815,1612,"GasA","Ex","Y","SBrkr",1612,0,0,1612,1,0,2,0,2,1,"Ex",6,"Typ",1,"Gd","Attchd",2006,"Fin",2,556,"TA","TA","Y",0,164,0,0,0,0,NA,NA,NA,0,3,2007,"WD","Normal",0,"Test"
"2267",2267,20,"RL",85,14082,"Pave",NA,"IR1","HLS","AllPub","Inside","Gtl","StoneBr","Norm","Norm","1Fam","1Story","8","5",2006,2006,"Hip","CompShg","VinylSd","VinylSd","BrkFace",945,"Gd","TA","PConc","Ex","Gd","Gd","GLQ",1558,"Unf",0,662,2220,"GasA","Ex","Y","SBrkr",2234,0,0,2234,1,0,1,1,1,1,"Gd",7,"Typ",1,"Gd","Attchd",2006,"RFn",2,724,"TA","TA","Y",390,80,0,0,0,0,NA,NA,NA,0,1,2007,"WD","Normal",0,"Test"
"2268",2268,20,"RL",81,13870,"Pave",NA,"IR1","HLS","AllPub","Inside","Gtl","StoneBr","PosA","PosA","1Fam","1Story","10","5",2006,2007,"Hip","CompShg","CemntBd","CmentBd","BrkFace",250,"Ex","TA","PConc","Ex","TA","Gd","GLQ",1152,"Unf",0,590,1742,"GasA","Ex","Y","SBrkr",2042,0,0,2042,1,0,2,0,3,1,"Ex",8,"Typ",1,"Gd","Attchd",2007,"Fin",3,724,"TA","TA","Y",240,52,0,0,174,0,NA,NA,NA,0,10,2007,"New","Partial",0,"Test"
"2269",2269,20,"RL",NA,10960,"Pave",NA,"IR1","Lvl","AllPub","Inside","Gtl","NWAmes","Norm","Norm","1Fam","1Story","6","5",1984,1984,"Hip","CompShg","HdBoard","HdBoard","None",0,"TA","TA","CBlock","Gd","TA","No","GLQ",256,"Unf",0,1028,1284,"GasA","TA","Y","SBrkr",1284,0,0,1284,1,0,2,0,3,1,"TA",5,"Typ",0,NA,"Attchd",1984,"Unf",2,480,"TA","TA","Y",0,0,192,0,0,0,NA,NA,NA,0,4,2007,"COD","Abnorml",0,"Test"
"2270",2270,60,"RL",78,12090,"Pave",NA,"Reg","Lvl","AllPub","Inside","Gtl","NWAmes","Norm","Norm","1Fam","2Story","7","7",1981,2003,"Gable","CompShg","MetalSd","MetalSd","BrkFace",306,"Gd","TA","CBlock","Gd","TA","No","ALQ",321,"Unf",0,404,725,"GasA","Ex","Y","SBrkr",725,754,0,1479,0,0,2,1,3,1,"Gd",6,"Typ",1,"TA","Attchd",1981,"RFn",2,484,"TA","TA","Y",167,72,0,0,0,0,NA,NA,NA,0,3,2007,"WD","Normal",0,"Test"
"2271",2271,20,"RL",93,12299,"Pave",NA,"Reg","Lvl","AllPub","Inside","Gtl","NWAmes","Norm","Norm","1Fam","1Story","7","6",1978,1985,"Gable","CompShg","Plywood","Plywood","Stone",67,"TA","TA","CBlock","Gd","TA","No","GLQ",1328,"Unf",0,201,1529,"GasA","TA","Y","SBrkr",1664,0,0,1664,1,0,2,0,3,1,"Gd",7,"Typ",1,"TA","Attchd",1978,"Fin",2,663,"TA","TA","Y",0,0,0,0,0,0,NA,NA,NA,0,9,2007,"WD","Normal",0,"Test"
"2272",2272,60,"RL",61,11339,"Pave",NA,"IR1","Lvl","AllPub","Inside","Gtl","NWAmes","PosA","Norm","1Fam","2Story","7","5",1979,1979,"Hip","WdShake","HdBoard","Plywood","BrkFace",549,"TA","TA","CBlock","Gd","TA","No","ALQ",758,"Unf",0,22,780,"GasA","TA","Y","SBrkr",1085,845,0,1930,1,0,2,1,4,1,"Gd",9,"Typ",1,"TA","Attchd",1979,"Fin",2,481,"TA","TA","Y",192,72,0,0,0,0,NA,NA,NA,0,3,2007,"WD","Normal",0,"Test"
"2273",2273,20,"RL",79,11850,"Pave",NA,"Reg","Lvl","AllPub","FR2","Gtl","NWAmes","Norm","Norm","1Fam","1Story","6","6",1984,1984,"Gable","CompShg","Plywood","Plywood","BrkFace",98,"TA","TA","CBlock","Gd","TA","No","ALQ",781,"Unf",0,372,1153,"GasA","TA","Y","SBrkr",1177,0,0,1177,0,0,2,0,3,1,"Gd",6,"Typ",0,NA,"Attchd",1984,"Fin",2,495,"TA","TA","Y",204,103,0,0,0,0,NA,"MnPrv",NA,0,8,2007,"WD","Normal",0,"Test"
"2274",2274,20,"RL",80,10400,"Pave",NA,"Reg","Lvl","AllPub","Inside","Gtl","NWAmes","Norm","Norm","1Fam","1Story","6","5",1979,1999,"Gable","CompShg","MetalSd","MetalSd","BrkFace",253,"TA","TA","CBlock","Gd","TA","No","GLQ",903,"Unf",0,356,1259,"GasA","Ex","Y","SBrkr",1353,0,0,1353,1,0,2,0,2,1,"TA",5,"Typ",1,"TA","Attchd",1979,"RFn",2,478,"TA","TA","Y",240,141,0,0,0,0,NA,NA,NA,0,8,2007,"WD","Normal",0,"Test"
"2275",2275,20,"RL",128,13001,"Pave",NA,"IR1","Lvl","AllPub","Inside","Gtl","NWAmes","PosN","Norm","1Fam","1Story","6","5",1971,1971,"Hip","CompShg","HdBoard","HdBoard","BrkFace",176,"TA","TA","CBlock","TA","TA","Mn","ALQ",492,"BLQ",121,1012,1625,"GasA","TA","Y","SBrkr",1220,0,0,1220,0,1,2,0,2,1,"TA",6,"Typ",1,"TA","Attchd",1971,"Unf",2,944,"TA","TA","Y",0,0,249,0,0,0,NA,NA,NA,0,9,2007,"WD","Normal",0,"Test"
"2276",2276,80,"RL",64,8991,"Pave",NA,"IR1","Lvl","AllPub","CulDSac","Gtl","NWAmes","PosN","Norm","1Fam","SLvl","7","6",1976,1976,"Gable","CompShg","Plywood","Plywood","Stone",130,"TA","TA","CBlock","Gd","TA","Gd","GLQ",624,"Rec",604,0,1228,"GasA","TA","Y","SBrkr",1324,0,0,1324,0,1,2,0,3,1,"Gd",5,"Typ",1,"Fa","Attchd",1976,"Fin",2,585,"TA","TA","Y",407,36,0,0,0,0,NA,NA,NA,0,2,2007,"WD","Normal",0,"Test"
"2277",2277,60,"RL",80,8000,"Pave",NA,"Reg","Lvl","AllPub","Inside","Gtl","NWAmes","PosN","Norm","1Fam","2Story","6","6",1974,1974,"Gable","CompShg","HdBoard","HdBoard","None",0,"TA","TA","CBlock","TA","TA","No","ALQ",931,"LwQ",153,0,1084,"GasA","TA","Y","SBrkr",1084,793,0,1877,1,0,2,1,4,1,"TA",8,"Typ",1,"TA","Attchd",1974,"Unf",2,488,"TA","TA","Y",0,96,0,0,0,0,NA,NA,NA,0,11,2007,"WD","Normal",0,"Test"
"2278",2278,20,"RL",63,9457,"Pave",NA,"Reg","Lvl","AllPub","Inside","Gtl","NAmes","Norm","Norm","1Fam","1Story","5","6",1970,1990,"Gable","CompShg","MetalSd","MetalSd","None",0,"TA","TA","CBlock","TA","TA","No","ALQ",566,"Unf",0,359,925,"GasA","TA","Y","SBrkr",1422,0,0,1422,1,0,1,0,3,1,"TA",7,"Min2",0,NA,"Detchd",1988,"Unf",2,576,"TA","TA","Y",252,0,0,0,0,0,NA,"GdWo",NA,0,9,2007,"WD","Normal",0,"Test"
"2279",2279,20,"RL",66,7920,"Pave",NA,"Reg","Lvl","AllPub","Inside","Gtl","NAmes","Norm","Norm","1Fam","1Story","5","5",1970,2002,"Gable","CompShg","HdBoard","HdBoard","BrkFace",32,"TA","TA","CBlock","TA","TA","No","ALQ",81,"GLQ",619,214,914,"GasA","Ex","Y","SBrkr",914,0,0,914,0,0,1,0,3,1,"Ex",5,"Typ",0,NA,"Attchd",1970,"RFn",1,368,"TA","Gd","Y",120,0,0,0,0,0,NA,NA,NA,0,10,2007,"WD","Normal",0,"Test"
"2280",2280,20,"RL",NA,17199,"Pave",NA,"Reg","Lvl","AllPub","FR2","Gtl","NAmes","Norm","Norm","1Fam","1Story","4","7",1961,1961,"Gable","CompShg","MetalSd","MetalSd","None",0,"TA","Gd","BrkTil","TA","TA","No","ALQ",314,"Unf",0,600,914,"GasA","Ex","Y","SBrkr",914,0,0,914,0,0,1,0,2,1,"TA",4,"Typ",0,NA,"Basment",1961,"Unf",1,270,"Fa","TA","Y",140,0,0,0,0,0,NA,"GdWo",NA,0,7,2007,"WD","Normal",0,"Test"
"2281",2281,120,"RH",33,4113,"Pave",NA,"IR1","Lvl","AllPub","Inside","Gtl","NAmes","Norm","Norm","TwnhsE","1Story","6","5",2001,2001,"Gable","CompShg","MetalSd","MetalSd","None",0,"Gd","TA","PConc","Gd","TA","Mn","Unf",0,"Unf",0,1337,1337,"GasA","Ex","Y","SBrkr",1337,0,0,1337,0,0,2,0,2,1,"Gd",5,"Typ",1,"TA","Attchd",2001,"Fin",2,511,"TA","TA","Y",136,68,0,0,0,0,NA,NA,NA,0,7,2007,"WD","Normal",0,"Test"
"2282",2282,120,"RH",26,10943,"Pave",NA,"IR2","Lvl","AllPub","FR2","Gtl","NAmes","Norm","Norm","TwnhsE","1Story","6","5",1997,1998,"Gable","CompShg","MetalSd","MetalSd","None",0,"Gd","TA","PConc","Gd","TA","No","GLQ",930,"Unf",0,475,1405,"GasA","Ex","Y","SBrkr",1337,0,0,1337,1,0,2,0,2,1,"Gd",5,"Typ",1,"TA","Attchd",1997,"Fin",2,522,"TA","TA","Y",0,68,0,0,0,0,NA,NA,NA,0,10,2007,"WD","Normal",0,"Test"
"2283",2283,160,"RM",21,2205,"Pave",NA,"Reg","Lvl","AllPub","Inside","Gtl","BrDale","Norm","Norm","Twnhs","2Story","6","6",1973,1973,"Gable","CompShg","HdBoard","HdBoard","BrkFace",567,"TA","TA","CBlock","TA","TA","No","ALQ",312,"Unf",0,213,525,"GasA","TA","Y","SBrkr",525,567,0,1092,0,0,1,1,3,1,"TA",6,"Typ",0,NA,"Detchd",1973,"Unf",1,264,"TA","TA","Y",144,0,0,0,0,0,NA,NA,NA,0,2,2007,"WD","Normal",0,"Test"
"2284",2284,160,"RM",21,2058,"Pave",NA,"Reg","Lvl","AllPub","Inside","Gtl","BrDale","Norm","Norm","Twnhs","2Story","6","5",1973,1973,"Gable","CompShg","HdBoard","HdBoard","BrkFace",265,"TA","TA","CBlock","TA","TA","No","Unf",0,"Unf",0,672,672,"GasA","Ex","Y","SBrkr",672,546,0,1218,0,0,1,1,4,1,"Ex",7,"Typ",0,NA,"Detchd",1973,"Unf",1,264,"TA","TA","Y",0,28,0,0,0,0,NA,NA,NA,0,12,2007,"WD","Normal",0,"Test"
"2285",2285,120,"RL",24,2304,"Pave",NA,"Reg","Lvl","AllPub","Inside","Gtl","NPkVill","Norm","Norm","Twnhs","1Story","7","7",1978,1978,"Gable","CompShg","Plywood","Brk Cmn","None",0,"TA","TA","CBlock","Gd","TA","No","GLQ",632,"Unf",6,423,1061,"GasA","TA","Y","SBrkr",1055,0,0,1055,0,0,2,0,2,1,"TA",4,"Typ",0,NA,"Attchd",1978,"Unf",1,319,"TA","TA","Y",108,32,0,0,0,0,NA,NA,NA,0,4,2007,"WD","Normal",0,"Test"
"2286",2286,20,"RL",65,7150,"Pave",NA,"Reg","Lvl","AllPub","Inside","Gtl","NAmes","Norm","Norm","1Fam","1Story","5","6",1966,1966,"Hip","CompShg","HdBoard","HdBoard","BrkFace",52,"TA","TA","CBlock","TA","TA","No","BLQ",725,"Unf",0,263,988,"GasA","TA","Y","SBrkr",988,0,0,988,1,0,1,0,3,1,"TA",5,"Typ",0,NA,"Detchd",1974,"Unf",1,360,"TA","TA","Y",0,0,0,0,0,0,NA,NA,NA,0,11,2007,"WD","Normal",0,"Test"
"2287",2287,20,"RL",96,12469,"Pave",NA,"Reg","Lvl","AllPub","FR2","Gtl","NridgHt","Norm","Norm","1Fam","1Story","9","5",2006,2007,"Hip","CompShg","VinylSd","VinylSd","Stone",378,"Ex","TA","PConc","Ex","TA","Gd","GLQ",1151,"Unf",0,639,1790,"GasA","Ex","Y","SBrkr",1816,0,0,1816,1,0,2,0,3,1,"Ex",7,"Typ",1,"Gd","Attchd",2007,"Fin",3,730,"TA","TA","Y",186,36,0,0,0,0,NA,NA,NA,0,8,2007,"New","Partial",0,"Test"
"2288",2288,20,"RL",91,11825,"Pave",NA,"Reg","Lvl","AllPub","Inside","Gtl","NridgHt","Norm","Norm","1Fam","1Story","8","5",2006,2007,"Gable","CompShg","CemntBd","CmentBd","Stone",302,"Gd","TA","PConc","Ex","TA","Mn","Unf",0,"Unf",0,1694,1694,"GasA","Ex","Y","SBrkr",1694,0,0,1694,0,0,2,0,3,1,"Gd",7,"Typ",1,"Gd","Attchd",2006,"RFn",3,856,"TA","TA","Y",0,112,0,0,0,0,NA,NA,NA,0,6,2007,"New","Partial",0,"Test"
"2289",2289,20,"RL",110,14333,"Pave",NA,"Reg","Lvl","AllPub","Corner","Gtl","NridgHt","Norm","Norm","1Fam","1Story","8","5",2007,2007,"Gable","CompShg","VinylSd","VinylSd","None",0,"Gd","TA","PConc","Gd","TA","Gd","GLQ",1518,"Unf",0,590,2108,"GasA","Ex","Y","SBrkr",2122,0,0,2122,1,0,2,1,2,1,"Gd",7,"Typ",1,"Ex","Attchd",2007,"Fin",3,938,"TA","TA","Y",130,142,0,0,0,0,NA,NA,NA,0,11,2007,"New","Partial",0,"Test"
"2290",2290,60,"RL",107,13641,"Pave",NA,"Reg","Lvl","AllPub","Inside","Gtl","NridgHt","Norm","Norm","1Fam","2Story","9","5",2007,2007,"Hip","CompShg","CemntBd","CmentBd","BrkFace",456,"Ex","TA","PConc","Ex","TA","Gd","GLQ",1304,"Unf",0,630,1934,"GasA","Ex","Y","SBrkr",1943,713,0,2656,1,0,2,1,3,1,"Ex",8,"Typ",1,"Gd","Attchd",2007,"RFn",3,1040,"TA","TA","Y",268,58,0,0,0,0,NA,NA,NA,0,12,2007,"New","Partial",0,"Test"
"2291",2291,60,"RL",110,13440,"Pave",NA,"Reg","Lvl","AllPub","Inside","Gtl","NridgHt","Norm","Norm","1Fam","2Story","8","5",2006,2007,"Hip","CompShg","VinylSd","VinylSd","BrkFace",190,"Gd","TA","PConc","Ex","TA","No","Unf",0,"Unf",0,1108,1108,"GasA","Ex","Y","SBrkr",1148,1402,0,2550,0,0,2,1,4,1,"Ex",11,"Typ",1,"Gd","BuiltIn",2006,"Fin",3,670,"TA","TA","Y",120,39,0,0,0,0,NA,NA,NA,0,3,2007,"New","Partial",0,"Test"
"2292",2292,20,"RL",105,15431,"Pave",NA,"Reg","Lvl","AllPub","Inside","Gtl","NridgHt","Norm","Norm","1Fam","1Story","10","5",2005,2006,"Hip","CompShg","VinylSd","VinylSd","BrkFace",400,"Ex","TA","PConc","Ex","TA","Gd","GLQ",1430,"Unf",0,564,1994,"GasA","Ex","Y","SBrkr",2046,0,0,2046,1,0,2,1,2,1,"Ex",7,"Typ",2,"Gd","Attchd",2005,"Fin",3,878,"TA","TA","Y",188,65,0,0,175,0,NA,NA,NA,0,8,2007,"WD","Normal",0,"Test"
"2293",2293,20,"RL",107,13891,"Pave",NA,"Reg","Lvl","AllPub","Inside","Gtl","NridgHt","Norm","Norm","1Fam","1Story","9","5",2007,2007,"Hip","CompShg","VinylSd","VinylSd","Stone",456,"Ex","TA","PConc","Ex","TA","Gd","GLQ",1812,"Unf",0,740,2552,"GasA","Ex","Y","SBrkr",2552,0,0,2552,1,0,2,0,3,1,"Ex",8,"Typ",2,"Ex","Attchd",2007,"Fin",3,932,"TA","TA","Y",130,28,0,0,0,0,NA,NA,NA,0,10,2007,"New","Partial",0,"Test"
"2294",2294,60,"RL",118,13654,"Pave",NA,"IR1","Lvl","AllPub","CulDSac","Gtl","NridgHt","Norm","Norm","1Fam","2Story","9","5",2005,2006,"Gable","CompShg","MetalSd","MetalSd","BrkFace",365,"Gd","TA","PConc","Ex","TA","Gd","Unf",0,"Unf",0,1704,1704,"GasA","Ex","Y","SBrkr",1722,1036,0,2758,0,0,2,1,4,1,"Ex",9,"Typ",1,"Ex","BuiltIn",2005,"Fin",3,814,"TA","TA","Y",282,55,0,0,0,0,NA,NA,NA,0,5,2007,"WD","Normal",0,"Test"
"2295",2295,20,"RL",59,17169,"Pave",NA,"IR2","Lvl","AllPub","CulDSac","Gtl","NridgHt","Norm","Norm","1Fam","1Story","10","5",2007,2007,"Hip","CompShg","CemntBd","CmentBd","BrkFace",970,"Ex","TA","PConc","Ex","TA","Av","GLQ",1684,"Unf",0,636,2320,"GasA","Ex","Y","SBrkr",2290,0,0,2290,2,0,2,1,2,1,"Ex",7,"Typ",1,"Gd","Attchd",2007,"Fin",3,1174,"TA","TA","Y",192,30,0,0,0,0,NA,NA,NA,0,8,2007,"New","Partial",0,"Test"
"2296",2296,60,"RL",134,16659,"Pave",NA,"IR1","Lvl","AllPub","Corner","Gtl","NridgHt","Norm","Norm","1Fam","2Story","8","5",2007,2008,"Gable","CompShg","VinylSd","VinylSd","None",0,"Gd","TA","PConc","Gd","TA","No","Unf",0,"Unf",0,1582,1582,"GasA","Ex","Y","SBrkr",1582,570,0,2152,0,0,2,1,3,1,"Gd",7,"Typ",1,"Gd","Detchd",2007,"Unf",2,728,"TA","TA","Y",0,368,0,0,0,0,NA,NA,NA,0,6,2007,"New","Partial",0,"Test"
"2297",2297,60,"RL",82,9709,"Pave",NA,"IR1","Lvl","AllPub","Inside","Gtl","NridgHt","Norm","Norm","1Fam","2Story","8","5",2007,2007,"Gable","CompShg","VinylSd","VinylSd","Stone",120,"Ex","TA","PConc","Ex","TA","Gd","GLQ",778,"Unf",0,140,918,"GasA","Ex","Y","SBrkr",958,1142,0,2100,1,0,2,1,3,1,"Ex",8,"Typ",2,"Gd","BuiltIn",2007,"Fin",3,786,"TA","TA","Y",172,104,0,0,0,0,NA,NA,NA,0,9,2007,"New","Partial",0,"Test"
"2298",2298,20,"RL",94,13615,"Pave",NA,"IR1","HLS","AllPub","Corner","Mod","NridgHt","Norm","Norm","1Fam","1Story","9","5",2006,2006,"Hip","CompShg","MetalSd","MetalSd","Stone",510,"Ex","TA","PConc","Ex","TA","Gd","Unf",0,"Unf",0,1802,1802,"GasA","Ex","Y","SBrkr",1802,0,0,1802,0,0,2,1,3,1,"Ex",7,"Typ",1,"Gd","Attchd",2006,"Fin",3,843,"TA","TA","Y",158,105,0,0,0,0,NA,NA,NA,0,6,2007,"WD","Normal",0,"Test"
"2299",2299,60,"RL",99,13069,"Pave",NA,"IR1","Lvl","AllPub","Inside","Gtl","NridgHt","Norm","Norm","1Fam","2Story","8","5",2004,2004,"Gable","CompShg","VinylSd","VinylSd","BrkFace",502,"Gd","TA","PConc","Gd","TA","Av","Unf",0,"Unf",0,1706,1706,"GasA","Ex","Y","SBrkr",1718,1238,0,2956,0,0,2,1,5,1,"Ex",11,"Typ",1,"Ex","BuiltIn",2004,"RFn",3,916,"TA","TA","Y",194,50,0,0,0,0,NA,NA,NA,0,8,2007,"WD","Normal",0,"Test"
"2300",2300,60,"RL",110,14277,"Pave",NA,"Reg","Lvl","AllPub","Inside","Gtl","NridgHt","Norm","Norm","1Fam","2Story","8","5",2003,2003,"Gable","CompShg","VinylSd","VinylSd","BrkFace",280,"Gd","TA","PConc","Ex","TA","Mn","GLQ",938,"Unf",0,379,1317,"GasA","Ex","Y","SBrkr",1217,1168,0,2385,1,0,2,1,3,1,"Gd",7,"Typ",1,"Gd","Attchd",2003,"Fin",3,818,"TA","TA","Y",192,228,0,0,0,0,NA,NA,NA,0,1,2007,"WD","Normal",0,"Test"
"2301",2301,60,"RL",NA,12568,"Pave",NA,"Reg","Lvl","AllPub","Inside","Gtl","NridgHt","Norm","Norm","1Fam","2Story","8","5",2007,2007,"Hip","CompShg","VinylSd","VinylSd","Stone",246,"Gd","TA","PConc","Ex","TA","Av","GLQ",669,"Unf",0,226,895,"GasA","Ex","Y","SBrkr",895,923,0,1818,1,0,2,1,3,1,"Ex",8,"Typ",1,"Gd","Attchd",2007,"Fin",3,774,"TA","TA","Y",196,104,0,0,0,0,NA,NA,NA,0,8,2007,"New","Partial",0,"Test"
"2302",2302,20,"RL",70,9926,"Pave",NA,"IR1","Lvl","AllPub","Inside","Gtl","NridgHt","Norm","Norm","1Fam","1Story","7","5",2005,2006,"Gable","CompShg","VinylSd","VinylSd","BrkFace",210,"Gd","TA","PConc","Gd","TA","Mn","GLQ",1178,"Unf",0,436,1614,"GasA","Ex","Y","SBrkr",1614,0,0,1614,1,0,2,0,3,1,"Gd",7,"Typ",0,NA,"Attchd",2005,"RFn",3,878,"TA","TA","Y",100,38,0,0,0,0,NA,NA,NA,0,5,2007,"WD","Normal",0,"Test"
"2303",2303,20,"RL",71,9254,"Pave",NA,"IR1","Lvl","AllPub","Inside","Gtl","NridgHt","Norm","Norm","1Fam","1Story","8","5",2005,2005,"Gable","CompShg","VinylSd","VinylSd","BrkFace",210,"Gd","TA","PConc","Gd","TA","No","GLQ",119,"Unf",0,1602,1721,"GasA","Ex","Y","SBrkr",1721,0,0,1721,1,0,2,0,3,1,"Gd",7,"Typ",0,NA,"Attchd",2005,"RFn",2,554,"TA","TA","Y",168,27,0,0,0,0,NA,NA,NA,0,1,2007,"WD","Normal",0,"Test"
"2304",2304,60,"RL",92,10732,"Pave",NA,"IR1","Lvl","AllPub","Corner","Gtl","NridgHt","Norm","Norm","1Fam","2Story","8","5",2006,2007,"Gable","CompShg","VinylSd","VinylSd","None",0,"Gd","TA","PConc","Gd","TA","No","Unf",0,"Unf",0,1298,1298,"GasA","Ex","Y","SBrkr",1298,530,0,1828,0,0,2,1,3,1,"Gd",7,"Typ",0,NA,"BuiltIn",2006,"RFn",3,876,"TA","TA","Y",0,40,0,0,0,0,NA,NA,NA,0,2,2007,"New","Partial",0,"Test"
"2305",2305,120,"RL",34,3901,"Pave",NA,"Reg","Lvl","AllPub","Inside","Gtl","NridgHt","Norm","Norm","Twnhs","1Story","6","5",2005,2006,"Gable","CompShg","VinylSd","VinylSd","Stone",182,"Gd","TA","PConc","Gd","TA","Av","ALQ",866,"Unf",0,436,1302,"GasA","Ex","Y","SBrkr",1302,0,0,1302,1,0,1,1,1,1,"Gd",5,"Typ",1,"Gd","Attchd",2005,"RFn",2,631,"TA","TA","Y",110,50,0,0,0,0,NA,NA,NA,0,8,2007,"New","Partial",0,"Test"
"2306",2306,120,"RL",34,3903,"Pave",NA,"Reg","Lvl","AllPub","Inside","Gtl","NridgHt","Norm","Norm","Twnhs","1Story","6","5",2005,2006,"Gable","CompShg","VinylSd","VinylSd","Stone",182,"Gd","TA","PConc","Gd","TA","Av","ALQ",1030,"Unf",0,272,1302,"GasA","Ex","Y","SBrkr",1302,0,0,1302,1,0,1,1,1,1,"Gd",5,"Typ",1,"Gd","Attchd",2005,"RFn",2,631,"TA","TA","Y",110,50,0,0,0,0,NA,NA,NA,0,5,2007,"WD","Normal",0,"Test"
"2307",2307,120,"RL",41,6289,"Pave",NA,"IR1","Lvl","AllPub","Inside","Gtl","NridgHt","Norm","Norm","TwnhsE","1Story","6","5",2005,2006,"Gable","CompShg","VinylSd","VinylSd","Stone",256,"Gd","TA","PConc","Gd","TA","Av","ALQ",762,"Unf",0,600,1362,"GasA","Ex","Y","SBrkr",1362,0,0,1362,1,0,2,0,2,1,"Gd",6,"Typ",1,"Gd","Attchd",2005,"RFn",2,460,"TA","TA","Y",192,28,0,0,0,0,NA,NA,NA,0,6,2007,"WD","Normal",0,"Test"
"2308",2308,120,"RL",34,4590,"Pave",NA,"Reg","Lvl","AllPub","Inside","Gtl","NridgHt","Norm","Norm","Twnhs","1Story","8","5",2006,2006,"Gable","CompShg","VinylSd","VinylSd","Stone",108,"Gd","TA","PConc","Gd","Gd","Mn","GLQ",24,"Unf",0,1530,1554,"GasA","Ex","Y","SBrkr",1554,0,0,1554,0,0,2,0,2,1,"Gd",6,"Typ",1,"Gd","Attchd",2006,"RFn",2,627,"TA","TA","Y",156,73,0,0,0,0,NA,NA,NA,0,5,2007,"CWD","Normal",0,"Test"
"2309",2309,120,"RL",48,7841,"Pave",NA,"IR1","Lvl","AllPub","Inside","Gtl","NridgHt","Norm","Norm","TwnhsE","1Story","9","5",2005,2005,"Hip","CompShg","MetalSd","MetalSd","BrkFace",394,"Ex","TA","PConc","Ex","TA","No","GLQ",848,"Unf",0,729,1577,"GasA","Ex","Y","SBrkr",1577,0,0,1577,1,0,2,0,2,1,"Ex",6,"Typ",1,"Gd","Attchd",2005,"RFn",2,564,"TA","TA","Y",203,39,0,0,0,0,NA,NA,NA,0,5,2007,"WD","Normal",0,"Test"
"2310",2310,120,"RL",48,6240,"Pave",NA,"Reg","Lvl","AllPub","Inside","Gtl","NridgHt","Norm","Norm","TwnhsE","1Story","8","5",2006,2006,"Hip","CompShg","MetalSd","MetalSd","BrkFace",176,"Gd","TA","PConc","Gd","TA","No","GLQ",24,"Unf",0,1300,1324,"GasA","Ex","Y","SBrkr",1324,0,0,1324,0,0,2,0,2,1,"Gd",6,"Typ",1,"Gd","Attchd",2006,"Fin",2,550,"TA","TA","Y",0,38,0,0,0,0,NA,NA,NA,0,9,2007,"New","Partial",0,"Test"
"2311",2311,120,"RL",48,3242,"Pave",NA,"Reg","Lvl","AllPub","Inside","Gtl","NridgHt","Norm","Norm","TwnhsE","1Story","7","5",2003,2003,"Gable","CompShg","VinylSd","Wd Shng","Stone",235,"Gd","TA","PConc","Gd","TA","No","GLQ",1000,"Unf",0,405,1405,"GasA","Ex","Y","SBrkr",1405,0,0,1405,1,0,2,0,2,1,"Gd",6,"Typ",1,"Gd","Attchd",2003,"RFn",2,478,"TA","TA","Y",136,36,0,0,0,0,NA,NA,NA,0,3,2007,"WD","Normal",0,"Test"
"2312",2312,60,"RL",59,15810,"Pave",NA,"IR1","Lvl","AllPub","Inside","Gtl","Gilbert","RRAn","Norm","1Fam","2Story","6","5",2007,2007,"Gable","CompShg","VinylSd","VinylSd",NA,NA,"Gd","TA","CBlock","Gd","TA","No","Unf",0,"Unf",0,768,768,"GasA","Ex","Y","SBrkr",768,728,0,1496,0,0,3,0,3,1,"Gd",7,"Typ",0,NA,"Attchd",2007,"Unf",2,572,"TA","TA","Y",100,0,0,0,0,0,NA,NA,NA,0,5,2007,"New","Partial",0,"Test"
"2313",2313,60,"RL",65,10237,"Pave",NA,"Reg","Lvl","AllPub","Inside","Gtl","Gilbert","RRAn","Norm","1Fam","2Story","6","5",2005,2006,"Gable","CompShg","VinylSd","VinylSd","None",0,"Gd","TA","PConc","Gd","TA","No","Unf",0,"Unf",0,768,768,"GasA","Ex","Y","SBrkr",768,768,0,1536,0,0,2,1,3,1,"Gd",6,"Typ",1,"Gd","Attchd",2005,"Fin",2,400,"TA","TA","Y",100,38,0,0,0,0,NA,NA,NA,0,6,2007,"WD","Normal",0,"Test"
"2314",2314,60,"RL",58,13204,"Pave",NA,"IR1","Lvl","AllPub","Inside","Gtl","Gilbert","RRAn","Norm","1Fam","2Story","7","5",2006,2007,"Gable","CompShg","VinylSd","VinylSd","Stone",44,"TA","TA","PConc","Gd","TA","No","Unf",0,"Unf",0,608,608,"GasA","Ex","Y","SBrkr",608,850,0,1458,0,0,2,0,3,1,"Gd",6,"Typ",0,NA,"BuiltIn",2007,"Fin",2,454,"TA","TA","Y",100,33,0,0,0,0,NA,NA,NA,0,5,2007,"New","Partial",0,"Test"
"2315",2315,60,"RL",62,8857,"Pave",NA,"IR1","Lvl","AllPub","Inside","Gtl","Gilbert","Norm","Norm","1Fam","2Story","6","5",2006,2006,"Gable","CompShg","VinylSd","VinylSd","None",0,"Gd","TA","PConc","Gd","TA","No","Unf",0,"Unf",0,738,738,"GasA","Ex","Y","SBrkr",738,757,0,1495,0,0,2,1,3,1,"Gd",7,"Typ",1,"Gd","Attchd",2006,"RFn",2,440,"TA","TA","Y",100,30,0,0,0,0,NA,NA,NA,0,3,2007,"New","Partial",0,"Test"
"2316",2316,60,"RL",63,9729,"Pave",NA,"IR1","Lvl","AllPub","Inside","Gtl","Gilbert","Norm","Norm","1Fam","2Story","6","5",2006,2007,"Gable","CompShg","VinylSd","VinylSd","None",0,"Gd","TA","PConc","Gd","TA","No","Unf",0,"Unf",0,698,698,"GasA","Ex","Y","SBrkr",698,1048,0,1746,1,0,2,1,3,1,"Gd",6,"Typ",1,"Gd","BuiltIn",2007,"Unf",3,350,"TA","TA","Y",0,34,0,0,0,0,NA,NA,NA,0,6,2007,"New","Partial",0,"Test"
"2317",2317,20,"RL",88,12216,"Pave",NA,"IR1","Lvl","AllPub","Corner","Gtl","Gilbert","Norm","Norm","1Fam","1Story","6","5",2005,2005,"Gable","CompShg","VinylSd","VinylSd","None",0,"TA","TA","PConc","Gd","TA","Av","GLQ",918,"Unf",0,408,1326,"GasA","Ex","Y","SBrkr",1326,0,0,1326,1,0,2,0,3,1,"Gd",6,"Typ",0,NA,"Attchd",2005,"Fin",2,388,"TA","TA","Y",120,23,0,0,0,0,NA,NA,"Shed",2000,6,2007,"WD","Normal",0,"Test"
"2318",2318,60,"RL",72,8229,"Pave",NA,"IR1","Lvl","AllPub","Inside","Gtl","Gilbert","Norm","Norm","1Fam","2Story","6","5",2007,2007,"Gable","CompShg","VinylSd","VinylSd","Stone",22,"Gd","TA","PConc","Gd","TA","Av","Unf",0,"Unf",0,752,752,"GasA","Ex","Y","SBrkr",752,752,0,1504,0,0,2,1,3,1,"Gd",6,"Typ",0,NA,"Attchd",2007,"Fin",2,440,"TA","TA","Y",100,32,0,0,0,0,NA,NA,NA,0,12,2007,"New","Partial",0,"Test"
"2319",2319,60,"RL",64,7713,"Pave",NA,"Reg","Lvl","AllPub","Inside","Gtl","Gilbert","Norm","Norm","1Fam","2Story","7","5",2007,2007,"Gable","CompShg","VinylSd","VinylSd","Stone",16,"Gd","TA","PConc","Gd","TA","No","Unf",0,"Unf",0,728,728,"GasA","Ex","Y","SBrkr",728,728,0,1456,0,0,2,1,3,1,"Gd",7,"Typ",0,NA,"Attchd",2007,"Fin",2,400,"TA","TA","Y",100,24,0,0,0,0,NA,NA,NA,0,7,2007,"New","Partial",0,"Test"
"2320",2320,20,"RL",64,7697,"Pave",NA,"Reg","Lvl","AllPub","Inside","Gtl","Gilbert","Norm","Norm","1Fam","1Story","7","6",2007,2007,"Gable","CompShg","VinylSd","VinylSd","BrkFace",0,"Gd","TA","PConc","Gd","TA","No","Unf",0,"Unf",0,1246,1246,"GasA","Ex","Y","SBrkr",1258,0,0,1258,0,0,2,0,3,1,"Gd",6,"Typ",0,NA,"Attchd",2007,"RFn",2,462,"TA","TA","Y",0,0,0,0,0,0,NA,NA,NA,0,8,2007,"New","Partial",0,"Test"
"2321",2321,120,"RL",NA,3621,"Pave",NA,"Reg","Lvl","AllPub","Inside","Gtl","Blmngtn","Norm","Norm","TwnhsE","1Story","8","5",2003,2003,"Hip","CompShg","VinylSd","VinylSd","BrkFace",72,"Gd","TA","PConc","Gd","TA","Gd","GLQ",1084,"Unf",0,322,1406,"GasA","Ex","Y","SBrkr",1589,0,0,1589,1,0,2,0,2,1,"Gd",7,"Typ",1,"TA","Attchd",2003,"Fin",3,630,"TA","TA","Y",143,20,0,0,0,0,NA,NA,NA,0,11,2007,"WD","Normal",0,"Test"
"2322",2322,20,"RL",53,3710,"Pave",NA,"Reg","Lvl","AllPub","Inside","Gtl","Blmngtn","Norm","Norm","1Fam","1Story","7","5",2007,2007,"Gable","CompShg","VinylSd","VinylSd","BrkFace",16,"Gd","TA","PConc","Gd","TA","Av","Unf",0,"Unf",0,1266,1266,"GasA","Ex","Y","SBrkr",1266,0,0,1266,0,0,2,0,2,1,"Gd",6,"Typ",1,"Gd","Attchd",2007,"Fin",2,388,"TA","TA","Y",100,16,0,0,0,0,NA,NA,NA,0,8,2007,"New","Partial",0,"Test"
"2323",2323,80,"RL",65,16219,"Pave",NA,"IR2","Lvl","AllPub","Inside","Gtl","Gilbert","Norm","Norm","1Fam","SLvl","7","5",2004,2005,"Gable","CompShg","VinylSd","VinylSd","None",0,"Gd","TA","PConc","Gd","TA","Gd","GLQ",779,"Unf",0,56,835,"GasA","Ex","Y","SBrkr",1119,0,0,1119,1,0,2,0,2,1,"Gd",5,"Typ",0,NA,"Attchd",2004,"Fin",2,437,"TA","TA","Y",100,24,0,0,0,0,NA,NA,NA,0,4,2007,"WD","Normal",0,"Test"
"2324",2324,80,"RL",87,11084,"Pave",NA,"IR1","Lvl","AllPub","Corner","Gtl","Gilbert","Norm","Norm","1Fam","SLvl","7","5",2004,2004,"Gable","CompShg","VinylSd","VinylSd","None",0,"Gd","TA","PConc","Gd","TA","No","GLQ",192,"Unf",0,192,384,"GasA","Ex","Y","SBrkr",744,630,0,1374,1,0,2,1,3,1,"Gd",8,"Typ",1,"Gd","BuiltIn",2004,"Fin",2,400,"TA","TA","Y",100,0,0,0,0,0,NA,NA,NA,0,6,2007,"WD","Family",0,"Test"
"2325",2325,20,"RL",59,10936,"Pave",NA,"IR1","Lvl","AllPub","Inside","Gtl","Gilbert","Norm","Norm","1Fam","1Story","7","5",2006,2006,"Gable","CompShg","VinylSd","VinylSd","None",0,"Gd","TA","PConc","Gd","TA","Av","Unf",0,"Unf",0,1510,1510,"GasA","Ex","Y","SBrkr",1525,0,0,1525,0,0,2,1,3,1,"Gd",6,"Typ",1,"Gd","Attchd",2006,"RFn",2,534,"TA","TA","Y",100,18,0,0,0,0,NA,NA,NA,0,4,2007,"New","Partial",0,"Test"
"2326",2326,80,"RL",NA,11950,"Pave",NA,"IR1","Lvl","AllPub","Corner","Gtl","Gilbert","Norm","Norm","1Fam","SLvl","7","5",2003,2003,"Gable","CompShg","VinylSd","VinylSd",NA,NA,"Gd","TA","PConc","Gd","TA","No","Unf",0,"Unf",0,384,384,"GasA","Ex","Y","SBrkr",754,640,0,1394,0,0,2,1,3,1,"Gd",7,"Typ",1,"TA","BuiltIn",2003,"Fin",2,400,"TA","TA","Y",100,0,0,0,0,0,NA,NA,NA,0,10,2007,"WD","Normal",0,"Test"
"2327",2327,60,"RL",63,7875,"Pave",NA,"Reg","Lvl","AllPub","Inside","Gtl","Gilbert","Norm","Norm","1Fam","2Story","7","5",2003,2003,"Gable","CompShg","VinylSd","VinylSd","BrkFace",16,"Gd","TA","PConc","Gd","TA","No","Unf",0,"Unf",0,847,847,"GasA","Ex","Y","SBrkr",847,1101,0,1948,0,0,2,1,4,1,"Gd",8,"Typ",1,"Gd","BuiltIn",2003,"Fin",2,434,"TA","TA","Y",0,48,0,0,0,0,NA,NA,NA,0,7,2007,"WD","Normal",0,"Test"
"2328",2328,60,"RL",NA,8740,"Pave",NA,"IR1","Lvl","AllPub","Inside","Gtl","Gilbert","Norm","Norm","1Fam","2Story","7","5",2002,2002,"Gable","CompShg","VinylSd","VinylSd","None",0,"Gd","TA","PConc","Gd","TA","No","GLQ",574,"Unf",0,280,854,"GasA","Ex","Y","SBrkr",864,1131,0,1995,0,0,2,1,4,1,"Gd",8,"Typ",1,"Gd","BuiltIn",2002,"Fin",2,435,"TA","TA","Y",264,48,0,0,0,0,NA,NA,NA,0,7,2007,"WD","Normal",0,"Test"
"2329",2329,60,"RL",58,9487,"Pave",NA,"IR1","Lvl","AllPub","Inside","Gtl","Gilbert","Norm","Norm","1Fam","2Story","6","5",2000,2000,"Gable","CompShg","VinylSd","VinylSd","None",0,"TA","TA","PConc","Gd","TA","No","GLQ",520,"Unf",0,395,915,"GasA","Ex","Y","SBrkr",940,750,0,1690,1,0,2,1,3,1,"TA",7,"Typ",1,"TA","Attchd",2000,"RFn",2,442,"TA","TA","Y",0,50,0,0,0,0,NA,NA,NA,0,6,2007,"WD","Normal",0,"Test"
"2330",2330,60,"RL",59,9649,"Pave",NA,"IR1","Lvl","AllPub","Inside","Gtl","Gilbert","Norm","Norm","1Fam","2Story","6","5",1999,2000,"Gable","CompShg","VinylSd","VinylSd","None",0,"TA","TA","PConc","Gd","TA","No","Unf",0,"Unf",0,941,941,"GasA","Ex","Y","SBrkr",961,683,0,1644,0,0,2,1,3,1,"TA",7,"Typ",1,"TA","Attchd",1999,"RFn",2,460,"TA","TA","Y",460,42,0,0,0,0,NA,NA,NA,0,5,2007,"WD","Normal",0,"Test"
"2331",2331,60,"RL",100,12191,"Pave",NA,"IR1","Lvl","AllPub","Inside","Gtl","NoRidge","Norm","Norm","1Fam","2Story","8","5",1997,1998,"Hip","CompShg","VinylSd","VinylSd","BrkFace",515,"Gd","TA","PConc","Gd","TA","Av","GLQ",1181,"Unf",0,598,1779,"GasA","Ex","Y","SBrkr",1779,772,0,2551,1,0,2,1,4,1,"Gd",8,"Typ",2,"TA","Attchd",1998,"Fin",3,925,"TA","TA","Y",76,61,0,0,0,0,NA,NA,NA,0,6,2007,"WD","Normal",0,"Test"
"2332",2332,60,"RL",89,10557,"Pave",NA,"IR1","Lvl","AllPub","Inside","Gtl","NoRidge","Norm","Norm","1Fam","2Story","9","5",1998,1998,"Gable","CompShg","MetalSd","MetalSd","BrkFace",422,"Gd","TA","PConc","Ex","TA","Gd","GLQ",672,"Unf",0,736,1408,"GasA","Ex","Y","SBrkr",1671,1407,0,3078,1,0,2,1,4,1,"Gd",9,"Typ",1,"TA","Attchd",1998,"Fin",3,806,"TA","TA","Y",108,87,0,0,0,0,NA,NA,NA,0,7,2007,"WD","Normal",0,"Test"
"2333",2333,60,"RL",74,11002,"Pave",NA,"IR1","Lvl","AllPub","Inside","Gtl","NoRidge","Norm","Norm","1Fam","2Story","8","5",1998,1999,"Gable","CompShg","VinylSd","VinylSd","None",0,"Gd","TA","PConc","Gd","TA","No","GLQ",1048,"Unf",0,341,1389,"GasA","Ex","Y","SBrkr",1411,1171,0,2582,1,0,2,1,4,1,"Gd",9,"Typ",1,"TA","Attchd",1998,"Fin",3,758,"TA","TA","Y",286,60,0,0,0,0,NA,NA,NA,0,1,2007,"WD","Normal",0,"Test"
"2334",2334,60,"RL",83,10790,"Pave",NA,"Reg","Lvl","AllPub","Inside","Gtl","NoRidge","Norm","Norm","1Fam","2Story","7","5",1998,1998,"Gable","CompShg","VinylSd","VinylSd","BrkFace",275,"Gd","TA","PConc","Gd","TA","No","Unf",0,"Unf",0,1066,1066,"GasA","Ex","Y","SBrkr",1108,1277,0,2385,0,0,2,1,4,1,"Gd",8,"Typ",1,"TA","BuiltIn",1998,"Fin",3,600,"TA","TA","Y",120,38,0,0,0,0,NA,NA,NA,0,5,2007,"WD","Normal",0,"Test"
"2335",2335,60,"RL",88,11762,"Pave",NA,"Reg","Lvl","AllPub","Inside","Gtl","NoRidge","Norm","Norm","1Fam","2Story","8","5",1992,1993,"Gable","CompShg","VinylSd","VinylSd","BrkFace",309,"Gd","TA","PConc","Ex","TA","No","GLQ",335,"Unf",0,770,1105,"GasA","Ex","Y","SBrkr",1105,1097,0,2202,1,0,2,1,4,1,"Gd",9,"Typ",1,"TA","Attchd",1992,"RFn",2,517,"TA","TA","Y",0,65,0,0,144,0,NA,NA,NA,0,9,2007,"WD","Normal",0,"Test"
"2336",2336,60,"RL",82,9044,"Pave",NA,"IR1","Lvl","AllPub","Inside","Gtl","NoRidge","Norm","Norm","1Fam","2Story","8","5",1996,1997,"Gable","CompShg","VinylSd","VinylSd","BrkFace",526,"Gd","Gd","PConc","Gd","TA","No","GLQ",1225,"Unf",0,100,1325,"GasA","Ex","Y","SBrkr",1335,1203,0,2538,0,0,2,1,4,1,"Gd",8,"Typ",1,"TA","Attchd",1996,"RFn",3,933,"TA","TA","Y",198,92,0,0,0,0,NA,NA,NA,0,5,2007,"WD","Normal",0,"Test"
"2337",2337,20,"RL",75,9910,"Pave",NA,"Reg","Lvl","AllPub","Inside","Gtl","Somerst","Feedr","Norm","1Fam","1Story","7","6",2007,2007,"Gable","CompShg","VinylSd","VinylSd","None",0,"Gd","TA","PConc","Gd","TA","No","Unf",0,"Unf",0,1369,1369,"GasA","Ex","Y","SBrkr",1369,0,0,1369,0,0,2,0,3,1,"Gd",5,"Typ",0,NA,"Attchd",2007,"Unf",2,605,"TA","TA","Y",0,203,0,0,0,0,NA,NA,NA,0,9,2007,"New","Partial",0,"Test"
"2338",2338,20,"RL",91,11830,"Pave",NA,"Reg","Lvl","AllPub","Inside","Gtl","Somerst","Feedr","Norm","1Fam","1Story","8","5",2007,2007,"Gable","CompShg","VinylSd","VinylSd","BrkFace",164,"Gd","TA","PConc","Gd","TA","No","GLQ",1220,"Unf",0,322,1542,"GasA","Ex","Y","SBrkr",1542,0,0,1542,1,0,2,0,3,1,"Gd",6,"Typ",1,"Gd","Attchd",2007,"Unf",3,852,"TA","TA","Y",168,110,0,0,0,0,NA,NA,NA,0,7,2007,"New","Partial",0,"Test"
"2339",2339,20,"RL",76,10612,"Pave",NA,"Reg","Lvl","AllPub","Inside","Gtl","Somerst","Norm","Norm","1Fam","1Story","8","5",2006,2006,"Gable","CompShg","VinylSd","VinylSd","BrkFace",248,"Gd","TA","PConc","Gd","TA","Mn","GLQ",28,"Unf",0,1496,1524,"GasA","Gd","Y","SBrkr",1534,0,0,1534,0,0,2,0,3,1,"Gd",7,"Typ",1,"Gd","Attchd",2006,"Fin",2,484,"TA","TA","Y",168,46,0,0,0,0,NA,NA,NA,0,1,2007,"WD","Family",0,"Test"
"2340",2340,20,"RL",98,12291,"Pave",NA,"IR1","Lvl","AllPub","Inside","Gtl","Somerst","Norm","Norm","1Fam","1Story","10","5",2007,2007,"Hip","CompShg","CemntBd","CmentBd","BrkFace",754,"Ex","TA","PConc","Ex","TA","Av","GLQ",1572,"Unf",0,394,1966,"GasA","Ex","Y","SBrkr",1966,0,0,1966,1,0,2,0,1,1,"Ex",6,"Typ",1,"Gd","Attchd",2007,"Fin",3,1092,"TA","TA","Y",76,52,0,0,0,0,NA,NA,NA,0,10,2007,"New","Partial",0,"Test"
"2341",2341,20,"RL",85,9965,"Pave",NA,"Reg","Lvl","AllPub","FR2","Gtl","Somerst","Feedr","Norm","1Fam","1Story","7","5",2007,2007,"Gable","CompShg","VinylSd","VinylSd",NA,NA,"Gd","TA","PConc","Gd","TA","No","Unf",0,"Unf",0,1528,1528,"GasA","Ex","Y","SBrkr",1528,0,0,1528,0,0,3,2,3,1,"Gd",6,"Typ",1,"TA","Attchd",2007,"Unf",2,480,"TA","TA","Y",0,228,0,0,0,0,NA,NA,NA,0,9,2007,"New","Partial",0,"Test"
"2342",2342,20,"RL",74,8847,"Pave",NA,"Reg","Lvl","AllPub","Inside","Gtl","Somerst","Norm","Norm","1Fam","1Story","8","5",2005,2005,"Gable","CompShg","VinylSd","VinylSd","BrkFace",148,"Gd","TA","PConc","Gd","TA","Av","GLQ",769,"Unf",0,769,1538,"GasA","Ex","Y","SBrkr",1538,0,0,1538,1,0,2,0,3,1,"Gd",7,"Typ",0,NA,"Attchd",2005,"RFn",2,484,"TA","TA","Y",146,40,0,0,0,0,NA,NA,NA,0,12,2007,"WD","Normal",0,"Test"
"2343",2343,20,"RL",70,8251,"Pave",NA,"Reg","Lvl","AllPub","Inside","Gtl","Somerst","Norm","Norm","1Fam","1Story","7","5",2005,2006,"Gable","CompShg","VinylSd","VinylSd","BrkFace",143,"Gd","TA","PConc","Gd","Gd","Av","GLQ",778,"Unf",0,716,1494,"GasA","Ex","Y","SBrkr",1506,0,0,1506,1,0,2,0,3,1,"Gd",7,"Typ",1,"Gd","Attchd",2005,"RFn",2,672,"TA","TA","Y",192,35,0,0,0,0,NA,NA,NA,0,4,2007,"WD","Normal",0,"Test"
"2344",2344,60,"RL",70,9605,"Pave",NA,"Reg","Lvl","AllPub","Inside","Gtl","Somerst","Norm","Norm","1Fam","2Story","7","5",2006,2006,"Gable","CompShg","VinylSd","VinylSd","None",0,"Gd","TA","PConc","Gd","TA","No","Unf",0,"Unf",0,982,982,"GasA","Ex","Y","SBrkr",982,995,0,1977,0,0,2,1,3,1,"Gd",7,"Typ",0,NA,"Attchd",2006,"RFn",3,574,"TA","TA","Y",240,53,0,0,0,0,NA,NA,NA,0,7,2007,"WD","Family",0,"Test"
"2345",2345,60,"RL",75,8778,"Pave",NA,"Reg","Lvl","AllPub","Inside","Gtl","Somerst","Norm","Norm","1Fam","2Story","8","5",2006,2006,"Gable","CompShg","VinylSd","VinylSd","None",0,"Gd","TA","PConc","Gd","TA","No","Unf",0,"Unf",0,1302,1302,"GasA","Ex","Y","SBrkr",1302,528,0,1830,0,0,2,1,3,1,"Gd",7,"Typ",0,NA,"BuiltIn",2006,"RFn",3,859,"TA","TA","Y",0,40,0,0,0,0,NA,NA,NA,0,3,2007,"WD","Normal",0,"Test"
"2346",2346,20,"FV",72,8640,"Pave",NA,"Reg","Lvl","AllPub","Inside","Gtl","Somerst","Norm","Norm","1Fam","1Story","8","5",2007,2007,"Gable","CompShg","VinylSd","VinylSd","None",0,"Gd","TA","PConc","Gd","TA","No","GLQ",24,"Unf",0,1314,1338,"GasA","Ex","Y","SBrkr",1338,0,0,1338,0,0,2,0,3,1,"Gd",6,"Typ",0,NA,"Attchd",2007,"RFn",2,598,"TA","TA","Y",0,141,0,0,0,0,NA,NA,NA,0,11,2007,"New","Partial",0,"Test"
"2347",2347,20,"FV",75,9000,"Pave",NA,"Reg","Lvl","AllPub","Inside","Gtl","Somerst","Norm","Norm","1Fam","1Story","7","5",2006,2007,"Gable","CompShg","VinylSd","VinylSd","None",0,"Gd","TA","PConc","Gd","TA","No","Unf",0,"Unf",0,1335,1335,"GasA","Ex","Y","SBrkr",1335,0,0,1335,0,0,2,0,3,1,"Gd",6,"Typ",0,NA,"Attchd",2007,"RFn",2,575,"TA","TA","Y",0,210,0,0,0,0,NA,NA,NA,0,6,2007,"New","Partial",0,"Test"
"2348",2348,60,"FV",72,8640,"Pave",NA,"Reg","Lvl","AllPub","Inside","Gtl","Somerst","Norm","Norm","1Fam","2Story","8","5",2007,2007,"Gable","CompShg","VinylSd","VinylSd","None",0,"Gd","TA","PConc","Gd","TA","Av","GLQ",350,"Unf",0,546,896,"GasA","Ex","Y","SBrkr",896,896,0,1792,0,0,2,1,3,1,"Gd",8,"Typ",0,NA,"Attchd",2007,"Fin",2,590,"TA","TA","Y",184,96,0,0,0,0,NA,NA,NA,0,11,2007,"New","Partial",0,"Test"
"2349",2349,60,"FV",81,10411,"Pave",NA,"Reg","Lvl","AllPub","Corner","Gtl","Somerst","Norm","Norm","1Fam","2Story","5","5",2007,2007,"Gable","CompShg","VinylSd","VinylSd","None",0,"Gd","TA","CBlock","Gd","TA",NA,"Unf",0,"Unf",0,725,725,"GasA","Ex","Y","SBrkr",725,863,0,1588,0,0,3,0,3,1,"Gd",8,"Typ",0,NA,"Attchd",2007,"Unf",2,561,"TA","TA","Y",0,0,0,0,0,0,NA,NA,NA,0,7,2007,"New","Partial",0,"Test"
"2350",2350,60,"FV",112,12217,"Pave",NA,"IR1","Lvl","AllPub","Inside","Gtl","Somerst","Norm","Norm","1Fam","2Story","8","5",2007,2007,"Hip","CompShg","WdShing","Wd Shng",NA,NA,"Gd","TA","PConc","Ex","TA","Av","GLQ",745,"Unf",0,210,955,"GasA","Ex","Y","SBrkr",955,925,0,1880,1,0,2,1,3,1,"Ex",8,"Typ",1,"Gd","Attchd",2007,"Fin",3,880,"TA","TA","Y",168,127,0,0,0,0,NA,NA,NA,0,12,2007,"New","Partial",0,"Test"
"2351",2351,20,"FV",84,10440,"Pave",NA,"Reg","Lvl","AllPub","Corner","Gtl","Somerst","Norm","Norm","1Fam","1Story","8","5",2007,2007,"Gable","CompShg","CemntBd","CmentBd","None",0,"Ex","TA","PConc","Gd","TA","Mn","Unf",0,"Unf",0,1574,1574,"GasA","Ex","Y","SBrkr",1584,0,0,1584,0,0,2,0,2,1,"Ex",6,"Typ",1,"Gd","Attchd",2007,"Fin",2,594,"TA","TA","Y",0,256,0,0,0,0,NA,NA,NA,0,5,2007,"New","Partial",0,"Test"
"2352",2352,20,"FV",100,11824,"Pave",NA,"IR1","Lvl","AllPub","Corner","Gtl","Somerst","Norm","Norm","1Fam","1Story","8","5",2006,2006,"Gable","CompShg","VinylSd","VinylSd","BrkFace",298,"Gd","TA","PConc","Gd","TA","Av","Unf",0,"Unf",0,1685,1685,"GasA","Ex","Y","SBrkr",1685,0,0,1685,0,0,2,0,2,1,"Gd",5,"Typ",1,"Gd","Attchd",2006,"Fin",3,658,"TA","TA","Y",112,63,0,0,0,0,NA,NA,NA,0,4,2007,"WD","Normal",0,"Test"
"2353",2353,60,"FV",85,10625,"Pave",NA,"Reg","Lvl","AllPub","Inside","Gtl","Somerst","Norm","Norm","1Fam","2Story","6","5",2004,2004,"Gable","CompShg","VinylSd","VinylSd","BrkFace",353,"Gd","TA","PConc","Gd","TA","Av","Unf",0,"Unf",0,1158,1158,"GasA","Ex","Y","SBrkr",1158,1285,0,2443,0,0,2,1,4,1,"Gd",9,"Min2",1,"Gd","BuiltIn",2004,"RFn",3,744,"TA","TA","Y",193,127,0,0,0,0,NA,NA,NA,0,6,2007,"WD","Normal",0,"Test"
"2354",2354,20,"RL",63,7500,"Pave",NA,"Reg","Lvl","AllPub","Inside","Gtl","SawyerW","Norm","Norm","1Fam","1Story","6","5",2006,2007,"Gable","CompShg","VinylSd","VinylSd","None",0,"TA","TA","PConc","Gd","TA","No","Unf",0,"Unf",0,1100,1100,"GasA","Ex","Y","SBrkr",1100,0,0,1100,0,0,1,1,3,1,"TA",6,"Typ",0,NA,NA,NA,NA,0,0,NA,NA,"Y",0,136,0,0,0,0,NA,NA,NA,0,6,2007,"New","Partial",0,"Test"
"2355",2355,20,"RL",63,7500,"Pave",NA,"Reg","Lvl","AllPub","Inside","Gtl","SawyerW","Norm","Norm","1Fam","1Story","7","5",2006,2006,"Gable","CompShg","VinylSd","VinylSd","None",0,"Gd","TA","PConc","Gd","Gd","No","Unf",0,"Unf",0,1143,1143,"GasA","Ex","Y","SBrkr",1143,0,0,1143,0,0,1,1,3,1,"Gd",5,"Typ",0,NA,NA,NA,NA,0,0,NA,NA,"Y",0,55,0,0,0,0,NA,NA,NA,0,10,2007,"WD","Normal",0,"Test"
"2356",2356,20,"RL",60,12450,"Pave",NA,"Reg","Lvl","AllPub","Inside","Gtl","SawyerW","RRAe","Norm","1Fam","1Story","5","5",2003,2004,"Gable","CompShg","VinylSd","VinylSd","BrkFace",126,"Gd","TA","PConc","Gd","TA","No","GLQ",729,"Unf",0,365,1094,"GasA","Ex","Y","SBrkr",1094,0,0,1094,1,0,1,0,3,1,"Gd",6,"Typ",0,NA,"Detchd",2004,"Unf",2,576,"TA","TA","Y",0,0,0,0,0,0,NA,NA,NA,0,5,2007,"WD","Normal",0,"Test"
"2357",2357,20,"RL",65,7441,"Pave",NA,"IR1","Lvl","AllPub","Inside","Gtl","SawyerW","Norm","Norm","1Fam","1Story","7","5",2006,2006,"Gable","CompShg","VinylSd","VinylSd","BrkFace",170,"Gd","TA","PConc","Gd","TA","No","Unf",0,"Unf",0,1461,1461,"GasA","Ex","Y","SBrkr",1486,0,0,1486,0,0,2,0,3,1,"Gd",7,"Typ",0,NA,"Attchd",2006,"RFn",2,566,"TA","TA","Y",0,32,0,0,0,0,NA,NA,NA,0,6,2007,"WD","Normal",0,"Test"
"2358",2358,60,"RL",NA,11613,"Pave",NA,"IR2","Lvl","AllPub","Corner","Gtl","SawyerW","Norm","Norm","1Fam","2Story","6","5",1993,1997,"Gable","CompShg","VinylSd","VinylSd","None",0,"Gd","TA","PConc","Gd","TA","No","ALQ",480,"Unf",0,384,864,"GasA","Ex","Y","SBrkr",920,900,0,1820,0,0,2,1,3,1,"Gd",7,"Typ",0,NA,"Attchd",1993,"RFn",2,492,"TA","TA","Y",144,85,0,0,0,0,NA,"GdPrv",NA,0,5,2007,"WD","Normal",0,"Test"
"2359",2359,160,"RL",50,8012,"Pave",NA,"Reg","Lvl","AllPub","Inside","Gtl","SawyerW","Norm","Norm","TwnhsE","2Story","6","5",1980,1980,"Gable","CompShg","Plywood","Plywood","None",0,"TA","TA","CBlock","TA","TA","No","Unf",0,"Unf",0,630,630,"GasA","Ex","Y","SBrkr",630,636,0,1266,0,0,1,1,2,1,"TA",5,"Typ",2,"TA","Attchd",1980,"RFn",1,283,"TA","TA","Y",340,0,0,0,0,0,NA,"MnPrv",NA,0,7,2007,"WD","Normal",0,"Test"
"2360",2360,20,"RL",64,6285,"Pave",NA,"Reg","Lvl","AllPub","Inside","Gtl","Sawyer","Norm","Norm","1Fam","1Story","5","5",1977,1977,"Gable","CompShg","Plywood","Plywood","None",0,"TA","TA","CBlock","Gd","TA","No","LwQ",138,"Rec",351,405,894,"GasA","TA","Y","SBrkr",894,0,0,894,1,0,1,0,2,1,"TA",5,"Typ",0,NA,"Detchd",1979,"Unf",1,308,"TA","TA","Y",192,0,0,0,0,0,NA,NA,NA,0,3,2007,"WD","Normal",0,"Test"
"2361",2361,20,"RL",84,7476,"Pave",NA,"Reg","Lvl","AllPub","Corner","Gtl","Sawyer","Norm","Norm","1Fam","1Story","5","7",1968,1968,"Gable","CompShg","HdBoard","HdBoard","None",0,"TA","TA","CBlock","TA","TA","No","Rec",812,"Unf",0,228,1040,"GasA","TA","Y","SBrkr",1040,0,0,1040,1,0,1,1,3,1,"TA",5,"Typ",0,NA,"Detchd",1991,"Fin",2,686,"TA","TA","Y",188,0,0,0,0,0,NA,NA,NA,0,6,2007,"WD","Normal",0,"Test"
"2362",2362,60,"RL",NA,19522,"Pave",NA,"IR1","Bnk","AllPub","Inside","Gtl","Veenker","Norm","Norm","1Fam","2Story","7","5",1990,1990,"Gable","CompShg","HdBoard","HdBoard","BrkFace",272,"Gd","TA","PConc","Gd","TA","No","GLQ",727,"Unf",0,496,1223,"GasA","Gd","Y","SBrkr",1271,1232,0,2503,1,0,2,1,3,1,"Gd",7,"Typ",1,"TA","Attchd",1990,"RFn",2,564,"TA","TA","Y",0,99,0,0,182,0,NA,NA,NA,0,2,2007,"WD","Normal",0,"Test"
"2363",2363,20,"RL",44,10751,"Pave",NA,"IR1","Lvl","AllPub","CulDSac","Gtl","Sawyer","RRAe","Norm","1Fam","1Story","5","5",1974,1974,"Gable","CompShg","Plywood","Plywood","BrkFace",44,"TA","TA","CBlock","Fa","TA","Gd","ALQ",787,"Unf",0,250,1037,"GasA","TA","Y","SBrkr",1037,0,0,1037,1,0,1,0,2,1,"TA",5,"Typ",0,NA,"Attchd",1974,"RFn",2,431,"TA","TA","Y",136,47,0,0,0,0,NA,NA,NA,0,8,2007,"WD","Normal",0,"Test"
"2364",2364,20,"RL",43,12712,"Pave",NA,"IR1","Lvl","AllPub","CulDSac","Gtl","Sawyer","RRAe","Norm","1Fam","1Story","6","7",1973,2006,"Gable","CompShg","CemntBd","CmentBd","None",0,"TA","TA","CBlock","Gd","TA","Mn","ALQ",968,"Unf",0,76,1044,"GasA","TA","Y","SBrkr",1055,0,0,1055,1,0,1,0,2,1,"Gd",5,"Typ",1,"TA","Attchd",1973,"RFn",2,542,"TA","TA","Y",455,0,0,0,0,0,NA,NA,NA,0,1,2007,"WD","Abnorml",0,"Test"
"2365",2365,120,"FV",45,4379,"Pave",NA,"IR1","Lvl","AllPub","FR2","Gtl","Somerst","Norm","Norm","TwnhsE","1Story","8","5",2004,2004,"Gable","CompShg","MetalSd","MetalSd","None",0,"Gd","TA","PConc","Gd","TA","Av","GLQ",851,"Unf",0,527,1378,"GasA","Ex","Y","SBrkr",1378,0,0,1378,1,0,2,0,2,1,"Gd",6,"Typ",1,"Gd","Attchd",2004,"Fin",2,540,"TA","TA","Y",160,56,0,0,0,0,NA,NA,NA,0,7,2007,"WD","Normal",0,"Test"
"2366",2366,120,"FV",80,3523,"Pave","Pave","IR1","Lvl","AllPub","Inside","Gtl","Somerst","Norm","Norm","TwnhsE","1Story","8","5",2006,2007,"Gable","CompShg","VinylSd","VinylSd","Stone",30,"Gd","TA","PConc","Gd","TA","No","GLQ",60,"Unf",0,1081,1141,"GasA","Ex","Y","SBrkr",1151,0,0,1151,1,0,2,0,2,1,"Gd",5,"Typ",0,NA,"Attchd",2006,"Fin",2,484,"TA","TA","Y",0,60,0,0,0,0,NA,NA,NA,0,2,2007,"New","Partial",0,"Test"
"2367",2367,120,"FV",32,3784,"Pave","Pave","IR1","Lvl","AllPub","Inside","Gtl","Somerst","Norm","Norm","TwnhsE","1Story","8","5",2006,2007,"Gable","CompShg","VinylSd","VinylSd","Stone",36,"Gd","TA","PConc","Gd","TA","No","GLQ",60,"Unf",0,1451,1511,"GasA","Ex","Y","SBrkr",1565,0,0,1565,1,0,2,0,2,1,"Gd",5,"Typ",0,NA,"Attchd",2006,"Fin",2,476,"TA","TA","Y",0,120,0,0,0,0,NA,NA,NA,0,2,2007,"New","Partial",0,"Test"
"2368",2368,120,"FV",40,3606,"Pave","Pave","Reg","Lvl","AllPub","Inside","Gtl","Somerst","Norm","Norm","TwnhsE","1Story","7","5",2006,2007,"Gable","CompShg","VinylSd","VinylSd","None",0,"Gd","TA","PConc","Ex","Gd","No","GLQ",937,"Unf",0,415,1352,"GasA","Ex","Y","SBrkr",1352,0,0,1352,1,0,2,0,2,1,"Gd",5,"Typ",1,"Gd","Attchd",2006,"RFn",2,466,"TA","TA","Y",0,241,0,0,0,0,NA,NA,NA,0,8,2007,"New","Partial",0,"Test"
"2369",2369,120,"FV",30,5330,"Pave","Pave","IR2","Lvl","AllPub","Inside","Gtl","Somerst","Norm","Norm","TwnhsE","1Story","8","5",2006,2007,"Gable","CompShg","VinylSd","VinylSd",NA,NA,"Gd","TA","PConc","Gd","TA","No","Unf",0,"Unf",0,1550,1550,"GasA","Ex","Y","SBrkr",1550,0,0,1550,0,0,2,1,2,1,"Gd",5,"Typ",0,NA,"Attchd",2007,"Fin",2,528,"TA","TA","Y",0,102,0,0,0,0,NA,NA,NA,0,7,2007,"New","Partial",0,"Test"
"2370",2370,160,"FV",24,2280,"Pave","Pave","Reg","Lvl","AllPub","Inside","Gtl","Somerst","Norm","Norm","Twnhs","2Story","6","5",1999,1999,"Gable","CompShg","MetalSd","MetalSd","BrkFace",342,"TA","TA","PConc","Gd","TA","No","GLQ",565,"Unf",0,179,744,"GasA","Gd","Y","SBrkr",757,744,0,1501,1,0,2,1,3,1,"TA",6,"Typ",1,"TA","Detchd",1999,"Unf",2,440,"TA","TA","Y",0,0,0,0,0,0,NA,NA,NA,0,9,2007,"WD","Normal",0,"Test"
"2371",2371,160,"FV",24,2117,"Pave",NA,"Reg","Lvl","AllPub","Inside","Gtl","Somerst","Norm","Norm","Twnhs","2Story","6","5",2000,2000,"Gable","CompShg","MetalSd","MetalSd","BrkFace",216,"Gd","TA","PConc","Gd","TA","No","GLQ",417,"Unf",0,339,756,"GasA","Ex","Y","SBrkr",769,804,0,1573,0,0,2,1,3,1,"Gd",4,"Typ",0,NA,"Detchd",2000,"Unf",2,440,"TA","TA","Y",0,32,0,0,0,0,NA,NA,NA,0,9,2007,"WD","Normal",0,"Test"
"2372",2372,20,"FV",73,7321,"Pave","Pave","IR1","Lvl","AllPub","Inside","Gtl","Somerst","Norm","Norm","1Fam","1Story","7","5",1999,2000,"Gable","CompShg","CemntBd","CmentBd","None",0,"Gd","TA","PConc","Gd","TA","No","Unf",0,"Unf",0,1339,1339,"GasA","Ex","Y","SBrkr",1358,0,0,1358,0,0,2,0,3,1,"Gd",5,"Typ",0,NA,"Detchd",1999,"Unf",2,625,"TA","TA","Y",176,174,0,0,0,0,NA,NA,NA,0,12,2007,"COD","Normal",0,"Test"
"2373",2373,60,"FV",NA,8010,"Pave","Pave","IR1","Lvl","AllPub","Inside","Gtl","Somerst","Norm","Norm","1Fam","2Story","8","5",2003,2004,"Hip","CompShg","CemntBd","CmentBd","None",0,"Gd","TA","PConc","Ex","TA","No","GLQ",964,"Unf",0,90,1054,"GasA","Ex","Y","SBrkr",1072,976,0,2048,1,0,2,1,3,1,"Gd",8,"Typ",2,"Gd","Detchd",2003,"Unf",2,552,"TA","TA","Y",0,48,0,0,180,0,NA,NA,NA,0,8,2007,"WD","Normal",0,"Test"
"2374",2374,60,"FV",106,8413,"Pave",NA,"IR1","Lvl","AllPub","Inside","Gtl","Somerst","Norm","Norm","1Fam","2Story","8","5",1998,1998,"Gable","CompShg","VinylSd","VinylSd","None",0,"Gd","Gd","PConc","Ex","TA","Mn","GLQ",901,"Unf",0,319,1220,"GasA","Ex","Y","SBrkr",1220,1142,0,2362,1,0,2,1,3,1,"Gd",8,"Typ",2,"TA","Attchd",1998,"RFn",2,1105,"Gd","TA","Y",147,0,36,0,144,0,NA,NA,NA,0,6,2007,"WD","Normal",0,"Test"
"2375",2375,120,"RL",50,9466,"Pave",NA,"IR2","Lvl","AllPub","FR2","Gtl","Veenker","Norm","Norm","TwnhsE","1Story","8","5",1994,1995,"Gable","CompShg","BrkFace","BrkFace","None",0,"Gd","TA","PConc","Gd","TA","Gd","LwQ",457,"ALQ",1037,0,1494,"GasA","Ex","Y","SBrkr",1494,0,0,1494,1,0,1,1,1,1,"Gd",5,"Typ",1,"Gd","Attchd",1994,"Fin",2,478,"TA","TA","Y",0,30,0,0,217,0,NA,NA,NA,0,5,2007,"WD","Normal",0,"Test"
"2376",2376,20,"RL",80,12000,"Pave",NA,"Reg","Lvl","AllPub","Inside","Gtl","Veenker","Norm","Norm","1Fam","1Story","7","6",1980,1980,"Hip","CompShg","VinylSd","MetalSd","BrkFace",600,"Gd","TA","CBlock","Gd","TA","No","GLQ",1732,"Unf",0,270,2002,"GasA","Ex","Y","SBrkr",2362,0,0,2362,1,0,2,1,3,1,"Gd",8,"Typ",1,"TA","Attchd",1980,"RFn",2,546,"Gd","TA","Y",180,16,0,0,0,0,NA,NA,NA,0,3,2007,"WD","Normal",0,"Test"
"2377",2377,20,"RL",94,17778,"Pave",NA,"IR1","Lvl","AllPub","Inside","Gtl","Veenker","Norm","Norm","1Fam","1Story","8","5",1981,1981,"Hip","CompShg","BrkFace","BrkFace","None",0,"Gd","TA","CBlock","Gd","TA","Gd","ALQ",1632,"Rec",829,0,2461,"GasA","Gd","Y","SBrkr",2497,0,0,2497,1,0,2,0,2,1,"Gd",7,"Typ",2,"Gd","Attchd",1981,"RFn",2,676,"TA","TA","Y",266,0,0,0,0,0,NA,NA,NA,0,3,2007,"WD","Normal",0,"Test"
"2378",2378,20,"RL",78,11700,"Pave",NA,"Reg","Lvl","AllPub","Inside","Gtl","NWAmes","RRAn","Norm","1Fam","1Story","6","6",1968,1968,"Gable","CompShg","MetalSd","MetalSd","BrkFace",41,"TA","TA","CBlock","TA","TA","No","Unf",0,"Unf",0,912,912,"GasA","Ex","Y","SBrkr",1152,0,0,1152,1,0,1,1,3,1,"TA",7,"Typ",0,NA,"Attchd",1968,"RFn",2,412,"TA","TA","Y",0,126,0,0,0,0,NA,NA,NA,0,9,2007,"CWD","Normal",0,"Test"
"2379",2379,60,"RL",80,8000,"Pave",NA,"Reg","Lvl","AllPub","Inside","Gtl","NWAmes","PosA","Norm","1Fam","2Story","6","6",1970,1970,"Gable","CompShg","VinylSd","VinylSd","BrkFace",525,"TA","TA","CBlock","TA","TA","No","Rec",915,"Unf",0,93,1008,"GasA","TA","Y","SBrkr",1403,1008,0,2411,1,0,2,1,4,1,"TA",8,"Typ",1,"Po","Attchd",1970,"RFn",2,570,"TA","TA","Y",0,192,0,0,0,0,NA,NA,NA,0,6,2007,"WD","Normal",0,"Test"
"2380",2380,85,"RL",NA,8723,"Pave",NA,"IR1","Lvl","AllPub","Inside","Gtl","NWAmes","PosN","Norm","1Fam","SFoyer","6","6",1969,1969,"Gable","CompShg","HdBoard","HdBoard","None",0,"TA","TA","PConc","Gd","TA","Av","BLQ",973,"Unf",0,0,973,"GasA","Ex","Y","SBrkr",1082,0,0,1082,1,0,1,0,3,1,"TA",6,"Typ",0,NA,"Attchd",1969,"Unf",2,480,"TA","TA","Y",160,0,0,0,0,0,NA,NA,NA,0,1,2007,"WD","Normal",0,"Test"
"2381",2381,20,"RL",130,11700,"Pave",NA,"Reg","Lvl","AllPub","Corner","Gtl","NWAmes","Norm","Norm","1Fam","1Story","6","5",1968,1968,"Gable","CompShg","HdBoard","HdBoard","BrkFace",196,"TA","TA","PConc","Gd","TA","No","ALQ",910,"Unf",0,385,1295,"GasA","Fa","Y","SBrkr",1295,0,0,1295,1,0,1,1,3,1,"TA",6,"Typ",0,NA,"Attchd",1968,"Fin",2,528,"TA","TA","Y",0,194,0,0,200,0,NA,NA,NA,0,4,2007,"WD","Normal",0,"Test"
"2382",2382,20,"RL",108,11358,"Pave",NA,"IR1","Lvl","AllPub","Corner","Gtl","NWAmes","Norm","Norm","1Fam","1Story","7","7",1972,1987,"Hip","CompShg","Wd Sdng","Wd Sdng","None",0,"TA","TA","CBlock","TA","TA","No","BLQ",346,"Unf",0,778,1124,"GasA","TA","Y","SBrkr",1610,0,0,1610,0,0,2,0,3,1,"Gd",8,"Typ",1,"TA","Attchd",1972,"RFn",2,515,"TA","TA","Y",202,0,0,0,256,0,NA,NA,NA,0,5,2007,"WD","Normal",0,"Test"
"2383",2383,20,"RL",80,9547,"Pave",NA,"Reg","Lvl","AllPub","Inside","Gtl","NWAmes","Norm","Norm","1Fam","1Story","7","6",1993,1993,"Gable","CompShg","VinylSd","VinylSd","BrkFace",112,"TA","TA","PConc","Gd","TA","No","Unf",0,"Unf",0,1594,1594,"GasA","Ex","Y","SBrkr",1594,0,0,1594,0,0,2,0,2,1,"Gd",6,"Typ",1,"TA","Attchd",1993,"RFn",2,472,"TA","TA","Y",190,80,0,0,0,0,NA,NA,NA,0,7,2007,"WD","Normal",0,"Test"
"2384",2384,60,"RL",78,10530,"Pave",NA,"Reg","Lvl","AllPub","Inside","Gtl","NWAmes","Norm","Norm","1Fam","2Story","7","6",1993,1993,"Gable","CompShg","MetalSd","MetalSd","BrkFace",194,"Gd","TA","PConc","Gd","TA","No","GLQ",819,"Unf",0,329,1148,"GasA","Ex","Y","SBrkr",1091,984,0,2075,1,0,2,1,3,1,"Gd",8,"Typ",1,"Gd","Attchd",1993,"Unf",2,473,"TA","TA","Y",235,86,0,0,0,0,NA,NA,NA,0,8,2007,"WD","Normal",0,"Test"
"2385",2385,20,"RL",88,10738,"Pave",NA,"IR1","Lvl","AllPub","Corner","Gtl","NWAmes","Norm","Norm","1Fam","1Story","6","7",1966,1966,"Hip","CompShg","HdBoard","HdBoard","None",0,"TA","TA","CBlock","TA","TA","No","ALQ",792,"Unf",0,301,1093,"GasA","Gd","Y","SBrkr",1093,0,0,1093,1,0,2,0,3,1,"TA",6,"Typ",1,"Fa","Attchd",1966,"RFn",2,484,"TA","TA","Y",224,0,0,0,0,0,NA,"MnPrv","Shed",400,11,2007,"WD","Normal",0,"Test"
"2386",2386,20,"RL",80,10800,"Pave",NA,"Reg","Lvl","AllPub","Inside","Gtl","NWAmes","Norm","Norm","1Fam","1Story","6","5",1963,1963,"Gable","CompShg","HdBoard","HdBoard","BrkFace",203,"TA","TA","CBlock","TA","TA","No","BLQ",617,"Rec",264,171,1052,"GasA","TA","Y","SBrkr",1052,0,0,1052,1,0,1,0,3,1,"TA",6,"Typ",0,NA,"Attchd",1963,"Fin",1,311,"TA","TA","Y",0,133,0,0,0,0,NA,NA,NA,0,2,2007,"COD","Normal",0,"Test"
"2387",2387,20,"RL",70,8050,"Pave",NA,"Reg","Lvl","AllPub","Inside","Gtl","NAmes","Norm","Norm","1Fam","1Story","5","6",1967,1993,"Gable","CompShg","MetalSd","MetalSd","None",0,"TA","TA","CBlock","TA","TA","No","ALQ",474,"BLQ",38,437,949,"GasA","TA","Y","SBrkr",1107,0,0,1107,1,0,1,0,3,1,"Gd",5,"Typ",0,NA,"Attchd",1967,"RFn",1,308,"TA","TA","Y",88,64,0,0,0,0,NA,NA,NA,0,3,2007,"WD","Normal",0,"Test"
"2388",2388,90,"RL",NA,10899,"Pave",NA,"IR1","Lvl","AllPub","Inside","Gtl","NAmes","Norm","Norm","Duplex","1Story","4","5",1964,1964,"Gable","CompShg","HdBoard","HdBoard","None",0,"TA","TA","Slab",NA,NA,NA,NA,0,NA,0,0,0,"GasA","TA","N","SBrkr",1224,0,0,1224,0,0,2,0,2,2,"TA",8,"Typ",0,NA,"CarPort",1964,"Unf",3,530,"TA","TA","Y",0,0,0,0,0,0,NA,NA,NA,0,4,2007,"WD","Normal",0,"Test"
"2389",2389,20,"RL",74,7450,"Pave",NA,"IR1","Lvl","AllPub","Inside","Gtl","NAmes","Norm","Norm","1Fam","1Story","5","5",1956,1956,"Hip","CompShg","Wd Sdng","Wd Sdng","None",0,"TA","TA","CBlock","TA","TA","No","Rec",438,"LwQ",206,250,894,"GasA","Gd","Y","SBrkr",1074,0,0,1074,0,0,1,0,2,1,"Gd",6,"Min1",1,"Gd","Detchd",1966,"Unf",2,396,"TA","TA","Y",0,72,0,0,0,0,NA,"GdWo",NA,0,1,2007,"WD","Normal",0,"Test"
"2390",2390,20,"RL",NA,14357,"Pave",NA,"IR1","Lvl","AllPub","CulDSac","Gtl","NAmes","Norm","Norm","1Fam","1Story","5","5",1961,1961,"Hip","CompShg","Wd Sdng","Wd Sdng","None",0,"TA","TA","CBlock","TA","TA","No","ALQ",311,"LwQ",167,386,864,"GasA","TA","Y","SBrkr",1187,0,0,1187,1,0,1,0,2,1,"TA",6,"Typ",1,"TA","Attchd",1961,"RFn",2,440,"TA","TA","Y",128,0,0,0,0,0,NA,NA,NA,0,8,2007,"CWD","Normal",0,"Test"
"2391",2391,20,"RL",76,8243,"Pave",NA,"IR1","Lvl","AllPub","CulDSac","Gtl","NAmes","Norm","Norm","1Fam","1Story","5","7",1961,1961,"Gable","CompShg","VinylSd","VinylSd","BrkFace",56,"TA","Gd","CBlock","TA","TA","No","ALQ",700,"Unf",0,264,964,"GasA","Ex","Y","SBrkr",964,0,0,964,0,0,1,0,3,1,"TA",5,"Typ",1,"Fa","Detchd",1985,"Fin",2,784,"TA","TA","Y",170,0,0,0,0,0,NA,"GdPrv",NA,0,2,2007,"WD","Normal",0,"Test"
"2392",2392,20,"RL",70,8680,"Pave",NA,"Reg","Lvl","AllPub","Inside","Gtl","NAmes","Norm","Norm","1Fam","1Story","5","7",1960,1960,"Hip","CompShg","CemntBd","CmentBd","None",0,"TA","TA","CBlock","TA","TA","No","Unf",0,"Unf",0,894,894,"GasA","TA","Y","SBrkr",894,0,0,894,0,0,1,0,3,1,"TA",5,"Typ",0,NA,"Detchd",1965,"Unf",1,312,"TA","TA","Y",0,0,0,0,0,0,NA,NA,NA,0,1,2007,"WD","Normal",0,"Test"
"2393",2393,20,"RL",80,8800,"Pave",NA,"Reg","Lvl","AllPub","Inside","Gtl","NAmes","Norm","Norm","1Fam","1Story","7","6",1966,1966,"Hip","CompShg","HdBoard","Plywood","BrkFace",202,"TA","TA","CBlock","TA","TA","No","BLQ",654,"Unf",0,520,1174,"GasA","Ex","Y","SBrkr",1200,0,0,1200,0,1,2,0,3,1,"TA",6,"Typ",1,"TA","Attchd",1966,"RFn",2,440,"TA","TA","Y",0,0,0,0,0,0,NA,"MnPrv",NA,0,10,2007,"CWD","Normal",0,"Test"
"2394",2394,80,"RL",80,9200,"Pave",NA,"Reg","Lvl","AllPub","Inside","Gtl","NAmes","Norm","Norm","1Fam","SLvl","6","5",1965,1965,"Gable","CompShg","HdBoard","HdBoard","BrkFace",98,"TA","TA","CBlock","TA","TA","Gd","GLQ",494,"Unf",0,548,1042,"GasA","TA","Y","SBrkr",1042,0,0,1042,0,0,2,0,3,1,"TA",5,"Typ",0,NA,"Attchd",1965,"RFn",2,440,"TA","TA","Y",192,0,0,0,0,0,NA,"GdPrv",NA,0,5,2007,"WD","Normal",0,"Test"
"2395",2395,60,"RL",80,8800,"Pave",NA,"Reg","Lvl","AllPub","Inside","Gtl","NAmes","Norm","Norm","1Fam","2Story","6","7",1964,1997,"Gable","CompShg","MetalSd","MetalSd","BrkFace",306,"TA","Gd","CBlock","TA","TA","No","ALQ",414,"Unf",0,431,845,"GasA","Ex","Y","SBrkr",845,1309,0,2154,0,0,2,1,5,1,"TA",8,"Typ",1,"Gd","Attchd",1964,"RFn",2,539,"TA","TA","Y",0,0,0,0,161,0,NA,"MnPrv",NA,0,7,2007,"WD","Normal",0,"Test"
"2396",2396,20,"RL",NA,11382,"Pave",NA,"IR1","Lvl","AllPub","Inside","Gtl","NAmes","Norm","Norm","1Fam","1Story","6","5",1964,1964,"Gable","CompShg","Wd Sdng","Plywood","BrkFace",212,"TA","TA","CBlock","TA","TA","No","ALQ",54,"Rec",543,533,1130,"GasA","TA","Y","SBrkr",1374,0,0,1374,0,1,1,0,3,1,"TA",7,"Typ",1,"TA","Attchd",1964,"RFn",1,286,"TA","TA","Y",0,28,84,0,0,0,NA,"MnPrv",NA,0,8,2007,"WD","Normal",0,"Test"
"2397",2397,20,"RL",NA,22002,"Pave",NA,"Reg","Lvl","AllPub","Corner","Gtl","NAmes","Norm","Norm","1Fam","1Story","6","7",1959,1991,"Gable","CompShg","MetalSd","MetalSd","BrkFace",136,"TA","Gd","CBlock","TA","TA","Mn","ALQ",1386,"Unf",0,206,1592,"GasA","Gd","Y","SBrkr",1652,0,0,1652,1,0,1,1,3,1,"Gd",6,"Typ",1,"Gd","Attchd",1959,"RFn",2,510,"TA","TA","Y",0,0,0,0,201,0,NA,NA,NA,0,7,2007,"WD","Normal",0,"Test"
"2398",2398,45,"RL",85,12172,"Pave",NA,"Reg","Lvl","AllPub","Inside","Gtl","NAmes","Norm","Norm","1Fam","1.5Unf","5","7",1940,1996,"Gable","CompShg","Wd Sdng","HdBoard","None",0,"TA","TA","PConc","TA","TA","No","LwQ",130,"Rec",259,433,822,"GasA","TA","Y","SBrkr",908,0,0,908,0,0,1,0,2,1,"TA",4,"Typ",0,NA,"Attchd",1975,"Unf",2,512,"TA","TA","Y",284,24,0,0,192,0,NA,"MnPrv",NA,0,10,2007,"WD","Normal",0,"Test"
"2399",2399,20,"RL",50,5000,"Pave",NA,"Reg","Lvl","AllPub","Inside","Gtl","BrkSide","Norm","Norm","1Fam","1Story","3","3",1946,1950,"Gable","CompShg","WdShing","Wd Shng","None",0,"Fa","Fa","CBlock","Fa","Fa","No","LwQ",299,"Unf",0,367,666,"GasA","Fa","N","SBrkr",666,0,0,666,0,1,1,0,2,1,"Gd",4,"Typ",0,NA,NA,NA,NA,0,0,NA,NA,"N",0,52,0,0,0,0,NA,"MnPrv",NA,0,4,2007,"WD","Normal",0,"Test"
"2400",2400,50,"RL",51,3500,"Pave",NA,"Reg","Lvl","AllPub","Inside","Gtl","BrkSide","Feedr","Norm","1Fam","1.5Fin","3","5",1945,1950,"Gable","CompShg","MetalSd","MetalSd","None",0,"TA","TA","CBlock","TA","TA","No","LwQ",144,"Unf",0,226,370,"GasA","TA","N","FuseA",442,228,0,670,1,0,1,0,2,1,"Fa",4,"Typ",0,NA,NA,NA,NA,0,0,NA,NA,"N",0,21,0,0,0,0,NA,"MnPrv","Shed",2000,7,2007,"WD","Normal",0,"Test"
"2401",2401,20,"RL",50,5175,"Pave",NA,"Reg","Lvl","AllPub","Inside","Gtl","BrkSide","RRAn","Feedr","1Fam","1Story","5","8",1958,2000,"Gable","CompShg","VinylSd","VinylSd","None",0,"TA","TA","CBlock","TA","TA","No","BLQ",150,"ALQ",404,254,808,"GasA","Ex","Y","SBrkr",808,0,0,808,0,0,1,0,2,1,"TA",5,"Typ",0,NA,"Detchd",1963,"Unf",1,308,"TA","TA","N",143,0,0,0,0,0,NA,NA,NA,0,7,2007,"COD","Normal",0,"Test"
"2402",2402,20,"RL",80,9600,"Pave",NA,"Reg","Lvl","AllPub","Inside","Gtl","NAmes","Norm","Norm","1Fam","1Story","5","6",1955,1955,"Hip","CompShg","HdBoard","HdBoard","BrkFace",176,"TA","Gd","CBlock","TA","TA","No","BLQ",368,"Unf",0,710,1078,"GasA","Ex","Y","SBrkr",1150,0,0,1150,1,0,1,0,2,1,"TA",6,"Typ",0,NA,"Attchd",1955,"Fin",1,288,"TA","TA","Y",0,0,0,0,175,0,NA,"MnPrv",NA,0,10,2007,"WD","Normal",0,"Test"
"2403",2403,90,"RL",63,8668,"Pave",NA,"Reg","Lvl","AllPub","Corner","Gtl","NAmes","Norm","Norm","Duplex","1Story","5","5",1968,1968,"Gable","CompShg","MetalSd","MetalSd","None",0,"TA","TA","CBlock","TA","TA","No","Unf",0,"Unf",0,1560,1560,"GasA","TA","Y","SBrkr",1560,0,0,1560,0,0,2,0,4,2,"TA",8,"Typ",0,NA,"Detchd",1968,"Unf",3,792,"TA","TA","Y",0,0,0,0,0,0,NA,NA,NA,0,5,2007,"WD","Normal",0,"Test"
"2404",2404,85,"RL",NA,10050,"Pave",NA,"IR1","Lvl","AllPub","Inside","Gtl","NAmes","Norm","Norm","1Fam","SFoyer","5","6",1966,1966,"Gable","CompShg","HdBoard","HdBoard","BrkFace",87,"TA","TA","CBlock","TA","TA","Av","GLQ",602,"Unf",0,191,793,"GasA","Ex","Y","SBrkr",1280,0,0,1280,0,1,2,0,3,1,"TA",6,"Typ",1,"TA","Basment",1966,"Fin",2,432,"TA","TA","Y",140,40,0,0,0,0,NA,NA,NA,0,6,2007,"WD","Normal",0,"Test"
"2405",2405,80,"RL",100,9600,"Pave",NA,"IR1","Lvl","AllPub","Inside","Gtl","NAmes","Norm","Norm","1Fam","SLvl","6","5",1961,1961,"Hip","CompShg","WdShing","Wd Shng","BrkFace",291,"TA","TA","CBlock","TA","TA","Av","ALQ",600,"Unf",0,618,1218,"GasA","TA","Y","SBrkr",1254,0,0,1254,1,0,1,0,3,1,"TA",6,"Typ",1,"Gd","Attchd",1961,"RFn",2,525,"TA","TA","Y",0,0,0,0,168,0,NA,NA,NA,0,5,2007,"WD","Normal",0,"Test"
"2406",2406,20,"RL",73,8760,"Pave",NA,"Reg","Lvl","AllPub","Inside","Gtl","NAmes","Norm","Norm","1Fam","1Story","6","7",1957,1999,"Gable","CompShg","VinylSd","VinylSd","None",0,"TA","TA","CBlock","TA","TA","No","ALQ",873,"Unf",0,63,936,"GasA","TA","Y","SBrkr",936,0,0,936,1,0,1,0,2,1,"Gd",4,"Typ",0,NA,"Attchd",1957,"RFn",1,315,"TA","TA","Y",0,0,0,219,0,0,NA,NA,NA,0,9,2007,"WD","Normal",0,"Test"
"2407",2407,20,"RL",65,6860,"Pave",NA,"IR1","Lvl","AllPub","Inside","Gtl","NAmes","Norm","Norm","1Fam","1Story","5","6",1956,1956,"Gable","CompShg","Wd Sdng","Wd Sdng","BrkCmn",54,"TA","TA","CBlock","TA","TA","No","GLQ",908,"Unf",0,100,1008,"GasA","Ex","Y","SBrkr",1008,0,0,1008,1,0,1,0,3,1,"Fa",6,"Typ",0,NA,"Detchd",1964,"Unf",1,308,"TA","TA","Y",0,0,0,0,0,0,NA,NA,NA,0,12,2007,"WD","Normal",0,"Test"
"2408",2408,20,"RL",60,8250,"Pave",NA,"Reg","Lvl","AllPub","Corner","Gtl","NAmes","Norm","Norm","1Fam","1Story","5","7",1963,1963,"Gable","CompShg","MetalSd","MetalSd","None",0,"TA","TA","CBlock","TA","TA","No","ALQ",288,"Unf",0,765,1053,"GasA","Gd","Y","SBrkr",1053,0,0,1053,1,0,1,0,3,1,"Gd",6,"Typ",0,NA,"2Types",1994,"RFn",2,692,"TA","TA","Y",240,0,0,0,109,0,NA,NA,NA,0,7,2007,"WD","Normal",0,"Test"
"2409",2409,20,"RL",70,9100,"Pave",NA,"Reg","Lvl","AllPub","Inside","Gtl","NAmes","Norm","Norm","1Fam","1Story","5","5",1960,1960,"Hip","CompShg","HdBoard","HdBoard","BrkCmn",69,"TA","TA","CBlock","TA","TA","No","Unf",0,"Unf",0,1144,1144,"GasA","TA","Y","SBrkr",1144,0,0,1144,0,0,1,0,3,1,"TA",6,"Typ",1,"Gd","Attchd",1960,"RFn",1,336,"TA","TA","Y",0,0,0,0,0,0,NA,NA,NA,0,6,2007,"WD","Normal",0,"Test"
"2410",2410,20,"RL",80,9736,"Pave",NA,"Reg","Lvl","AllPub","Inside","Gtl","NAmes","Feedr","Norm","1Fam","1Story","6","6",1957,1969,"Gable","CompShg","Wd Sdng","Wd Sdng","BrkFace",289,"TA","TA","CBlock","TA","TA","No","BLQ",668,"Rec",138,525,1331,"GasA","Gd","Y","SBrkr",1721,0,0,1721,0,0,1,0,4,1,"TA",8,"Typ",3,"TA","Attchd",1957,"Unf",2,464,"TA","TA","Y",0,0,0,0,0,0,NA,NA,NA,0,4,2007,"WD","Normal",0,"Test"
"2411",2411,20,"RL",72,9770,"Pave",NA,"Reg","Lvl","AllPub","Inside","Gtl","NAmes","Norm","Norm","1Fam","1Story","5","5",1957,1957,"Gable","CompShg","Wd Sdng","Wd Sdng","None",0,"TA","TA","CBlock","TA","TA","No","Rec",512,"Unf",0,410,922,"GasA","TA","Y","FuseA",922,0,0,922,1,0,1,0,2,1,"TA",5,"Typ",0,NA,"Attchd",1957,"Unf",1,308,"TA","TA","Y",0,34,0,0,0,0,NA,"GdWo",NA,0,4,2007,"WD","Normal",0,"Test"
"2412",2412,20,"RL",70,12198,"Pave",NA,"IR1","Lvl","AllPub","Inside","Gtl","NAmes","Norm","Norm","1Fam","1Story","5","6",1955,1975,"Gable","CompShg","VinylSd","VinylSd","None",0,"TA","TA","CBlock","TA","TA","Av","Rec",780,"Unf",0,424,1204,"GasA","TA","Y","SBrkr",1411,0,0,1411,0,0,1,0,3,1,"TA",7,"Typ",1,"TA","Attchd",1955,"RFn",1,310,"TA","TA","Y",278,82,0,0,0,0,NA,NA,NA,0,6,2007,"COD","Normal",0,"Test"
"2413",2413,20,"RL",75,10050,"Pave",NA,"Reg","Lvl","AllPub","Inside","Gtl","NAmes","Norm","Norm","1Fam","1Story","5","5",1955,1955,"Hip","CompShg","MetalSd","MetalSd","None",0,"TA","TA","CBlock","TA","TA","No","Rec",288,"Unf",0,928,1216,"GasA","TA","Y","SBrkr",1216,0,0,1216,1,0,1,0,3,1,"TA",5,"Typ",0,NA,"Attchd",1955,"RFn",1,336,"TA","TA","Y",0,0,0,0,0,0,NA,NA,NA,0,8,2007,"WD","Normal",0,"Test"
"2414",2414,20,"RL",60,11556,"Pave",NA,"Reg","Lvl","AllPub","Inside","Gtl","NAmes","Norm","Norm","1Fam","1Story","5","9",1953,2006,"Gable","CompShg","VinylSd","MetalSd","None",0,"TA","Ex","CBlock","TA","TA","No","BLQ",408,"Unf",0,456,864,"GasA","Gd","Y","SBrkr",1154,0,0,1154,0,0,1,1,3,1,"Ex",6,"Typ",0,NA,"Detchd",1962,"Unf",1,336,"TA","TA","Y",63,0,0,0,0,0,NA,NA,NA,0,7,2007,"WD","Normal",0,"Test"
"2415",2415,90,"RL",70,8078,"Pave",NA,"Reg","Lvl","AllPub","Inside","Gtl","NAmes","Norm","Norm","Duplex","1Story","5","5",1958,1958,"Hip","CompShg","Wd Sdng","Wd Sdng","Stone",260,"TA","TA","CBlock","TA","TA","No","Unf",0,"Unf",0,1560,1560,"GasA","TA","Y","SBrkr",1560,0,0,1560,0,0,2,0,4,2,"TA",8,"Typ",0,NA,"Detchd",1958,"Unf",2,484,"TA","TA","Y",0,0,0,0,0,0,NA,NA,NA,0,12,2007,"WD","Normal",0,"Test"
"2416",2416,20,"RL",60,10950,"Pave",NA,"Reg","Lvl","AllPub","Inside","Gtl","NAmes","Norm","Norm","1Fam","1Story","6","6",1952,1952,"Hip","CompShg","Wd Sdng","Wd Sdng","None",0,"TA","TA","CBlock","TA","TA","No","ALQ",441,"Unf",0,507,948,"GasA","TA","Y","SBrkr",948,0,0,948,0,0,1,0,2,1,"TA",5,"Typ",0,NA,"Detchd",1952,"Unf",2,410,"TA","TA","N",0,48,0,0,0,0,NA,NA,NA,0,4,2007,"WD","Normal",0,"Test"
"2417",2417,20,"RL",68,7942,"Pave",NA,"Reg","Lvl","AllPub","Inside","Gtl","NAmes","Norm","Norm","1Fam","1Story","6","7",1953,1953,"Hip","CompShg","Wd Sdng","Wd Sdng","None",0,"TA","TA","CBlock","TA","TA","No","Rec",85,"ALQ",955,0,1040,"GasA","TA","Y","FuseF",1040,0,0,1040,0,1,1,0,3,1,"TA",6,"Typ",0,NA,"Attchd",1953,"Fin",1,293,"TA","TA","Y",0,0,0,0,0,0,NA,"MnPrv",NA,0,6,2007,"WD","Normal",0,"Test"
"2418",2418,20,"RL",71,8540,"Pave",NA,"Reg","Lvl","AllPub","Corner","Gtl","NAmes","Norm","Norm","1Fam","1Story","5","8",1956,2003,"Gable","CompShg","VinylSd","VinylSd","None",0,"TA","Gd","CBlock","TA","TA","No","Rec",114,"ALQ",691,120,925,"GasA","TA","Y","SBrkr",925,0,0,925,1,0,1,0,3,1,"Gd",5,"Typ",0,NA,"Detchd",1956,"Unf",1,252,"TA","TA","Y",152,0,0,0,0,0,NA,NA,NA,0,6,2007,"WD","Normal",0,"Test"
"2419",2419,50,"RL",55,7150,"Pave",NA,"Reg","Lvl","AllPub","Inside","Gtl","NAmes","Norm","Norm","1Fam","1.5Fin","4","4",1955,1955,"Gable","CompShg","MetalSd","MetalSd","None",0,"TA","TA","PConc","TA","TA","No","Rec",150,"Unf",0,1040,1190,"GasA","Gd","Y","SBrkr",1040,500,0,1540,1,0,1,0,4,1,"Fa",7,"Typ",0,NA,"Detchd",2002,"Unf",1,352,"TA","TA","Y",0,0,0,0,0,0,NA,NA,NA,0,8,2007,"WD","Normal",0,"Test"
"2420",2420,20,"RL",70,8400,"Pave",NA,"Reg","Lvl","AllPub","Corner","Gtl","NAmes","Norm","Norm","1Fam","1Story","5","5",1955,1955,"Gable","CompShg","MetalSd","MetalSd","None",0,"TA","Gd","CBlock","TA","TA","No","BLQ",793,"Unf",0,130,923,"GasA","TA","Y","SBrkr",925,0,0,925,1,0,1,0,3,1,"TA",5,"Typ",2,"TA","Attchd",1955,"Unf",1,390,"TA","TA","Y",81,0,0,0,0,0,NA,"GdWo",NA,0,3,2007,"WD","Normal",0,"Test"
"2421",2421,20,"RL",75,9532,"Pave",NA,"Reg","Lvl","AllPub","Inside","Gtl","NAmes","Norm","Norm","1Fam","1Story","4","6",1953,1953,"Gable","CompShg","VinylSd","VinylSd","None",0,"TA","TA","CBlock","TA","TA","No","BLQ",595,"Rec",354,156,1105,"GasA","Gd","Y","SBrkr",1647,0,0,1647,1,0,1,0,3,1,"TA",6,"Min1",1,"Fa","Attchd",1953,"Fin",1,280,"TA","TA","Y",225,0,0,0,0,368,NA,"GdPrv",NA,0,2,2007,"WD","Normal",0,"Test"
"2422",2422,20,"RL",NA,15783,"Pave",NA,"Reg","Lvl","AllPub","Inside","Gtl","OldTown","Artery","Norm","1Fam","1Story","5","5",1952,1952,"Gable","CompShg","Wd Sdng","Wd Sdng","None",0,"TA","TA","CBlock","TA","TA","No","Rec",292,"Unf",0,632,924,"GasA","TA","Y","SBrkr",924,0,0,924,0,0,1,0,2,1,"TA",6,"Typ",0,NA,"Detchd",1952,"Unf",1,420,"TA","TA","Y",0,324,0,0,0,0,NA,"MnPrv","Shed",400,6,2007,"WD","Normal",0,"Test"
"2423",2423,50,"RL",60,14190,"Pave",NA,"Reg","Lvl","AllPub","Inside","Gtl","OldTown","Artery","Norm","1Fam","1.5Fin","4","7",1890,2006,"Gable","CompShg","VinylSd","VinylSd","None",0,"Gd","Gd","CBlock","Fa","TA","No","Unf",0,"Unf",0,925,925,"GasA","Gd","Y","SBrkr",1000,544,0,1544,0,0,2,0,3,1,"TA",7,"Typ",0,NA,NA,NA,NA,0,0,NA,NA,"N",231,0,0,0,0,0,NA,NA,NA,0,4,2007,"WD","Normal",0,"Test"
"2424",2424,50,"RL",NA,12099,"Pave",NA,"IR1","Lvl","AllPub","Inside","Gtl","NAmes","Norm","Norm","1Fam","1.5Fin","5","6",1953,2004,"Gable","CompShg","MetalSd","MetalSd","None",0,"TA","TA","CBlock","TA","Fa","No","LwQ",198,"Unf",0,1018,1216,"GasA","Ex","Y","SBrkr",1216,0,512,1728,1,0,1,0,3,1,"TA",7,"Typ",1,"Gd","Attchd",1953,"Unf",1,371,"TA","TA","Y",200,0,0,0,0,0,NA,"GdWo",NA,0,6,2007,"WD","Normal",0,"Test"
"2425",2425,70,"RL",113,21281,"Pave",NA,"Reg","Lvl","AllPub","Inside","Gtl","NAmes","Norm","Norm","1Fam","2Story","5","4",1935,2007,"Gable","CompShg","Wd Sdng","MetalSd","None",0,"TA","TA","BrkTil","TA","Fa","No","Unf",0,"Unf",0,666,666,"GasA","Gd","Y","SBrkr",1308,1778,0,3086,0,0,3,1,4,1,"Gd",9,"Min1",0,NA,"BuiltIn",2007,"Unf",3,1200,"TA","TA","Y",0,208,290,0,156,0,NA,NA,NA,0,11,2007,"WD","Family",0,"Test"
"2426",2426,50,"RL",60,10284,"Pave",NA,"Reg","Lvl","AllPub","Corner","Gtl","OldTown","Norm","Norm","1Fam","1.5Fin","4","7",1925,1993,"Gable","CompShg","MetalSd","MetalSd","None",0,"TA","TA","CBlock","TA","TA","Mn","ALQ",1030,"LwQ",66,55,1151,"GasA","Ex","Y","SBrkr",845,436,0,1281,1,0,2,0,1,1,"TA",6,"Mod",0,NA,"Detchd",1978,"Unf",2,580,"TA","TA","Y",0,0,0,0,0,0,NA,NA,NA,0,8,2007,"WD","Abnorml",0,"Test"
"2427",2427,70,"RL",60,10800,"Pave","Grvl","Reg","Lvl","AllPub","Inside","Gtl","OldTown","Norm","Norm","1Fam","2Story","5","9",1895,1999,"Gable","CompShg","Wd Sdng","HdBoard","None",0,"TA","Gd","CBlock","Gd","TA","Av","Unf",0,"Unf",0,736,736,"GasA","Ex","Y","SBrkr",751,783,0,1534,0,0,1,1,3,1,"Gd",6,"Typ",0,NA,NA,NA,NA,0,0,NA,NA,"N",0,112,0,0,0,0,NA,NA,NA,0,7,2007,"WD","Normal",0,"Test"
"2428",2428,80,"RL",93,10090,"Pave",NA,"IR1","Lvl","AllPub","Inside","Gtl","NAmes","Norm","Norm","1Fam","SLvl","7","5",1963,1999,"Gable","CompShg","Plywood","Plywood","BrkFace",364,"TA","TA","CBlock","TA","TA","Av","Rec",242,"ALQ",483,0,725,"GasA","TA","Y","SBrkr",1035,616,0,1651,0,1,2,0,4,1,"TA",6,"Typ",2,"TA","BuiltIn",1963,"Unf",1,276,"TA","TA","Y",460,46,0,0,165,0,NA,"MnPrv",NA,0,10,2007,"WD","Normal",0,"Test"
"2429",2429,20,"RL",75,8700,"Pave",NA,"IR1","Lvl","AllPub","Inside","Gtl","NAmes","Norm","Norm","1Fam","1Story","5","7",1961,1961,"Gable","CompShg","HdBoard","HdBoard","BrkFace",53,"TA","TA","CBlock","TA","TA","No","ALQ",192,"Unf",0,728,920,"GasA","Gd","Y","SBrkr",888,0,0,888,0,1,1,0,3,1,"TA",5,"Typ",0,NA,"Attchd",1961,"Unf",1,240,"TA","TA","Y",0,0,0,0,0,0,NA,NA,NA,0,2,2007,"COD","Abnorml",0,"Test"
"2430",2430,20,"RL",66,8300,"Pave",NA,"IR1","Lvl","AllPub","Inside","Gtl","NAmes","Norm","Norm","1Fam","1Story","6","6",1968,1968,"Gable","CompShg","Wd Sdng","Wd Sdng","BrkFace",86,"TA","TA","CBlock","TA","TA","Mn","Rec",952,"Unf",0,0,952,"GasA","Gd","Y","SBrkr",952,0,0,952,1,0,1,0,3,1,"TA",5,"Typ",0,NA,"Attchd",1968,"Unf",1,288,"TA","TA","Y",0,0,0,0,0,0,NA,NA,NA,0,8,2007,"WD","Normal",0,"Test"
"2431",2431,20,"RL",60,7200,"Pave",NA,"Reg","Lvl","AllPub","Inside","Gtl","NAmes","Norm","Norm","1Fam","1Story","5","3",1950,1950,"Gable","CompShg","WdShing","Wd Shng","None",0,"TA","TA","CBlock","TA","TA","No","LwQ",432,"Unf",0,432,864,"GasA","Fa","Y","FuseA",1238,0,0,1238,0,0,1,1,3,1,"TA",6,"Min2",1,"TA","Attchd",1950,"Unf",1,357,"TA","TA","Y",0,171,0,0,0,0,NA,NA,NA,0,11,2007,"WD","Normal",0,"Test"
"2432",2432,20,"RL",NA,7500,"Pave",NA,"Reg","Lvl","AllPub","Inside","Gtl","NAmes","Norm","Norm","1Fam","1Story","5","7",1959,2003,"Hip","CompShg","BrkFace","BrkFace","None",0,"TA","TA","CBlock","TA","TA","No","GLQ",574,"Unf",0,466,1040,"GasA","Ex","Y","SBrkr",1040,0,0,1040,1,0,1,0,3,1,"Gd",6,"Typ",0,NA,"Attchd",1959,"RFn",1,286,"TA","TA","Y",0,0,0,0,0,0,NA,NA,"Shed",0,7,2007,"WD","Normal",0,"Test"
"2433",2433,20,"RL",70,7315,"Pave",NA,"Reg","Lvl","AllPub","Inside","Gtl","NAmes","Norm","Norm","1Fam","1Story","5","6",1958,1958,"Hip","CompShg","BrkFace","BrkFace","None",0,"TA","TA","CBlock","TA","TA","No","Rec",625,"Unf",0,545,1170,"GasA","TA","Y","SBrkr",1170,0,0,1170,0,1,1,0,3,1,"TA",6,"Typ",1,"TA","Attchd",1958,"RFn",1,338,"TA","TA","Y",0,0,0,0,225,0,NA,NA,NA,0,3,2007,"WD","Normal",0,"Test"
"2434",2434,20,"RL",70,7903,"Pave",NA,"Reg","Lvl","AllPub","Inside","Gtl","NAmes","Norm","Norm","1Fam","1Story","5","5",1960,1960,"Hip","CompShg","BrkFace","BrkFace","None",0,"TA","TA","CBlock","TA","TA","No","Rec",739,"Unf",0,503,1242,"GasA","Gd","Y","FuseA",1242,0,0,1242,1,0,1,1,3,1,"TA",6,"Typ",0,NA,"Attchd",1960,"RFn",1,324,"TA","TA","Y",0,0,0,0,0,0,NA,NA,NA,0,5,2007,"WD","Family",0,"Test"
"2435",2435,20,"RL",80,8000,"Pave",NA,"Reg","Lvl","AllPub","Inside","Gtl","NAmes","Norm","Norm","1Fam","1Story","5","5",1960,1960,"Hip","CompShg","BrkFace","BrkFace","None",0,"TA","TA","CBlock","TA","TA","No","BLQ",1098,"Rec",154,125,1377,"GasA","TA","Y","SBrkr",1377,0,0,1377,1,0,1,0,3,1,"TA",6,"Typ",2,"TA","Attchd",1965,"Unf",1,351,"TA","TA","Y",0,0,0,0,0,0,NA,"MnPrv",NA,0,11,2007,"WD","Normal",0,"Test"
"2436",2436,20,"RL",70,7000,"Pave",NA,"Reg","Lvl","AllPub","Corner","Gtl","NAmes","Feedr","Norm","1Fam","1Story","5","6",1961,1961,"Gable","CompShg","BrkFace","Wd Sdng","None",0,"TA","TA","Slab",NA,NA,NA,NA,0,NA,0,0,0,"GasA","Gd","Y","SBrkr",925,0,0,925,0,0,1,0,3,1,"TA",7,"Typ",0,NA,"Attchd",1961,"Fin",1,300,"TA","TA","Y",0,0,0,0,0,0,NA,NA,NA,0,7,2007,"WD","Normal",0,"Test"
"2437",2437,20,"RL",60,6600,"Pave",NA,"Reg","Lvl","AllPub","Inside","Gtl","NAmes","PosN","Norm","1Fam","1Story","5","5",1962,1962,"Hip","CompShg","Wd Sdng","Wd Sdng","None",0,"TA","TA","CBlock","TA","TA","No","ALQ",110,"BLQ",442,312,864,"GasA","Gd","Y","SBrkr",864,0,0,864,0,0,1,0,2,1,"TA",5,"Typ",0,NA,"Detchd",1962,"Unf",1,294,"TA","TA","Y",58,0,0,0,0,0,NA,NA,NA,0,12,2007,"WD","Normal",0,"Test"
"2438",2438,85,"RL",66,6760,"Pave",NA,"Reg","Lvl","AllPub","Inside","Gtl","NAmes","Norm","Norm","1Fam","SFoyer","5","5",1962,1962,"Gable","CompShg","HdBoard","HdBoard","None",0,"TA","TA","CBlock","TA","TA","Av","ALQ",734,"Unf",0,162,896,"GasA","TA","Y","SBrkr",936,0,0,936,1,0,1,0,3,1,"TA",6,"Typ",1,"Po","Attchd",1962,"RFn",1,288,"TA","TA","Y",24,90,160,0,0,0,NA,NA,NA,0,10,2007,"WD","Normal",0,"Test"
"2439",2439,30,"RM",60,6978,"Pave",NA,"Reg","Bnk","AllPub","Inside","Gtl","OldTown","Artery","Norm","1Fam","1Story","5","7",1926,1980,"Gable","CompShg","MetalSd","MetalSd","None",0,"Gd","Gd","BrkTil","TA","TA","No","Unf",0,"Unf",0,850,850,"GasA","TA","Y","SBrkr",960,0,0,960,0,0,1,0,2,1,"TA",5,"Typ",0,NA,"Detchd",1981,"RFn",2,576,"TA","TA","Y",0,0,116,0,0,0,NA,NA,NA,0,4,2007,"WD","Normal",0,"Test"
"2440",2440,50,"RM",50,6000,"Pave","Grvl","Reg","Lvl","AllPub","Inside","Gtl","OldTown","Norm","Norm","1Fam","1.5Fin","6","6",1927,1950,"Gable","CompShg","MetalSd","MetalSd","None",0,"TA","TA","BrkTil","TA","TA","No","Rec",276,"Unf",0,569,845,"GasA","TA","Y","SBrkr",866,430,0,1296,0,0,1,0,3,1,"TA",6,"Typ",0,NA,"Detchd",1980,"Unf",2,576,"TA","TA","Y",0,0,175,0,0,0,NA,NA,NA,0,7,2007,"WD","Normal",0,"Test"
"2441",2441,30,"RM",56,4480,"Pave",NA,"Reg","Lvl","AllPub","Corner","Gtl","OldTown","Artery","Norm","1Fam","1Story","5","5",1922,1950,"Gable","CompShg","AsbShng","AsbShng","None",0,"TA","TA","PConc","Fa","Fa","No","LwQ",782,"Unf",0,240,1022,"GasA","TA","N","FuseF",1022,0,0,1022,1,0,1,0,2,1,"Fa",4,"Typ",1,"Gd","Detchd",1922,"Unf",1,184,"TA","Fa","N",0,122,20,0,0,0,NA,"MnPrv",NA,0,2,2007,"WD","Normal",0,"Test"
"2442",2442,30,"RM",56,3153,"Pave","Grvl","Reg","Lvl","AllPub","Inside","Gtl","OldTown","Norm","Norm","1Fam","1Story","5","6",1920,1990,"Gable","CompShg","MetalSd","MetalSd","None",0,"TA","TA","BrkTil","TA","TA","No","Unf",0,"Unf",0,967,967,"GasA","Gd","Y","SBrkr",967,0,0,967,0,0,1,0,2,1,"TA",5,"Typ",1,"Gd","Detchd",1920,"Unf",1,180,"Fa","TA","N",0,0,26,0,0,0,NA,NA,NA,0,7,2007,"WD","Normal",0,"Test"
"2443",2443,30,"RM",60,7200,"Pave",NA,"Reg","Lvl","AllPub","Inside","Gtl","OldTown","Norm","Norm","1Fam","1Story","5","8",1940,1950,"Gable","CompShg","VinylSd","VinylSd","Stone",279,"TA","TA","CBlock","TA","TA","No","Unf",0,"Unf",0,808,808,"GasA","Ex","Y","SBrkr",1072,0,0,1072,0,0,1,0,2,1,"TA",5,"Typ",2,"Gd","Detchd",1940,"Unf",2,379,"TA","TA","Y",0,0,0,0,0,0,NA,NA,NA,0,5,2007,"WD","Normal",0,"Test"
"2444",2444,50,"RM",120,9000,"Pave",NA,"Reg","Lvl","AllPub","Corner","Gtl","OldTown","Norm","Norm","1Fam","1.5Fin","5","8",1900,2006,"Gable","CompShg","Stucco","Stucco","None",0,"TA","TA","BrkTil","TA","Fa","No","BLQ",130,"Unf",0,550,680,"GasA","Ex","Y","SBrkr",680,494,0,1174,0,0,1,0,2,1,"Gd",6,"Typ",1,"Gd","Detchd",2000,"Unf",2,576,"TA","TA","Y",116,26,40,0,0,0,NA,"MnPrv",NA,0,6,2007,"WD","Normal",0,"Test"
"2445",2445,50,"RM",50,5925,"Pave",NA,"Reg","Lvl","AllPub","Inside","Gtl","OldTown","Norm","Norm","1Fam","1.5Fin","4","6",1900,1950,"Gable","CompShg","MetalSd","MetalSd","None",0,"TA","TA","BrkTil","Fa","TA","No","LwQ",122,"Rec",448,0,570,"GasA","Gd","N","SBrkr",761,380,0,1141,0,0,1,0,3,1,"TA",6,"Typ",0,NA,"Detchd",1930,"Unf",1,252,"Fa","Fa","Y",0,0,96,0,0,0,NA,NA,NA,0,5,2007,"ConLw","Normal",0,"Test"
"2446",2446,70,"RM",57,9639,"Pave",NA,"Reg","Lvl","AllPub","Inside","Gtl","OldTown","Artery","Norm","1Fam","2Story","4","8",1900,1950,"Gable","CompShg","MetalSd","MetalSd","None",0,"TA","TA","PConc","TA","TA","No","Unf",0,"Unf",0,1075,1075,"GasA","Ex","Y","SBrkr",1156,642,0,1798,0,0,2,1,4,1,"TA",7,"Typ",0,NA,"Detchd",1935,"Unf",2,342,"TA","TA","N",0,0,160,0,0,0,NA,"MnPrv",NA,0,5,2007,"WD","Normal",0,"Test"
"2447",2447,70,"RM",NA,10337,"Pave","Pave","IR1","Lvl","AllPub","Inside","Gtl","OldTown","Norm","Norm","1Fam","2Story","8","9",1910,1999,"Hip","CompShg","VinylSd","VinylSd","None",0,"Gd","Gd","BrkTil","TA","TA","No","Unf",0,"Unf",0,725,725,"GasA","Ex","N","SBrkr",909,863,0,1772,0,0,2,1,3,1,"Gd",7,"Typ",0,NA,"Detchd",1992,"Unf",2,816,"TA","TA","Y",0,0,0,0,0,0,NA,"MnPrv",NA,0,5,2007,"WD","Normal",0,"Test"
"2448",2448,70,"RM",53,9863,"Pave","Pave","Reg","Lvl","AllPub","Inside","Gtl","OldTown","Norm","Norm","1Fam","2Story","6","6",1927,1950,"Gambrel","CompShg","Wd Sdng","Wd Sdng","None",0,"TA","TA","BrkTil","TA","TA","No","LwQ",196,"Rec",210,322,728,"GasA","TA","Y","SBrkr",914,728,0,1642,0,1,1,1,4,1,"TA",9,"Typ",1,"Gd","Detchd",1927,"Unf",1,374,"TA","TA","Y",0,0,0,0,0,0,NA,NA,NA,0,3,2007,"WD","Abnorml",0,"Test"
"2449",2449,70,"RM",35,4571,"Pave","Grvl","Reg","Lvl","AllPub","Inside","Gtl","OldTown","Norm","Norm","1Fam","2Story","5","7",1910,1950,"Gable","CompShg","MetalSd","MetalSd","None",0,"TA","TA","BrkTil","TA","TA","No","BLQ",168,"Unf",0,448,616,"GasA","Ex","Y","SBrkr",616,616,0,1232,0,0,1,0,3,1,"TA",6,"Typ",0,NA,"Detchd",1920,"Unf",2,480,"Fa","Fa","Y",280,0,143,0,0,0,NA,NA,NA,0,6,2007,"WD","Normal",0,"Test"
"2450",2450,50,"RM",56,8398,"Pave","Grvl","Reg","Lvl","AllPub","Inside","Gtl","OldTown","Norm","Norm","1Fam","1.5Fin","6","8",1910,1990,"Gable","CompShg","Wd Sdng","Wd Sdng","None",0,"TA","TA","CBlock","Gd","Gd","No","BLQ",259,"Unf",0,667,926,"GasA","TA","Y","SBrkr",991,659,0,1650,0,0,2,0,3,1,"TA",6,"Typ",0,NA,"Detchd",1979,"Unf",2,468,"TA","TA","N",128,103,0,0,0,0,NA,NA,NA,0,11,2007,"WD","Normal",0,"Test"
"2451",2451,70,"RM",60,3600,"Pave","Grvl","Reg","Lvl","AllPub","Inside","Gtl","OldTown","Norm","Norm","1Fam","2Story","5","7",1930,2005,"Gambrel","CompShg","VinylSd","VinylSd","None",0,"TA","Gd","BrkTil","TA","Fa","No","Rec",316,"Unf",0,371,687,"GasA","Gd","Y","SBrkr",687,671,0,1358,0,0,1,1,3,1,"Gd",6,"Typ",1,"Gd","Detchd",2004,"Unf",1,336,"TA","TA","Y",0,32,0,0,0,0,NA,"MnPrv",NA,0,7,2007,"WD","Partial",0,"Test"
"2452",2452,75,"RM",75,13500,"Pave","Grvl","Reg","Lvl","AllPub","Corner","Gtl","OldTown","Norm","Norm","1Fam","2.5Unf","7","8",1879,1987,"Gable","CompShg","Wd Sdng","Wd Sdng","None",0,"TA","Gd","PConc","TA","TA","No","Unf",0,"Unf",0,819,819,"GasA","TA","Y","FuseA",1312,1142,0,2454,0,0,2,0,3,1,"TA",8,"Typ",1,"Gd","Attchd",1950,"Unf",2,576,"TA","TA","N",0,148,150,0,0,0,NA,"MnPrv",NA,0,2,2007,"WD","Normal",0,"Test"
"2453",2453,20,"RM",52,8626,"Pave",NA,"Reg","Lvl","AllPub","Inside","Gtl","OldTown","Norm","Norm","1Fam","1Story","4","6",1956,1956,"Gable","CompShg","MetalSd","MetalSd","None",1,"TA","TA","CBlock",NA,NA,NA,NA,0,NA,0,0,0,"GasA","Gd","Y","SBrkr",968,0,0,968,0,0,1,0,2,1,"TA",5,"Typ",0,NA,"Attchd",1956,"Unf",1,331,"Fa","TA","Y",0,0,0,0,0,0,NA,NA,NA,0,5,2007,"WD","Normal",0,"Test"
"2454",2454,80,"RM",76,11800,"Pave",NA,"Reg","Lvl","AllPub","Inside","Gtl","OldTown","Norm","Norm","1Fam","SLvl","4","7",1949,2002,"Gable","CompShg","Stucco","Wd Sdng","None",0,"TA","TA","Slab",NA,NA,NA,NA,0,NA,0,0,0,"GasA","Ex","Y","SBrkr",1382,0,0,1382,0,0,2,0,1,1,"TA",6,"Mod",1,"TA","Attchd",1957,"RFn",1,384,"TA","TA","Y",0,40,0,0,0,0,NA,NA,NA,0,5,2007,"WD","Normal",0,"Test"
"2455",2455,40,"RL",55,6854,"Pave",NA,"Reg","Bnk","AllPub","Inside","Mod","BrkSide","Norm","Norm","1Fam","1Story","5","7",1925,1994,"Gable","CompShg","MetalSd","MetalSd","None",0,"TA","Gd","PConc","TA","TA","No","LwQ",317,"Rec",227,212,756,"GasA","TA","N","FuseA",916,144,0,1060,1,0,1,0,1,1,"TA",6,"Mod",1,"Gd","Detchd",1969,"Unf",1,308,"Fa","TA","Y",0,65,0,0,150,0,NA,NA,NA,0,8,2007,"WD","Normal",0,"Test"
"2456",2456,50,"RM",55,8674,"Pave",NA,"Reg","HLS","AllPub","Inside","Gtl","BrkSide","RRNn","Artery","1Fam","1.5Fin","5","6",1950,1950,"Gable","CompShg","MetalSd","MetalSd","None",0,"TA","TA","CBlock","Fa","TA","No","Rec",910,"Unf",0,0,910,"GasA","TA","Y","SBrkr",910,525,0,1435,1,0,1,0,3,1,"TA",6,"Typ",0,NA,"Detchd",1950,"Unf",1,308,"TA","TA","Y",0,33,0,0,0,0,NA,NA,NA,0,3,2007,"WD","Normal",0,"Test"
"2457",2457,50,"RM",50,6125,"Pave",NA,"Reg","Lvl","AllPub","Inside","Gtl","BrkSide","Norm","Norm","1Fam","1.5Fin","5","7",1939,1998,"Gable","CompShg","MetalSd","MetalSd","None",0,"TA","Gd","CBlock","TA","TA","No","Rec",306,"Unf",0,422,728,"GasA","Ex","Y","SBrkr",728,546,0,1274,0,0,2,0,3,1,"TA",6,"Typ",0,NA,"Detchd",1939,"Unf",1,224,"Fa","TA","Y",0,0,192,0,0,0,NA,NA,NA,0,3,2007,"CWD","Normal",0,"Test"
"2458",2458,70,"RM",50,6000,"Pave",NA,"Reg","Lvl","AllPub","Inside","Gtl","BrkSide","Norm","Norm","1Fam","2Story","6","6",1939,1950,"Gable","CompShg","MetalSd","VinylSd","None",0,"TA","TA","CBlock","TA","TA","Mn","Rec",276,"Unf",0,324,600,"GasA","Ex","Y","SBrkr",608,624,0,1232,0,0,1,1,3,1,"TA",6,"Typ",2,"TA","Attchd",1939,"Unf",1,217,"TA","TA","Y",0,0,0,0,0,0,NA,"GdWo",NA,0,2,2007,"WD","Normal",0,"Test"
"2459",2459,45,"RM",51,6120,"Pave",NA,"Reg","Lvl","AllPub","Inside","Gtl","BrkSide","Norm","Norm","1Fam","1.5Unf","5","7",1939,1950,"Gable","CompShg","AsbShng","AsbShng","None",0,"Gd","TA","BrkTil","TA","TA","No","Unf",0,"Unf",0,884,884,"GasA","Ex","Y","SBrkr",884,0,0,884,0,0,1,0,2,1,"TA",5,"Typ",0,NA,"Detchd",1939,"Unf",1,240,"TA","TA","Y",0,0,136,0,0,0,NA,"MnPrv",NA,0,7,2007,"WD","Normal",0,"Test"
"2460",2460,50,"RM",NA,6240,"Pave",NA,"Reg","Lvl","AllPub","Inside","Gtl","BrkSide","Norm","Norm","1Fam","1.5Fin","6","5",1938,1950,"Gable","CompShg","VinylSd","VinylSd","None",0,"TA","TA","BrkTil","TA","TA","No","LwQ",52,"Unf",0,809,861,"GasA","Gd","Y","SBrkr",861,548,0,1409,1,0,1,1,3,1,"TA",6,"Typ",1,"Gd","Detchd",1968,"Unf",2,528,"TA","TA","Y",225,0,84,0,0,0,NA,NA,NA,0,3,2007,"WD","Normal",0,"Test"
"2461",2461,50,"RM",52,6240,"Pave",NA,"Reg","Lvl","AllPub","Inside","Gtl","BrkSide","Norm","Norm","1Fam","1.5Fin","5","8",1939,1952,"Gable","CompShg","Wd Sdng","Wd Sdng","None",0,"TA","Gd","BrkTil","TA","TA","No","Rec",48,"Unf",0,624,672,"GasA","Ex","Y","SBrkr",899,423,0,1322,1,0,1,0,4,1,"TA",7,"Typ",0,NA,"Detchd",1939,"Unf",1,280,"TA","TA","Y",0,0,0,0,0,0,NA,"MnPrv",NA,0,7,2007,"WD","Normal",0,"Test"
"2462",2462,50,"RM",52,6240,"Pave",NA,"Reg","Lvl","AllPub","Inside","Gtl","BrkSide","Norm","Norm","1Fam","1.5Fin","5","7",1930,1992,"Gable","CompShg","Wd Sdng","Wd Sdng","None",0,"TA","TA","BrkTil","TA","TA","No","Unf",0,"Unf",0,966,966,"GasA","Ex","Y","SBrkr",1014,412,0,1426,0,0,1,0,3,1,"TA",6,"Typ",1,"Gd","Detchd",1930,"Unf",1,230,"Fa","TA","Y",174,0,96,0,0,0,NA,"GdPrv",NA,0,7,2007,"WD","Normal",0,"Test"
"2463",2463,50,"RM",51,6120,"Pave",NA,"Reg","Lvl","AllPub","Inside","Gtl","BrkSide","Norm","Norm","1Fam","1.5Fin","5","6",1926,1950,"Gable","CompShg","Wd Sdng","Wd Sdng","None",0,"TA","TA","BrkTil","TA","TA","No","ALQ",351,"Unf",0,405,756,"GasA","Gd","Y","FuseA",903,378,0,1281,1,0,1,0,2,1,"Gd",6,"Typ",0,NA,"Detchd",1926,"Unf",2,379,"TA","TA","Y",25,0,0,0,0,0,NA,NA,NA,0,8,2007,"WD","Normal",0,"Test"
"2464",2464,70,"RM",47,7755,"Pave",NA,"Reg","Lvl","AllPub","Inside","Gtl","OldTown","Norm","Norm","1Fam","2Story","6","8",1918,1995,"Gable","CompShg","Wd Sdng","Wd Sdng","None",0,"TA","Gd","CBlock","TA","TA","No","Unf",0,"Unf",0,1100,1100,"GasA","Ex","Y","FuseA",1100,1164,0,2264,0,0,2,1,4,1,"TA",8,"Typ",0,NA,"Detchd",1950,"Unf",1,408,"TA","TA","Y",0,152,0,0,0,0,NA,"MnPrv",NA,0,5,2007,"WD","Normal",0,"Test"
"2465",2465,50,"RL",60,8850,"Pave","Pave","Reg","Bnk","AllPub","Inside","Gtl","BrkSide","Norm","Norm","1Fam","1.5Fin","6","7",1920,1950,"Gable","CompShg","Wd Sdng","Wd Shng","None",0,"TA","Gd","PConc","TA","TA","No","Unf",0,"Unf",0,768,768,"GasA","Ex","Y","SBrkr",752,624,0,1376,0,0,1,0,3,1,"Gd",7,"Typ",0,NA,"Detchd",1977,"Unf",2,576,"TA","TA","P",0,54,144,0,0,0,NA,NA,NA,0,2,2007,"WD","Normal",0,"Test"
"2466",2466,50,"RL",60,8550,"Pave",NA,"Reg","Lvl","AllPub","Inside","Gtl","BrkSide","RRAn","Norm","1Fam","1.5Fin","5","5",1926,1950,"Gable","CompShg","HdBoard","HdBoard","None",0,"TA","TA","PConc","Fa","TA","No","Unf",0,"Unf",0,750,750,"GasA","TA","Y","SBrkr",960,356,0,1316,0,0,1,0,4,1,"TA",7,"Typ",0,NA,"Detchd",1965,"Unf",2,576,"TA","TA","Y",0,0,0,0,0,0,NA,NA,NA,0,10,2007,"ConLw","Family",0,"Test"
"2467",2467,70,"RM",NA,5700,"Pave",NA,"IR1","Lvl","AllPub","Corner","Gtl","OldTown","Feedr","Norm","1Fam","2Story","7","6",1929,1990,"Gable","CompShg","Wd Sdng","Wd Shng","None",0,"TA","TA","BrkTil","TA","TA","No","Rec",336,"Unf",0,336,672,"GasA","Gd","N","FuseA",672,672,0,1344,1,0,1,1,3,1,"Gd",6,"Typ",1,"Gd","Attchd",1979,"Unf",2,456,"TA","TA","Y",0,0,70,0,0,0,NA,"GdPrv",NA,0,9,2007,"WD","Normal",0,"Test"
"2468",2468,45,"RM",40,5680,"Pave","Grvl","Reg","Lvl","AllPub","Inside","Gtl","OldTown","Norm","Norm","1Fam","1.5Fin","5","4",1901,1950,"Gable","CompShg","AsbShng","AsbShng","None",0,"TA","TA","CBlock","TA","TA","No","Unf",0,"Unf",0,592,592,"GasA","TA","N","FuseA",933,240,0,1173,0,0,2,0,3,1,"TA",7,"Typ",0,NA,"Detchd",1920,"Unf",1,240,"TA","Fa","Y",0,25,77,0,0,0,NA,"MnPrv",NA,0,9,2007,"WD","AdjLand",0,"Test"
"2469",2469,50,"RM",40,5680,"Pave","Grvl","Reg","Lvl","AllPub","Inside","Gtl","OldTown","Norm","Norm","1Fam","1.5Fin","5","3",1901,1950,"Gable","CompShg","AsbShng","AsbShng","None",0,"TA","TA","CBlock","TA","TA","No","Unf",0,"Unf",0,969,969,"GasA","TA","N","FuseA",969,245,0,1214,0,0,1,0,2,1,"TA",6,"Typ",0,NA,"Detchd",1920,"Unf",1,216,"TA","TA","N",0,0,77,0,0,0,NA,"MnPrv",NA,0,9,2007,"WD","AdjLand",0,"Test"
"2470",2470,80,"RM",120,13200,"Pave",NA,"Reg","Lvl","AllPub","Corner","Gtl","IDOTRR","Norm","Norm","1Fam","SLvl","6","6",1963,1963,"Gable","CompShg","HdBoard","HdBoard","BrkFace",234,"TA","TA","CBlock","TA","TA","No","BLQ",375,"Unf",0,366,741,"GasA","Fa","Y","SBrkr",1497,797,0,2294,0,0,3,0,5,1,"TA",9,"Typ",1,"Gd","Attchd",1963,"Unf",2,658,"TA","TA","Y",0,110,0,0,0,0,NA,NA,NA,0,4,2007,"WD","Normal",0,"Test"
"2471",2471,60,"RM",60,9780,"Pave","Grvl","Reg","Lvl","AllPub","Inside","Gtl","IDOTRR","Norm","Norm","1Fam","2Story","7","9",1950,2005,"Gable","CompShg","VinylSd","VinylSd","None",0,"TA","Ex","CBlock","TA","TA","No","LwQ",354,"Rec",398,224,976,"GasA","Ex","Y","SBrkr",976,976,0,1952,0,0,1,1,4,1,"Gd",8,"Typ",2,"TA","Detchd",1950,"Fin",1,299,"TA","TA","Y",285,0,0,0,216,0,NA,NA,NA,0,4,2007,"WD","Normal",0,"Test"
"2472",2472,50,"RM",60,10320,"Pave","Grvl","Reg","Lvl","AllPub","Inside","Gtl","IDOTRR","Norm","Norm","1Fam","1.5Fin","6","5",1915,1950,"Gable","CompShg","MetalSd","MetalSd","None",0,"TA","TA","CBlock","TA","Fa","No","LwQ",375,"Unf",0,763,1138,"GasA","Gd","Y","SBrkr",1138,1042,0,2180,0,0,1,1,3,1,"TA",7,"Typ",1,"Gd","Detchd",2006,"Unf",2,720,"TA","TA","N",0,0,170,0,0,0,NA,NA,NA,0,5,2007,"WD","Normal",0,"Test"
"2473",2473,190,"RM",52,4330,"Pave","Grvl","Reg","Lvl","AllPub","Inside","Gtl","IDOTRR","Norm","Norm","2fmCon","1.5Fin","4","6",1958,1958,"Gable","CompShg","MetalSd","MetalSd","None",0,"TA","TA","BrkTil","Fa","TA","No","Rec",681,"ALQ",127,0,808,"GasA","TA","Y","SBrkr",838,477,0,1315,1,0,2,0,3,1,"TA",5,"Typ",0,NA,"Detchd",1958,"RFn",2,436,"TA","TA","Y",0,0,0,0,0,0,NA,NA,NA,0,2,2007,"COD","Abnorml",0,"Test"
"2474",2474,50,"RM",60,10320,"Pave","Grvl","Reg","Lvl","AllPub","Corner","Gtl","IDOTRR","Artery","Norm","1Fam","1.5Fin","4","1",1910,1950,"Gable","CompShg","Wd Sdng","Wd Sdng","None",0,"Fa","Fa","CBlock","TA","Fa","No","Unf",0,"Unf",0,771,771,"GasA","Fa","Y","SBrkr",866,504,114,1484,0,0,2,0,3,1,"TA",6,NA,0,NA,"Detchd",1910,"Unf",1,264,"TA","Fa","N",14,211,0,0,84,0,NA,NA,NA,0,9,2007,"COD","Abnorml",0,"Test"
"2475",2475,70,"RL",107,12888,"Pave",NA,"Reg","Bnk","AllPub","Inside","Gtl","Sawyer","Feedr","Norm","1Fam","2Story","7","8",1937,1980,"Gable","CompShg","Wd Sdng","Wd Sdng","None",0,"TA","Gd","CBlock","TA","TA","No","ALQ",288,"Unf",0,717,1005,"GasA","TA","Y","SBrkr",1262,1005,0,2267,1,0,1,1,3,1,"TA",7,"Typ",2,"Gd","Attchd",1937,"Fin",2,498,"TA","TA","Y",521,0,0,0,0,0,NA,NA,NA,0,4,2007,"WD","Normal",0,"Test"
"2476",2476,190,"RL",59,4484,"Pave",NA,"IR1","Lvl","AllPub","Corner","Gtl","SWISU","Norm","Norm","2fmCon","1.5Fin","5","6",1942,1979,"Gable","CompShg","Plywood","Plywood","None",0,"TA","TA","CBlock","TA","TA","No","ALQ",485,"Unf",0,187,672,"GasA","TA","N","SBrkr",778,504,0,1282,1,0,1,0,2,1,"TA",4,"Typ",0,NA,"Detchd",1942,"Unf",1,240,"TA","TA","Y",0,88,0,0,0,0,NA,"MnPrv",NA,0,7,2007,"WD","Normal",0,"Test"
"2477",2477,190,"RL",75,11235,"Pave",NA,"Reg","Lvl","AllPub","Inside","Gtl","Sawyer","Norm","Norm","2fmCon","SFoyer","5","5",1963,1963,"Gable","CompShg","HdBoard","HdBoard","None",0,"TA","TA","CBlock","Gd","TA","Av","ALQ",925,"Unf",0,0,925,"GasA","TA","Y","SBrkr",999,0,0,999,1,0,1,0,3,1,"TA",6,"Typ",0,NA,"Detchd",1963,"Unf",1,308,"TA","TA","Y",40,176,0,0,0,0,NA,"MnPrv",NA,0,3,2007,"WD","Normal",0,"Test"
"2478",2478,85,"RL",75,11235,"Pave",NA,"Reg","Lvl","AllPub","Inside","Gtl","Sawyer","Norm","Norm","1Fam","SFoyer","5","5",1964,1980,"Gable","CompShg","HdBoard","HdBoard","BrkFace",30,"TA","TA","CBlock","Gd","TA","Av","BLQ",785,"Unf",0,635,1420,"GasA","Gd","Y","SBrkr",1452,0,0,1452,1,0,1,0,2,1,"TA",6,"Min2",1,"TA","Detchd",1964,"Unf",2,572,"TA","TA","Y",92,0,88,0,0,0,NA,NA,NA,0,11,2007,"WD","Normal",0,"Test"
"2479",2479,20,"RL",62,14299,"Pave",NA,"Reg","Lvl","AllPub","Inside","Gtl","Sawyer","Feedr","Norm","1Fam","1Story","4","3",1964,1964,"Gable","CompShg","HdBoard","HdBoard","None",0,"TA","TA","CBlock","TA","TA","No","Rec",513,"LwQ",144,348,1005,"GasA","TA","Y","SBrkr",1005,0,0,1005,1,0,1,0,3,1,"TA",5,"Typ",0,NA,"Detchd",1964,"Unf",2,440,"TA","TA","N",0,0,0,0,0,0,NA,"MnPrv",NA,0,7,2007,"WD","Normal",0,"Test"
"2480",2480,80,"RL",65,14149,"Pave",NA,"IR1","Lvl","AllPub","Inside","Gtl","Sawyer","Norm","Norm","1Fam","SLvl","5","8",1964,2001,"Hip","CompShg","HdBoard","HdBoard","BrkFace",50,"Gd","Gd","CBlock","TA","TA","Gd","LwQ",68,"BLQ",722,190,980,"GasA","TA","Y","SBrkr",1020,0,0,1020,0,1,2,0,3,1,"TA",5,"Typ",1,"Po","Detchd",1970,"Unf",2,528,"TA","TA","Y",0,0,0,0,0,0,NA,NA,NA,0,5,2007,"WD","Normal",0,"Test"
"2481",2481,20,"RL",NA,11677,"Pave",NA,"IR1","Lvl","AllPub","Inside","Gtl","Sawyer","Norm","Norm","1Fam","1Story","5","4",1966,1966,"Gable","CompShg","HdBoard","HdBoard","BrkFace",442,"TA","TA","CBlock","TA","TA","Av","Rec",249,"BLQ",761,30,1040,"GasA","TA","Y","SBrkr",1040,0,0,1040,1,0,1,0,3,1,"TA",6,"Typ",0,NA,"Attchd",1966,"RFn",1,264,"TA","TA","Y",0,90,0,0,0,0,NA,"MnPrv",NA,0,2,2007,"WD","Normal",0,"Test"
"2482",2482,190,"RL",70,8425,"Pave",NA,"Reg","Lvl","AllPub","FR3","Gtl","Sawyer","Feedr","Norm","2fmCon","1Story","5","6",1971,1990,"Gable","CompShg","HdBoard","HdBoard","None",0,"TA","TA","CBlock","Gd","TA","Av","GLQ",748,"Unf",0,20,768,"GasA","Gd","Y","SBrkr",868,0,0,868,1,0,1,0,2,1,"TA",6,"Typ",0,NA,"Detchd",1989,"Unf",2,576,"TA","TA","Y",138,0,0,0,0,0,NA,"GdPrv",NA,0,5,2007,"WD","Normal",0,"Test"
"2483",2483,20,"RL",86,8665,"Pave",NA,"IR1","Lvl","AllPub","Inside","Gtl","Sawyer","Norm","Norm","1Fam","1Story","5","5",1968,1968,"Gable","CompShg","HdBoard","HdBoard","BrkFace",89,"TA","TA","CBlock","TA","TA","Mn","Rec",168,"BLQ",288,420,876,"GasA","TA","Y","SBrkr",897,0,0,897,0,0,1,0,3,1,"TA",5,"Typ",0,NA,"Attchd",1968,"RFn",1,264,"TA","TA","Y",0,0,0,0,0,0,NA,NA,NA,0,1,2007,"WD","Normal",0,"Test"
"2484",2484,20,"RL",NA,8398,"Pave",NA,"IR1","Lvl","AllPub","Inside","Gtl","Sawyer","Norm","Norm","1Fam","1Story","5","5",1967,1967,"Gable","CompShg","MetalSd","MetalSd","BrkFace",323,"TA","Gd","CBlock","TA","TA","No","LwQ",114,"BLQ",529,300,943,"GasA","TA","Y","SBrkr",943,0,0,943,1,0,1,0,2,1,"TA",5,"Typ",0,NA,"Detchd",1972,"Unf",2,528,"TA","TA","Y",132,0,0,0,0,0,NA,NA,NA,0,6,2007,"WD","Normal",0,"Test"
"2485",2485,20,"RL",NA,8169,"Pave",NA,"Reg","Lvl","AllPub","Corner","Gtl","Sawyer","Feedr","Norm","1Fam","1Story","5","7",1966,1966,"Gable","CompShg","Plywood","Plywood","None",0,"TA","Gd","CBlock","TA","TA","No","Rec",216,"ALQ",435,261,912,"GasA","Ex","Y","SBrkr",912,0,0,912,1,0,1,0,3,1,"Gd",6,"Typ",0,NA,"Detchd",1966,"Unf",1,315,"TA","TA","Y",204,0,0,0,0,0,NA,"MnPrv",NA,0,7,2007,"WD","Normal",0,"Test"
"2486",2486,20,"RL",81,14175,"Pave",NA,"Reg","Bnk","AllPub","Inside","Mod","Sawyer","PosA","Norm","1Fam","1Story","5","5",1956,1998,"Hip","CompShg","BrkFace","BrkFace","None",0,"TA","TA","CBlock","TA","TA","No","Rec",386,"ALQ",522,332,1240,"GasA","Gd","Y","SBrkr",1375,0,0,1375,1,0,1,0,3,1,"TA",6,"Typ",1,"Gd","Attchd",1956,"Unf",1,323,"TA","TA","Y",0,0,0,0,0,0,NA,NA,NA,0,12,2007,"WD","Normal",0,"Test"
"2487",2487,60,"RL",99,16779,"Pave",NA,"Reg","Lvl","AllPub","Inside","Gtl","Sawyer","Feedr","Norm","1Fam","2Story","5","4",1920,1996,"Gable","CompShg","Wd Sdng","Wd Sdng","BrkFace",356,"TA","Fa","CBlock","Gd","TA","No","BLQ",267,"Unf",0,404,671,"GasA","Fa","Y","SBrkr",1567,1087,0,2654,0,0,3,0,4,1,"TA",11,"Mod",1,"Gd","Attchd",1946,"Unf",2,638,"TA","TA","Y",128,570,0,0,0,0,NA,NA,"Shed",500,5,2007,"WD","Normal",0,"Test"
"2488",2488,50,"RL",70,6960,"Pave",NA,"Reg","Lvl","AllPub","Inside","Gtl","Sawyer","Norm","Norm","1Fam","1.5Fin","7","8",1940,1998,"Gable","CompShg","Wd Sdng","Wd Sdng","None",0,"TA","TA","BrkTil","TA","TA","No","ALQ",258,"Unf",0,422,680,"GasA","Ex","Y","FuseA",798,504,0,1302,0,0,1,1,2,1,"Gd",6,"Typ",2,"Gd","Attchd",1940,"Unf",1,224,"TA","TA","Y",0,0,0,0,126,0,NA,"MnPrv",NA,0,7,2007,"WD","Normal",0,"Test"
"2489",2489,20,"RL",91,11375,"Pave",NA,"Reg","Lvl","AllPub","Inside","Gtl","Sawyer","Norm","Norm","1Fam","1Story","6","5",1954,1995,"Gable","CompShg","VinylSd","VinylSd","None",0,"TA","TA","CBlock","TA","TA","No","Rec",736,"Unf",0,231,967,"GasA","TA","Y","SBrkr",1299,0,0,1299,0,0,1,0,3,1,"Gd",6,"Typ",1,"TA","Attchd",1954,"Unf",2,494,"TA","TA","Y",81,0,280,0,0,0,NA,NA,NA,0,10,2007,"WD","Normal",0,"Test"
"2490",2490,20,"RL",85,13770,"Pave",NA,"Reg","Lvl","AllPub","Corner","Gtl","Sawyer","Feedr","Norm","1Fam","1Story","5","6",1958,1998,"Gable","CompShg","Plywood","Plywood","BrkFace",340,"TA","TA","CBlock","TA","TA","Mn","Rec",190,"BLQ",873,95,1158,"GasA","TA","Y","SBrkr",1176,0,0,1176,1,0,1,0,3,1,"TA",6,"Typ",2,"Gd","Attchd",1958,"Unf",1,303,"TA","TA","Y",0,0,0,0,0,0,NA,NA,NA,0,10,2007,NA,"Normal",0,"Test"
"2491",2491,20,"RL",NA,9000,"Pave",NA,"Reg","Lvl","AllPub","Inside","Gtl","Sawyer","Norm","Norm","1Fam","1Story","4","7",1945,1950,"Gable","CompShg","Wd Sdng","Wd Sdng","None",0,"Fa","TA","Slab",NA,NA,NA,NA,0,NA,0,0,0,"GasA","TA","N","FuseA",998,0,0,998,0,0,1,0,3,1,"TA",5,"Min2",0,NA,"2Types",1952,"Unf",2,460,"Fa","TA","Y",0,0,140,0,0,0,NA,NA,NA,0,5,2007,"WD","Normal",0,"Test"
"2492",2492,20,"RL",NA,11075,"Pave",NA,"Reg","Lvl","AllPub","Corner","Gtl","ClearCr","Norm","Norm","1Fam","1Story","6","5",1984,1984,"Hip","CompShg","Wd Sdng","Wd Sdng","BrkFace",136,"TA","TA","PConc","Gd","TA","No","BLQ",299,"LwQ",891,0,1190,"GasA","Ex","Y","SBrkr",1522,0,0,1522,0,0,2,0,3,1,"TA",7,"Typ",1,"TA","Attchd",1984,"Fin",2,552,"TA","TA","Y",0,77,0,0,168,0,NA,"GdPrv",NA,0,2,2007,"WD","Normal",0,"Test"
"2493",2493,20,"RL",NA,17541,"Pave",NA,"IR1","Lvl","AllPub","Corner","Gtl","Edwards","Norm","Norm","1Fam","1Story","5","7",1948,2005,"Hip","CompShg","Wd Sdng","Wd Sdng","None",0,"TA","Gd","CBlock","TA","Gd","Mn","BLQ",300,"Unf",0,109,409,"GasA","Ex","Y","SBrkr",1325,0,0,1325,0,0,2,0,3,1,"Gd",6,"Typ",1,"TA","Detchd",1996,"Unf",2,576,"TA","TA","Y",0,42,0,0,0,0,NA,NA,NA,0,7,2007,"WD","Normal",0,"Test"
"2494",2494,20,"RL",NA,22692,"Pave",NA,"IR1","Lvl","AllPub","Inside","Gtl","Edwards","Norm","Norm","1Fam","1Story","5","5",1953,1953,"Gable","CompShg","MetalSd","MetalSd","None",0,"TA","TA","CBlock","TA","TA","No","Rec",587,"Unf",0,486,1073,"GasA","TA","Y","SBrkr",1630,0,0,1630,0,0,2,0,3,1,"TA",6,"Mod",1,"TA","Detchd",1953,"Unf",2,649,"TA","TA","P",0,64,0,0,0,0,NA,NA,NA,0,3,2007,"COD","Normal",0,"Test"
"2495",2495,20,"RL",84,17808,"Pave",NA,"Reg","Lvl","AllPub","Inside","Gtl","Edwards","Feedr","Norm","1Fam","1Story","4","5",1946,1950,"Gable","CompShg","Wd Sdng","Wd Sdng","None",0,"TA","TA","CBlock","TA","TA","No","Unf",0,"Unf",0,484,484,"GasA","TA","N","SBrkr",1242,0,0,1242,0,0,1,0,2,1,"TA",4,"Mod",0,NA,"Attchd",1946,"Unf",1,336,"TA","TA","N",0,0,0,0,0,0,NA,NA,NA,0,7,2007,"WD","Normal",0,"Test"
"2496",2496,20,"RL",102,12671,"Pave",NA,"IR1","Lvl","AllPub","Corner","Gtl","ClearCr","Norm","Norm","1Fam","1Story","6","7",1954,1994,"Hip","CompShg","MetalSd","MetalSd","Stone",300,"TA","Gd","CBlock","Gd","Fa","No","LwQ",353,"Unf",0,935,1288,"GasA","Ex","Y","SBrkr",2422,0,0,2422,0,0,3,0,4,1,"Gd",6,"Min2",2,"Gd","Attchd",1954,"Fin",2,527,"TA","TA","Y",0,63,0,0,144,0,NA,NA,NA,0,7,2007,"WD","Normal",0,"Test"
"2497",2497,50,"RL",70,10512,"Pave",NA,"Reg","Lvl","AllPub","Inside","Gtl","Edwards","Norm","Norm","1Fam","1.5Fin","6","6",1954,1954,"Gable","CompShg","Wd Sdng","Wd Sdng","None",0,"TA","TA","CBlock","TA","TA","No","BLQ",491,"Unf",0,497,988,"GasA","Ex","Y","SBrkr",988,638,0,1626,0,0,1,1,3,1,"Gd",6,"Typ",0,NA,"Attchd",1954,"Unf",1,332,"TA","TA","Y",366,0,0,0,0,0,NA,NA,NA,0,5,2007,"WD","Normal",0,"Test"
"2498",2498,20,"RL",60,5400,"Pave",NA,"Reg","HLS","AllPub","Inside","Gtl","SWISU","Norm","Norm","1Fam","1Story","5","5",1958,1958,"Gable","CompShg","MetalSd","MetalSd","None",0,"TA","TA","CBlock","TA","TA","No","Rec",453,"Unf",0,411,864,"GasA","TA","Y","SBrkr",864,0,0,864,0,1,1,0,3,1,"TA",6,"Typ",0,NA,"Attchd",1958,"Unf",1,399,"TA","TA","Y",0,0,0,0,0,0,NA,NA,NA,0,5,2007,"WD","Normal",0,"Test"
"2499",2499,30,"RL",NA,11515,"Pave",NA,"IR1","Lvl","AllPub","CulDSac","Gtl","Edwards","Norm","Norm","1Fam","1Story","4","5",1958,1994,"Gable","CompShg","HdBoard","HdBoard","None",0,"TA","TA","Slab",NA,NA,NA,NA,0,NA,0,0,0,"GasA","TA","N","SBrkr",943,0,0,943,0,0,1,0,3,1,"Gd",5,"Min2",0,NA,"Detchd",1958,"Unf",1,308,"TA","TA","N",0,0,60,0,0,0,NA,NA,NA,0,8,2007,"WD","Normal",0,"Test"
"2500",2500,120,"RL",39,3869,"Pave",NA,"Reg","Lvl","AllPub","Inside","Mod","Edwards","Norm","Norm","TwnhsE","1Story","5","6",1984,1984,"Gable","CompShg","Wd Sdng","Wd Sdng","BrkFace",149,"Gd","Ex","CBlock","TA","TA","No","LwQ",283,"GLQ",755,0,1038,"GasA","Gd","Y","SBrkr",1038,0,0,1038,0,0,2,0,2,1,"TA",5,"Typ",0,NA,"Attchd",1984,"RFn",1,264,"TA","TA","Y",0,105,0,0,0,0,NA,NA,NA,0,7,2007,"WD","Normal",0,"Test"
"2501",2501,20,"RL",58,9280,"Pave",NA,"Reg","Lvl","AllPub","Inside","Gtl","Edwards","Norm","Norm","1Fam","1Story","5","6",1951,1951,"Gable","CompShg","Wd Sdng","Wd Sdng","None",0,"TA","TA","CBlock","Fa","TA","No","ALQ",557,"Unf",0,785,1342,"GasA","Ex","Y","SBrkr",1342,0,0,1342,1,0,1,0,4,1,"TA",7,"Typ",0,NA,"Detchd",1951,"Unf",1,256,"TA","TA","Y",0,0,0,0,0,0,NA,NA,NA,0,4,2007,"WD","Normal",0,"Test"
"2502",2502,50,"RL",60,11100,"Pave",NA,"Reg","Lvl","AllPub","Inside","Gtl","Edwards","Norm","Norm","1Fam","1.5Fin","5","6",1951,1994,"Gable","CompShg","Wd Sdng","Wd Sdng","None",0,"TA","TA","PConc","TA","TA","Mn","LwQ",1080,"Unf",0,0,1080,"GasA","TA","N","SBrkr",1080,400,0,1480,1,0,1,0,4,1,"TA",7,"Typ",1,"Gd","Attchd",1951,"Unf",1,253,"TA","TA","Y",0,0,68,0,0,0,NA,NA,NA,0,7,2007,"WD","Normal",0,"Test"
"2503",2503,50,"RL",50,7550,"Pave",NA,"Reg","Lvl","AllPub","Inside","Gtl","Edwards","Norm","Norm","1Fam","1.5Fin","4","5",1920,1950,"Gambrel","CompShg","MetalSd","MetalSd","None",0,"Fa","Fa","BrkTil","TA","Fa","No","Unf",0,"Unf",0,951,951,"GasW","Fa","N","SBrkr",986,376,0,1362,0,0,2,0,4,1,"TA",7,"Typ",0,NA,"Detchd",1920,"Unf",1,280,"Fa","TA","P",0,0,0,0,0,0,NA,"MnPrv",NA,0,3,2007,"WD","Normal",0,"Test"
"2504",2504,50,"RL",104,23920,"Pave",NA,"Reg","Lvl","AllPub","Inside","Gtl","SawyerW","Feedr","Norm","1Fam","1.5Fin","6","5",1984,1984,"Gable","CompShg","Wd Sdng","Wd Sdng","None",0,"TA","TA","CBlock","TA","TA","No","Unf",0,"Unf",0,1105,1105,"GasA","Ex","Y","SBrkr",1105,717,0,1822,0,0,2,0,4,1,"Gd",7,"Min2",1,"Po","Attchd",1984,"Unf",2,515,"TA","TA","P",0,195,1012,0,0,444,NA,NA,NA,0,4,2007,"WD","Normal",0,"Test"
"2505",2505,60,"RL",75,9317,"Pave",NA,"Reg","Lvl","AllPub","Inside","Gtl","SawyerW","Norm","Norm","1Fam","2Story","7","5",1994,2001,"Gable","CompShg","VinylSd","VinylSd","None",0,"Gd","Gd","PConc","Gd","Gd","No","GLQ",497,"Unf",0,282,779,"GasA","Ex","Y","SBrkr",1029,929,0,1958,1,0,2,1,3,1,"Gd",7,"Typ",1,"TA","Attchd",1994,"RFn",2,499,"TA","TA","Y",202,93,0,0,0,0,NA,NA,NA,0,7,2007,"CWD","Normal",0,"Test"
"2506",2506,20,"RL",71,9178,"Pave",NA,"Reg","Lvl","AllPub","Inside","Gtl","CollgCr","Norm","Norm","1Fam","1Story","8","5",2007,2007,"Gable","CompShg","VinylSd","VinylSd","Stone",306,"Gd","TA","PConc","Gd","TA","Av","Unf",0,"Unf",0,1643,1643,"GasA","Ex","Y","SBrkr",1651,0,0,1651,0,0,2,0,3,1,"Gd",7,"Typ",1,"Gd","Attchd",2007,"Fin",3,870,"TA","TA","Y",204,64,0,0,0,0,NA,NA,NA,0,9,2007,"New","Partial",0,"Test"
"2507",2507,20,"RL",93,10481,"Pave",NA,"IR1","Lvl","AllPub","Inside","Gtl","CollgCr","Norm","Norm","1Fam","1Story","8","5",2006,2007,"Hip","CompShg","CemntBd","CmentBd","None",0,"Gd","TA","PConc","Gd","TA","Av","Unf",0,"Unf",0,2140,2140,"GasA","Ex","Y","SBrkr",2140,0,0,2140,0,0,2,1,3,1,"Gd",8,"Typ",0,NA,"Attchd",2006,"Fin",3,894,"TA","TA","Y",136,32,0,0,0,0,NA,NA,NA,0,6,2007,"New","Partial",0,"Test"
"2508",2508,20,"RL",66,10235,"Pave",NA,"IR1","Lvl","AllPub","Inside","Gtl","CollgCr","Norm","Norm","1Fam","1Story","8","5",2007,2007,"Gable","CompShg","VinylSd","VinylSd","Stone",306,"Gd","TA","PConc","Gd","TA","Av","Unf",0,"Unf",0,1643,1643,"GasA","Ex","Y","SBrkr",1651,0,0,1651,0,0,2,0,3,1,"Gd",7,"Typ",1,"Gd","Attchd",2007,"RFn",3,870,"TA","TA","Y",192,64,0,0,0,0,NA,NA,NA,0,9,2007,"New","Partial",0,"Test"
"2509",2509,20,"RL",75,11750,"Pave",NA,"IR1","Lvl","AllPub","Inside","Gtl","CollgCr","Norm","Norm","1Fam","1Story","7","5",2005,2006,"Gable","CompShg","VinylSd","VinylSd","BrkFace",204,"Gd","TA","PConc","Gd","TA","Mn","GLQ",20,"Unf",0,1526,1546,"GasA","Ex","Y","SBrkr",1546,0,0,1546,0,0,2,0,3,1,"Gd",7,"Typ",0,NA,"Attchd",2005,"RFn",3,796,"TA","TA","Y",144,42,0,0,0,0,NA,NA,NA,0,6,2007,"WD","Normal",0,"Test"
"2510",2510,20,"RL",73,8760,"Pave",NA,"Reg","Lvl","AllPub","Inside","Gtl","CollgCr","Norm","Norm","1Fam","1Story","8","5",2006,2006,"Gable","CompShg","VinylSd","VinylSd","BrkFace",132,"Gd","TA","PConc","Gd","TA","No","GLQ",36,"Unf",0,1453,1489,"GasA","Ex","Y","SBrkr",1500,0,0,1500,0,0,2,0,3,1,"Gd",7,"Typ",1,"Gd","Attchd",2005,"RFn",2,674,"TA","TA","Y",144,38,0,0,0,0,NA,NA,NA,0,6,2007,"WD","Normal",0,"Test"
"2511",2511,20,"RL",64,7242,"Pave",NA,"Reg","Lvl","AllPub","Inside","Gtl","CollgCr","Norm","Norm","1Fam","1Story","7","5",2005,2006,"Gable","CompShg","VinylSd","VinylSd","None",0,"Gd","TA","PConc","Gd","TA","No","Unf",0,"Unf",0,1270,1270,"GasA","Ex","Y","SBrkr",1270,0,0,1270,0,0,2,0,2,1,"Gd",6,"Typ",0,NA,"Attchd",2005,"RFn",2,524,"TA","TA","Y",0,96,0,0,0,0,NA,NA,NA,0,7,2007,"WD","Normal",0,"Test"
"2512",2512,60,"RL",78,9316,"Pave",NA,"Reg","Lvl","AllPub","Inside","Gtl","CollgCr","Norm","Norm","1Fam","2Story","7","5",2005,2006,"Gable","CompShg","VinylSd","VinylSd","None",0,"Gd","TA","PConc","Gd","TA","Gd","Unf",0,"Unf",0,879,879,"GasA","Ex","Y","SBrkr",879,916,0,1795,0,0,2,1,3,1,"Gd",7,"Typ",0,NA,"Attchd",2005,"RFn",2,578,"TA","TA","Y",164,111,0,0,0,0,NA,NA,NA,0,10,2007,"WD","Normal",0,"Test"
"2513",2513,60,"RL",NA,8883,"Pave",NA,"IR1","Lvl","AllPub","Inside","Gtl","SawyerW","Norm","Norm","1Fam","2Story","7","5",1988,1988,"Gable","CompShg","HdBoard","HdBoard","BrkFace",360,"Gd","TA","PConc","Gd","TA","No","GLQ",608,"LwQ",321,0,929,"GasA","Ex","Y","SBrkr",946,927,0,1873,1,0,2,1,3,1,"Gd",7,"Typ",1,"TA","Attchd",1988,"RFn",2,619,"TA","TA","Y",108,48,0,0,144,0,NA,"GdPrv",NA,0,5,2007,"WD","Normal",0,"Test"
"2514",2514,20,"RL",155,20064,"Pave",NA,"IR1","Low","AllPub","Inside","Sev","ClearCr","Norm","Norm","1Fam","1Story","8","6",1976,1976,"Shed","WdShngl","Wd Sdng","Wd Sdng","None",0,"Gd","TA","CBlock","Gd","Gd","Gd","LwQ",51,"GLQ",915,0,966,"GasA","Ex","Y","SBrkr",1743,0,0,1743,2,0,0,1,0,1,"Gd",5,"Typ",2,"Fa","Attchd",1976,"Fin",2,529,"TA","TA","Y",646,0,0,0,0,0,NA,NA,NA,0,5,2007,"WD","Normal",0,"Test"
"2515",2515,20,"RL",NA,14217,"Pave",NA,"IR2","Lvl","AllPub","CulDSac","Gtl","CollgCr","Norm","Norm","1Fam","1Story","5","5",1994,1994,"Gable","CompShg","VinylSd","VinylSd","None",0,"TA","TA","PConc","Gd","TA","No","ALQ",550,"Unf",0,472,1022,"GasA","Gd","Y","SBrkr",1022,0,0,1022,0,1,1,0,3,1,"TA",6,"Typ",0,NA,"Detchd",1995,"Unf",2,747,"TA","TA","Y",0,0,0,0,0,0,NA,NA,NA,0,8,2007,"WD","Normal",0,"Test"
"2516",2516,60,"RL",57,10021,"Pave",NA,"IR1","Lvl","AllPub","Inside","Gtl","CollgCr","Norm","Norm","1Fam","2Story","6","6",1997,2006,"Gable","CompShg","VinylSd","VinylSd","None",0,"TA","Gd","PConc","Gd","TA","No","GLQ",539,"Unf",0,96,635,"GasA","Ex","Y","SBrkr",646,662,0,1308,1,0,2,1,3,1,"Gd",6,"Typ",0,NA,"Attchd",1997,"RFn",2,497,"TA","TA","Y",142,54,0,0,0,0,NA,NA,NA,0,5,2007,"WD","Normal",0,"Test"
"2517",2517,20,"RL",60,8428,"Pave",NA,"IR2","Lvl","AllPub","Inside","Gtl","CollgCr","Norm","Norm","1Fam","1Story","5","7",1994,1994,"Gable","CompShg","VinylSd","VinylSd","None",0,"TA","Gd","PConc","Gd","Gd","No","GLQ",420,"Unf",0,570,990,"GasA","Ex","Y","SBrkr",990,0,0,990,1,0,1,0,3,1,"TA",5,"Typ",0,NA,"Detchd",1995,"Unf",1,384,"TA","TA","Y",256,0,0,0,0,0,NA,NA,NA,0,7,2007,"WD","Normal",0,"Test"
"2518",2518,20,"RL",70,16561,"Pave",NA,"IR2","Low","AllPub","Inside","Mod","CollgCr","Norm","Norm","1Fam","1Story","5","5",1996,1996,"Gable","CompShg","VinylSd","VinylSd","None",0,"TA","TA","PConc","Gd","TA","No","ALQ",549,"Unf",0,548,1097,"GasA","Ex","Y","SBrkr",1097,0,0,1097,1,0,1,1,3,1,"TA",6,"Typ",0,NA,"Attchd",1996,"Unf",1,242,"TA","TA","Y",306,0,0,0,0,0,NA,"GdPrv",NA,0,7,2007,"WD","Normal",0,"Test"
"2519",2519,60,"RL",47,10820,"Pave",NA,"IR2","Lvl","AllPub","CulDSac","Gtl","CollgCr","Norm","Norm","1Fam","2Story","7","5",1999,1999,"Gable","CompShg","VinylSd","VinylSd","None",0,"Gd","TA","PConc","Gd","TA","Gd","GLQ",342,"Unf",0,646,988,"GasA","Ex","Y","SBrkr",988,885,0,1873,0,0,2,1,3,1,"Gd",7,"Typ",1,"TA","Attchd",1999,"RFn",2,597,"TA","TA","Y",202,123,0,0,0,0,NA,NA,NA,0,3,2007,"WD","Normal",0,"Test"
"2520",2520,60,"RL",43,12352,"Pave",NA,"IR2","Lvl","AllPub","CulDSac","Gtl","CollgCr","Norm","Norm","1Fam","2Story","7","5",1998,1999,"Gable","CompShg","VinylSd","VinylSd","BrkFace",290,"Gd","TA","PConc","Gd","TA","No","GLQ",638,"Unf",0,215,853,"GasA","Ex","Y","SBrkr",853,900,0,1753,1,0,2,1,3,1,"TA",7,"Typ",1,"Fa","Attchd",1998,"RFn",2,534,"TA","TA","Y",0,74,0,0,0,0,NA,NA,NA,0,3,2007,"WD","Normal",0,"Test"
"2521",2521,60,"RL",68,9543,"Pave",NA,"IR1","Lvl","AllPub","Inside","Gtl","CollgCr","Norm","Norm","1Fam","2Story","7","5",2001,2001,"Gable","CompShg","VinylSd","VinylSd","None",0,"Gd","TA","PConc","Gd","TA","No","Unf",0,"Unf",0,845,845,"GasA","Ex","Y","SBrkr",845,845,0,1690,0,0,2,1,3,1,"Gd",7,"Typ",0,NA,"Attchd",2001,"RFn",2,517,"TA","TA","Y",0,103,0,0,0,0,NA,NA,NA,0,2,2007,"WD","Normal",0,"Test"
"2522",2522,60,"RL",NA,8826,"Pave",NA,"Reg","Lvl","AllPub","Inside","Gtl","CollgCr","Norm","Norm","1Fam","2Story","7","5",2000,2000,"Gable","CompShg","VinylSd","VinylSd","BrkFace",144,"Gd","TA","PConc","Gd","TA","No","GLQ",841,"Unf",0,144,985,"GasA","Ex","Y","SBrkr",985,857,0,1842,1,0,2,1,3,1,"Gd",7,"Typ",1,"TA","Attchd",2000,"Fin",2,486,"TA","TA","Y",193,96,0,0,0,0,NA,NA,NA,0,7,2007,"WD","Normal",0,"Test"
"2523",2523,20,"RL",97,11800,"Pave",NA,"IR1","Bnk","AllPub","Inside","Gtl","CollgCr","Norm","Norm","1Fam","1Story","5","5",1974,1974,"Gable","CompShg","HdBoard","HdBoard","None",0,"TA","TA","CBlock","Gd","TA","Av","BLQ",663,"Unf",0,201,864,"GasA","TA","Y","SBrkr",894,0,0,894,0,0,1,0,3,1,"TA",5,"Typ",0,NA,"Attchd",1974,"Unf",2,440,"TA","TA","Y",0,0,0,0,0,0,NA,NA,NA,0,8,2007,"WD","Family",0,"Test"
"2524",2524,80,"RL",59,8660,"Pave",NA,"IR1","Lvl","AllPub","Inside","Gtl","CollgCr","Norm","Norm","1Fam","SLvl","5","5",1976,1976,"Gable","CompShg","VinylSd","VinylSd","BrkFace",113,"TA","Gd","CBlock","Gd","TA","Av","GLQ",502,"Unf",0,513,1015,"GasA","TA","Y","SBrkr",1025,0,0,1025,0,0,2,0,3,1,"TA",6,"Typ",1,"Fa","Detchd",1979,"Unf",2,370,"TA","TA","Y",127,0,0,0,0,0,NA,NA,NA,0,7,2007,"WD","Normal",0,"Test"
"2525",2525,80,"RL",72,9720,"Pave",NA,"Reg","Lvl","AllPub","Inside","Gtl","CollgCr","Norm","Norm","1Fam","SLvl","5","7",1977,1977,"Gable","CompShg","Plywood","VinylSd","BrkFace",51,"TA","TA","CBlock","TA",NA,"Av","ALQ",755,"Unf",0,240,995,"GasA","TA","Y","SBrkr",1009,0,0,1009,0,0,2,0,3,1,"TA",6,"Typ",1,"Fa","Detchd",1977,"Unf",2,576,"TA","TA","Y",0,0,0,0,0,0,NA,"MnPrv",NA,0,6,2007,"WD","Normal",0,"Test"
"2526",2526,20,"RL",45,8982,"Pave",NA,"IR1","Lvl","AllPub","CulDSac","Gtl","CollgCr","Norm","Norm","1Fam","1Story","5","5",1977,1977,"Gable","CompShg","CemntBd","CmentBd","None",0,"TA","TA","CBlock","Gd","TA","Av","ALQ",539,"Unf",0,501,1040,"GasA","TA","Y","SBrkr",1040,0,0,1040,0,0,1,1,3,1,"TA",5,"Typ",0,NA,"Detchd",1977,"Unf",2,748,"TA","TA","Y",0,0,0,0,0,0,NA,"MnPrv",NA,0,1,2007,"WD","Normal",0,"Test"
"2527",2527,20,"RL",39,16300,"Pave",NA,"IR1","Lvl","AllPub","CulDSac","Gtl","CollgCr","Norm","Norm","1Fam","1Story","5","4",1977,1977,"Gable","CompShg","HdBoard","HdBoard","None",0,"TA","TA","CBlock","Gd","TA","Av","Rec",60,"BLQ",417,399,876,"GasA","TA","Y","SBrkr",907,0,0,907,1,0,1,0,3,1,"TA",5,"Typ",0,NA,"Attchd",1977,"RFn",1,308,"TA","TA","Y",0,0,0,0,0,0,NA,"MnPrv",NA,0,1,2007,"WD","Normal",0,"Test"
"2528",2528,20,"RL",75,9675,"Pave",NA,"Reg","Lvl","AllPub","Corner","Gtl","CollgCr","Norm","Norm","1Fam","1Story","5","6",1975,1975,"Hip","CompShg","HdBoard","HdBoard","None",0,"TA","TA","CBlock","TA","TA","No","BLQ",330,"Rec",432,102,864,"GasA","TA","Y","SBrkr",879,0,0,879,0,0,1,0,3,1,"TA",5,"Typ",0,NA,"Attchd",1975,"Unf",2,440,"TA","TA","Y",0,80,0,0,0,0,NA,NA,NA,0,9,2007,"Con","Normal",0,"Test"
"2529",2529,20,"RL",60,7200,"Pave",NA,"Reg","Lvl","AllPub","Inside","Gtl","CollgCr","Norm","Norm","1Fam","1Story","5","5",1972,2000,"Gable","CompShg","VinylSd","VinylSd","None",0,"TA","TA","CBlock","TA","TA","No","ALQ",671,"Unf",0,193,864,"GasA","Gd","Y","SBrkr",864,0,0,864,1,0,1,0,3,1,"Ex",5,"Typ",0,NA,"Detchd",1977,"Fin",2,576,"Gd","Ex","Y",155,0,0,0,0,0,NA,NA,NA,0,9,2007,"WD","Normal",0,"Test"
"2530",2530,20,"RL",60,7200,"Pave",NA,"Reg","Lvl","AllPub","Inside","Gtl","CollgCr","Norm","Norm","1Fam","1Story","4","8",1972,2006,"Gable","CompShg","Plywood","Plywood","None",0,"TA","Gd","CBlock","TA","TA","No","Rec",385,"Unf",0,0,385,"GasA","Gd","Y","SBrkr",875,0,0,875,0,0,1,0,3,1,"Gd",5,"Typ",0,NA,"Detchd",1975,"Unf",2,728,"TA","TA","Y",352,0,0,0,0,0,NA,NA,NA,0,10,2007,"WD","Normal",0,"Test"
"2531",2531,20,"RL",NA,11354,"Pave",NA,"Reg","Lvl","AllPub","Inside","Gtl","CollgCr","Norm","Norm","1Fam","1Story","7","5",2000,2000,"Gable","CompShg","VinylSd","VinylSd","None",0,"Gd","TA","PConc","TA","TA","Gd","GLQ",1412,"Unf",0,261,1673,"GasA","Ex","Y","SBrkr",1673,0,0,1673,1,0,2,0,3,1,"Gd",7,"Typ",1,"TA","Attchd",2000,"RFn",2,583,"TA","TA","Y",306,113,0,0,116,0,NA,NA,NA,0,1,2007,"WD","Normal",0,"Test"
"2532",2532,60,"RL",70,8749,"Pave",NA,"Reg","Lvl","AllPub","Inside","Gtl","CollgCr","Norm","Norm","1Fam","2Story","7","5",2003,2003,"Gable","CompShg","VinylSd","VinylSd","None",0,"Gd","TA","PConc","Gd","TA","No","GLQ",654,"Unf",0,325,979,"GasA","Ex","Y","SBrkr",992,940,0,1932,1,0,2,1,3,1,"Gd",7,"Typ",1,"Gd","Attchd",2003,"RFn",2,610,"TA","TA","Y",0,120,0,0,0,0,NA,NA,NA,0,6,2007,"WD","Normal",0,"Test"
"2533",2533,60,"RL",65,8158,"Pave",NA,"Reg","Lvl","AllPub","Inside","Gtl","CollgCr","Norm","Norm","1Fam","2Story","7","5",2002,2002,"Gable","CompShg","VinylSd","VinylSd","BrkFace",214,"Gd","TA","PConc","Gd","TA","No","Unf",0,"Unf",0,860,860,"GasA","Ex","Y","SBrkr",860,869,0,1729,0,0,2,1,3,1,"Gd",7,"Typ",0,NA,"Attchd",2002,"Fin",2,542,"TA","TA","Y",386,63,0,0,0,0,NA,NA,NA,0,8,2007,"WD","Normal",0,"Test"
"2534",2534,20,"RL",73,11927,"Pave",NA,"Reg","Lvl","AllPub","Inside","Gtl","CollgCr","Norm","Norm","1Fam","1Story","8","5",1994,1995,"Hip","CompShg","HdBoard","HdBoard","BrkFace",519,"Gd","TA","PConc","Gd","TA","Gd","BLQ",408,"GLQ",465,683,1556,"GasA","Ex","Y","SBrkr",1592,0,0,1592,0,0,2,0,3,1,"Gd",7,"Typ",1,"TA","Attchd",1994,"Fin",2,484,"TA","TA","Y",120,35,0,0,0,0,NA,NA,NA,0,6,2007,"WD","Normal",0,"Test"
"2535",2535,60,"RL",NA,12728,"Pave",NA,"Reg","Lvl","AllPub","Inside","Gtl","CollgCr","Norm","Norm","1Fam","2Story","8","5",2001,2001,"Gable","CompShg","VinylSd","VinylSd","BrkFace",256,"Gd","TA","PConc","Gd","TA","Mn","GLQ",1198,"Unf",0,333,1531,"GasA","Ex","Y","SBrkr",1531,908,0,2439,1,0,2,1,4,1,"Gd",7,"Typ",1,"TA","Attchd",2001,"Fin",2,560,"TA","TA","Y",184,121,0,0,0,0,NA,NA,NA,0,1,2007,"WD","Normal",0,"Test"
"2536",2536,60,"RL",NA,15295,"Pave",NA,"IR3","Lvl","AllPub","Corner","Gtl","CollgCr","Norm","Norm","1Fam","2Story","7","5",1996,2002,"Gable","CompShg","VinylSd","VinylSd","BrkFace",254,"Gd","TA","PConc","Gd","TA","Mn","GLQ",762,"Unf",0,98,860,"GasA","Ex","Y","SBrkr",1212,780,0,1992,1,0,2,1,3,1,"Gd",7,"Min2",2,"TA","Attchd",1996,"RFn",2,608,"TA","TA","Y",225,32,0,0,0,0,NA,NA,NA,0,6,2007,"WD","Normal",0,"Test"
"2537",2537,20,"RL",73,17227,"Pave",NA,"IR2","Lvl","AllPub","CulDSac","Mod","CollgCr","Norm","Norm","1Fam","1Story","8","5",1999,2000,"Gable","CompShg","VinylSd","VinylSd","BrkFace",158,"Gd","TA","PConc","Gd","TA","Gd","GLQ",915,"Unf",0,426,1341,"GasA","Ex","Y","SBrkr",1341,0,0,1341,1,0,1,1,1,1,"Gd",5,"Typ",1,"TA","Attchd",1999,"RFn",2,482,"TA","TA","Y",240,84,0,0,0,0,NA,NA,NA,0,1,2007,"WD","Normal",0,"Test"
"2538",2538,60,"RL",70,8145,"Pave",NA,"IR1","Lvl","AllPub","Inside","Gtl","CollgCr","Norm","Norm","1Fam","2Story","7","5",2007,2007,"Gable","CompShg","VinylSd","VinylSd","None",0,"Gd","TA","PConc","Gd","TA","No","Unf",0,"Unf",0,738,738,"GasA","Ex","Y","SBrkr",738,738,0,1476,0,0,2,1,3,1,"Gd",7,"Typ",0,NA,"Attchd",2007,"RFn",2,552,"TA","TA","Y",0,35,0,0,0,0,NA,NA,NA,0,6,2007,"New","Partial",0,"Test"
"2539",2539,20,"RL",65,8769,"Pave",NA,"Reg","Lvl","AllPub","FR2","Gtl","CollgCr","Norm","Norm","1Fam","1Story","7","5",2005,2005,"Gable","CompShg","VinylSd","VinylSd","None",0,"Gd","TA","PConc","Gd","TA","Av","GLQ",709,"Unf",0,460,1169,"GasA","Ex","Y","SBrkr",1190,0,0,1190,1,0,2,0,2,1,"Gd",5,"Typ",0,NA,"Attchd",2005,"RFn",2,578,"TA","TA","Y",100,41,0,0,0,0,NA,NA,NA,0,10,2007,"WD","Normal",0,"Test"
"2540",2540,20,"RL",64,8334,"Pave",NA,"Reg","Lvl","AllPub","Inside","Gtl","CollgCr","Norm","Norm","1Fam","1Story","6","5",2006,2007,"Gable","CompShg","VinylSd","VinylSd","None",0,"Gd","TA","PConc","Gd","TA","No","Unf",0,"Unf",0,1330,1330,"GasA","Ex","Y","SBrkr",1330,0,0,1330,0,0,2,0,3,1,"Gd",6,"Typ",1,"Gd","Attchd",2006,"Fin",2,437,"TA","TA","Y",0,23,0,0,0,0,NA,NA,NA,0,7,2007,"New","Partial",0,"Test"
"2541",2541,60,"RL",64,8333,"Pave",NA,"Reg","Lvl","AllPub","Inside","Gtl","CollgCr","Norm","Norm","1Fam","2Story","7","5",2006,2006,"Gable","CompShg","VinylSd","VinylSd","None",0,"Gd","TA","PConc","Gd","TA","No","Unf",0,"Unf",0,738,738,"GasA","Gd","Y","SBrkr",738,753,0,1491,0,0,2,1,3,1,"Gd",7,"Typ",1,"Gd","Attchd",2006,"RFn",2,484,"TA","TA","Y",100,30,0,0,0,0,NA,NA,NA,0,5,2007,"WD","Normal",0,"Test"
"2542",2542,60,"RL",64,9045,"Pave",NA,"IR1","Lvl","AllPub","Inside","Gtl","CollgCr","Norm","Norm","1Fam","2Story","5","5",2005,2005,"Gable","CompShg","VinylSd","VinylSd","None",0,"Gd","TA","PConc","Gd","TA","Mn","Unf",0,"Unf",0,768,768,"GasA","Ex","Y","SBrkr",768,768,0,1536,0,0,2,1,3,1,"Gd",6,"Typ",0,NA,"Attchd",2005,"Fin",2,400,"TA","TA","Y",0,40,0,0,0,0,NA,NA,NA,0,6,2007,"WD","Normal",0,"Test"
"2543",2543,85,"RL",75,9825,"Pave",NA,"Reg","Low","AllPub","Inside","Gtl","Edwards","Norm","Norm","1Fam","SFoyer","5","5",1967,1967,"Gable","CompShg","HdBoard","HdBoard","BrkFace",162,"TA","TA","CBlock","Gd","TA","Gd","ALQ",936,"Unf",0,0,936,"GasA","Gd","Y","SBrkr",936,0,0,936,1,0,1,0,2,1,"TA",4,"Typ",1,"Fa","Attchd",1967,"Unf",1,384,"TA","TA","Y",405,0,0,0,0,0,NA,NA,"Shed",450,8,2007,"WD","Abnorml",0,"Test"
"2544",2544,20,"RL",67,8308,"Pave",NA,"Reg","Lvl","AllPub","Inside","Gtl","Edwards","Norm","Norm","1Fam","1Story","4","6",1963,1963,"Gable","CompShg","VinylSd","VinylSd","Stone",20,"TA","Gd","CBlock","TA","TA","No","BLQ",132,"LwQ",841,115,1088,"GasA","TA","Y","SBrkr",1088,0,0,1088,0,0,1,0,2,1,"TA",4,"Typ",0,NA,"Detchd",2002,"Unf",2,520,"TA","TA","P",0,0,0,0,0,0,NA,NA,NA,0,6,2007,"COD","Normal",0,"Test"
"2545",2545,50,"RL",74,16287,"Pave",NA,"Reg","Lvl","AllPub","Inside","Gtl","Edwards","Norm","Norm","1Fam","1.5Fin","5","6",1925,1950,"Gable","CompShg","VinylSd","VinylSd","None",0,"TA","Gd","CBlock","TA","TA","No","ALQ",130,"BLQ",105,666,901,"GasA","TA","Y","SBrkr",901,450,0,1351,1,0,1,0,3,1,"TA",7,"Typ",1,"Gd","Detchd",1975,"Unf",2,576,"TA","TA","N",0,0,43,0,100,0,NA,NA,NA,0,7,2007,"WD","Normal",0,"Test"
"2546",2546,20,"RL",80,8240,"Pave",NA,"Reg","Lvl","AllPub","Inside","Gtl","Edwards","Norm","Norm","1Fam","1Story","6","6",1960,1960,"Hip","CompShg","HdBoard","HdBoard","Stone",198,"TA","TA","CBlock","TA","TA","No","Unf",0,"Unf",0,1179,1179,"GasA","Gd","Y","SBrkr",1179,0,0,1179,0,0,1,0,2,1,"TA",5,"Min2",0,NA,"Attchd",1960,"Fin",2,622,"TA","TA","P",0,0,0,0,0,0,NA,"GdPrv",NA,0,6,2007,"WD","Normal",0,"Test"
"2547",2547,80,"RL",65,6285,"Pave",NA,"Reg","Lvl","AllPub","Inside","Gtl","Edwards","Norm","Norm","1Fam","SLvl","6","6",1976,1976,"Gable","CompShg","HdBoard","Plywood","None",0,"TA","Fa","CBlock","TA","TA","Av","GLQ",504,"Unf",0,456,960,"GasA","TA","Y","SBrkr",1044,0,0,1044,1,0,1,0,3,1,"TA",7,"Typ",1,"Fa","Detchd",1976,"Unf",2,528,"TA","Fa","Y",228,0,0,0,0,0,NA,NA,NA,0,4,2007,"WD","Normal",0,"Test"
"2548",2548,90,"RL",NA,9555,"Pave",NA,"IR1","Lvl","AllPub","CulDSac","Gtl","Edwards","Norm","Norm","Duplex","2Story","5","6",1979,1979,"Gable","CompShg","Plywood","Plywood","None",0,"TA","TA","Slab",NA,NA,NA,NA,0,NA,0,0,0,"GasA","TA","Y","SBrkr",1100,1133,0,2233,0,0,2,1,5,2,"TA",11,"Typ",0,NA,"Attchd",1979,"Fin",2,579,"TA","Gd","Y",0,0,0,0,0,0,NA,NA,NA,0,2,2007,"WD","Normal",0,"Test"
"2549",2549,60,"RL",60,7023,"Pave",NA,"Reg","Lvl","AllPub","Inside","Gtl","Edwards","Norm","Norm","1Fam","2Story","5","5",2005,2006,"Gable","CompShg","VinylSd","VinylSd","None",0,"TA","TA","PConc","Gd","Gd","No","GLQ",611,"Unf",0,123,734,"GasA","Gd","Y","SBrkr",734,674,0,1408,1,0,2,1,3,1,"TA",6,"Typ",0,NA,"BuiltIn",2005,"Fin",2,489,"TA","TA","Y",0,85,0,0,0,0,NA,NA,NA,0,5,2007,"WD","Normal",0,"Test"
"2550",2550,20,"RL",128,39290,"Pave",NA,"IR1","Bnk","AllPub","Inside","Gtl","Edwards","Norm","Norm","1Fam","1Story","10","5",2008,2009,"Hip","CompShg","CemntBd","CmentBd","Stone",1224,"Ex","TA","PConc","Ex","TA","Gd","GLQ",4010,"Unf",0,1085,5095,"GasA","Ex","Y","SBrkr",5095,0,0,5095,1,1,2,1,2,1,"Ex",15,"Typ",2,"Gd","Attchd",2008,"Fin",3,1154,"TA","TA","Y",546,484,0,0,0,0,NA,NA,NA,17000,10,2007,"New","Partial",0,"Test"
"2551",2551,180,"RM",35,3675,"Pave",NA,"Reg","Lvl","AllPub","Inside","Gtl","Edwards","Norm","Norm","TwnhsE","SFoyer","6","5",2005,2005,"Gable","CompShg","VinylSd","VinylSd","Stone",76,"TA","TA","PConc","Gd","TA","Gd","GLQ",467,"Unf",0,80,547,"GasA","Ex","Y","SBrkr",1072,0,0,1072,1,0,1,0,2,1,"Gd",5,"Typ",0,NA,"Basment",2005,"Fin",2,525,"TA","TA","Y",0,44,0,0,0,0,NA,NA,NA,0,5,2007,"WD","Normal",0,"Test"
"2552",2552,20,"RL",64,6400,"Pave",NA,"Reg","Lvl","AllPub","Inside","Gtl","Edwards","Norm","Norm","1Fam","1Story","5","7",1959,2000,"Gable","CompShg","WdShing","Wd Shng","None",0,"TA","TA","CBlock","TA","TA","Av","Rec",77,"ALQ",831,52,960,"GasA","Ex","Y","SBrkr",960,0,0,960,1,0,1,0,2,1,"Fa",4,"Typ",0,NA,"Detchd",1959,"Unf",1,392,"TA","TA","Y",144,0,35,0,0,0,NA,NA,NA,0,12,2007,"WD","Normal",0,"Test"
"2553",2553,90,"RL",74,6882,"Pave",NA,"Reg","Lvl","AllPub","Corner","Gtl","Edwards","Norm","Norm","Duplex","1Story","4","3",1955,1955,"Gable","CompShg","AsbShng","Plywood","BrkCmn",128,"TA","TA","PConc",NA,NA,NA,NA,0,NA,0,0,0,"GasA","TA","N","SBrkr",1152,0,0,1152,0,0,2,0,2,2,"Fa",6,"Typ",0,NA,NA,NA,NA,0,0,NA,NA,"N",0,0,0,0,0,0,NA,NA,NA,0,9,2007,"WD","Normal",0,"Test"
"2554",2554,90,"RL",52,8741,"Pave",NA,"Reg","Lvl","AllPub","Inside","Gtl","Edwards","Norm","Norm","Duplex","1Story","5","6",1946,1950,"Gable","CompShg","Plywood","Plywood","None",0,"TA","TA","CBlock","TA","TA","No","Unf",0,"Unf",0,1195,1195,"GasA","TA","N","SBrkr",1195,0,0,1195,0,0,2,0,4,2,"TA",8,"Typ",0,NA,NA,NA,NA,0,0,NA,NA,"N",118,0,0,0,0,0,NA,"GdWo",NA,0,7,2007,"WD","Abnorml",0,"Test"
"2555",2555,40,"RL",62,10042,"Pave",NA,"Reg","Bnk","AllPub","Corner","Gtl","Edwards","Norm","Norm","1Fam","1.5Fin","6","8",1920,1995,"Gable","CompShg","Wd Sdng","Wd Sdng","None",0,"TA","TA","BrkTil","TA","TA","No","LwQ",144,"ALQ",278,238,660,"GasA","TA","Y","SBrkr",740,125,0,865,1,0,1,0,2,1,"TA",4,"Typ",1,"Gd","Detchd",1920,"Unf",1,216,"TA","TA","Y",0,0,84,0,0,0,NA,NA,NA,0,8,2007,"WD","Normal",0,"Test"
"2556",2556,20,"RL",60,8172,"Pave",NA,"Reg","Lvl","AllPub","Inside","Gtl","Edwards","Norm","Norm","1Fam","1Story","4","5",1955,1955,"Gable","CompShg","MetalSd","MetalSd","None",0,"TA","TA","CBlock","TA","TA","No","BLQ",544,"Unf",0,224,768,"GasA","TA","Y","SBrkr",768,0,0,768,0,0,1,0,2,1,"TA",4,"Typ",1,"Fa","Detchd",1959,"Unf",1,355,"TA","TA","Y",0,0,196,0,0,0,NA,"MnPrv",NA,0,7,2007,"WD","Normal",0,"Test"
"2557",2557,20,"RL",60,8172,"Pave",NA,"Reg","HLS","AllPub","Inside","Gtl","Edwards","Norm","Norm","1Fam","1Story","4","5",1955,1955,"Gable","CompShg","WdShing","Plywood","None",0,"TA","TA","CBlock","TA","TA","No","ALQ",682,"Unf",0,182,864,"GasA","TA","Y","SBrkr",864,0,0,864,1,0,1,0,3,1,"TA",5,"Typ",0,NA,"Detchd",1996,"Unf",2,528,"TA","TA","N",196,0,0,0,0,0,NA,NA,NA,0,10,2007,"COD","Family",0,"Test"
"2558",2558,90,"RL",60,10890,"Pave",NA,"Reg","Lvl","AllPub","Inside","Gtl","SWISU","Norm","Norm","Duplex","2Story","5","6",1923,1950,"Hip","CompShg","Wd Sdng","Plywood","None",0,"TA","TA","PConc","TA","TA","Mn","Rec",371,"Unf",0,925,1296,"Grav","Fa","N","FuseA",1296,1296,0,2592,2,0,2,0,6,2,"TA",12,"Min2",0,NA,NA,NA,NA,0,0,NA,NA,"Y",0,742,240,0,0,0,NA,NA,"Shed",1512,1,2007,"WD","AdjLand",0,"Test"
"2559",2559,30,"RL",54,7223,"Pave",NA,"Reg","Lvl","AllPub","Inside","Gtl","Crawfor","Norm","Norm","1Fam","1Story","5","5",1926,1950,"Hip","CompShg","Stucco","Plywood","None",0,"TA","TA","PConc","TA","TA","Mn","BLQ",319,"Unf",0,971,1290,"GasA","TA","Y","SBrkr",1422,0,0,1422,0,0,1,0,3,1,"TA",6,"Typ",0,NA,"Detchd",1973,"Unf",1,352,"TA","TA","Y",0,0,64,0,0,0,NA,"MnPrv",NA,0,4,2007,"WD","Normal",0,"Test"
"2560",2560,50,"RL",51,6821,"Pave",NA,"Reg","HLS","AllPub","Inside","Gtl","Crawfor","Norm","Norm","1Fam","1.5Fin","6","7",1921,2005,"Gable","CompShg","Wd Sdng","Wd Sdng","None",0,"TA","TA","BrkTil","TA","TA","No","BLQ",113,"Unf",0,538,651,"GasA","Gd","Y","SBrkr",759,539,0,1298,0,0,2,0,2,1,"TA",8,"Typ",1,"Gd","Detchd",1994,"Unf",1,240,"TA","TA","P",216,0,168,0,0,0,NA,NA,NA,0,8,2007,"WD","Normal",0,"Test"
"2561",2561,70,"RL",63,4000,"Pave",NA,"Reg","Lvl","AllPub","Inside","Gtl","Crawfor","Norm","Norm","1Fam","2Story","7","8",1930,1995,"Gable","CompShg","Wd Sdng","Wd Sdng","None",0,"TA","TA","BrkTil","Gd","TA","No","GLQ",246,"Unf",0,285,531,"GasA","TA","Y","SBrkr",567,531,0,1098,1,0,1,0,2,1,"TA",5,"Typ",1,"Gd","Detchd",1930,"Unf",1,216,"TA","TA","Y",0,0,0,0,0,0,NA,"MnPrv",NA,0,6,2007,"WD","Normal",0,"Test"
"2562",2562,70,"RL",53,6720,"Pave",NA,"Reg","Lvl","AllPub","Inside","Gtl","Crawfor","Norm","Norm","1Fam","2Story","6","7",1921,1950,"Gable","CompShg","VinylSd","VinylSd","None",0,"TA","TA","BrkTil","TA","TA","No","Unf",0,"Unf",0,585,585,"GasA","TA","N","SBrkr",851,585,0,1436,0,0,1,0,3,1,"TA",7,"Typ",1,"Gd","Detchd",1992,"Unf",1,228,"TA","TA","Y",184,0,0,0,0,0,NA,NA,NA,0,4,2007,"CWD","Normal",0,"Test"
"2563",2563,70,"RL",53,7155,"Pave",NA,"Reg","Lvl","AllPub","Inside","Gtl","Crawfor","Norm","Norm","1Fam","2Story","6","8",1926,1991,"Gable","CompShg","Wd Sdng","Wd Sdng","None",0,"TA","TA","BrkTil","TA","TA","No","Unf",0,"Unf",0,686,686,"GasA","TA","Y","SBrkr",686,775,0,1461,0,0,1,0,3,1,"TA",6,"Typ",1,"Gd","Detchd",1926,"Unf",1,225,"TA","TA","N",0,0,116,0,0,0,NA,"MnPrv",NA,0,7,2007,"WD","Normal",0,"Test"
"2564",2564,70,"RL",60,7230,"Pave",NA,"Reg","Lvl","AllPub","Inside","Gtl","Crawfor","Norm","Norm","1Fam","2.5Unf","7","7",1927,1992,"Gable","CompShg","VinylSd","VinylSd","None",0,"TA","TA","BrkTil","TA","TA","No","Unf",0,"Unf",0,851,851,"GasA","Gd","Y","SBrkr",867,851,0,1718,0,0,2,1,4,1,"Gd",8,"Typ",1,"TA","Detchd",1927,"Unf",2,264,"TA","TA","Y",291,0,60,0,153,0,NA,"GdPrv",NA,0,10,2007,"WD","Normal",0,"Test"
"2565",2565,20,"RL",126,13108,"Pave",NA,"IR2","HLS","AllPub","Inside","Gtl","Crawfor","Norm","Norm","1Fam","1Story","5","5",1951,1951,"Gable","CompShg","Wd Sdng","Wd Sdng","None",0,"TA","TA","CBlock",NA,NA,NA,NA,0,NA,0,0,0,"GasA","Fa","Y","SBrkr",1226,0,0,1226,0,0,1,1,2,1,"TA",7,"Min1",1,"Gd","Attchd",1951,"Fin",2,400,"TA","TA","Y",174,24,120,0,228,0,NA,NA,NA,0,6,2007,"WD","Normal",0,"Test"
"2566",2566,50,"RL",110,7810,"Pave",NA,"IR1","HLS","AllPub","Inside","Gtl","Crawfor","Norm","Norm","1Fam","1.5Fin","4","6",1930,2003,"Gable","CompShg","AsbShng","CmentBd","None",0,"TA","Gd","BrkTil","TA","Gd","No","GLQ",189,"Unf",0,741,930,"GasA","Ex","Y","SBrkr",1230,525,0,1755,0,0,2,0,4,1,"Gd",7,"Typ",1,"TA","Detchd",1930,"Unf",1,231,"Fa","TA","Y",0,40,0,0,0,0,NA,NA,NA,0,11,2007,"WD","Normal",0,"Test"
"2567",2567,190,"RL",79,6221,"Pave",NA,"IR1","Lvl","AllPub","Inside","Gtl","Crawfor","Norm","Norm","2fmCon","1.5Fin","5","5",1941,1950,"Gable","CompShg","VinylSd","VinylSd","None",0,"TA","TA","CBlock","TA","Fa","No","LwQ",533,"Unf",0,195,728,"GasA","Ex","Y","SBrkr",760,595,0,1355,0,0,2,0,3,1,"TA",5,"Typ",0,NA,"Detchd",1966,"Unf",2,528,"TA","TA","Y",0,0,0,0,144,0,NA,"MnPrv",NA,0,10,2007,"WD","Normal",0,"Test"
"2568",2568,20,"RL",NA,25485,"Pave",NA,"IR1","Lvl","AllPub","CulDSac","Gtl","Crawfor","Norm","Norm","1Fam","1Story","6","4",1960,1960,"Gable","CompShg","Wd Sdng","MetalSd","BrkFace",423,"TA","Fa","CBlock","TA","Gd","Mn","LwQ",540,"Rec",1020,0,1560,"GasA","TA","Y","SBrkr",1560,0,0,1560,0,0,1,1,3,1,"TA",6,"Typ",3,"TA","Attchd",1960,"RFn",2,580,"TA","TA","Y",0,75,584,0,0,0,NA,NA,NA,0,5,2007,"WD","Normal",0,"Test"
"2569",2569,20,"RL",NA,21579,"Pave",NA,"IR1","Lvl","AllPub","CulDSac","Gtl","Crawfor","Norm","Norm","1Fam","1Story","6","6",1968,1968,"Hip","CompShg","HdBoard","BrkFace","None",0,"TA","TA","PConc","Gd","TA","No","BLQ",813,"Unf",0,675,1488,"GasA","Ex","Y","SBrkr",1488,0,0,1488,0,1,2,0,3,1,"TA",7,"Typ",2,"Gd","Attchd",1968,"RFn",2,552,"TA","TA","Y",0,0,216,0,0,0,NA,NA,NA,0,9,2007,"CWD","Normal",0,"Test"
"2570",2570,160,"RM",24,1782,"Pave",NA,"Reg","Lvl","AllPub","Inside","Gtl","Blueste","Norm","Norm","Twnhs","2Story","6","6",1980,1980,"Gable","CompShg","MetalSd","MetalSd","None",0,"TA","Gd","CBlock","Gd","TA","No","GLQ",330,"Unf",0,186,516,"GasA","Gd","Y","SBrkr",529,516,0,1045,0,0,1,0,2,1,"TA",5,"Typ",1,"TA","Detchd",1980,"Unf",2,462,"TA","TA","Y",180,0,0,0,0,0,NA,"MnPrv",NA,0,12,2007,"WD","Normal",0,"Test"
"2571",2571,20,"RL",NA,17871,"Pave",NA,"IR2","Lvl","AllPub","Inside","Gtl","Crawfor","Norm","Norm","1Fam","1Story","4","5",1995,1996,"Gable","CompShg","VinylSd","VinylSd","None",0,"TA","TA","PConc","Gd","TA","No","Unf",0,"Unf",0,1680,1680,"GasA","Gd","Y","SBrkr",1680,0,0,1680,0,0,2,0,4,1,"Gd",7,"Typ",0,NA,"Attchd",1996,"Unf",2,628,"TA","TA","Y",152,0,0,0,0,0,NA,NA,NA,0,6,2007,"WD","Normal",0,"Test"
"2572",2572,120,"RM",35,3907,"Pave",NA,"IR1","Bnk","AllPub","Inside","Mod","Blueste","Norm","Norm","TwnhsE","1Story","8","5",1988,1988,"Gable","CompShg","HdBoard","HdBoard","None",0,"TA","TA","CBlock","Gd","TA","Gd","GLQ",577,"Unf",0,427,1004,"GasA","Gd","Y","SBrkr",1020,0,0,1020,1,0,1,0,1,1,"TA",4,"Typ",0,NA,"Attchd",1988,"Unf",2,509,"TA","TA","Y",135,0,0,0,0,0,NA,NA,NA,0,3,2007,"WD","Normal",0,"Test"
"2573",2573,20,"RL",NA,20693,"Pave",NA,"IR1","Bnk","AllPub","Corner","Gtl","Crawfor","Norm","Norm","1Fam","1Story","7","5",1971,1971,"Gable","CompShg","Plywood","Plywood","BrkFace",652,"TA","TA","CBlock","Gd","TA","No","Rec",434,"Unf",0,1262,1696,"GasA","Ex","Y","SBrkr",1696,0,0,1696,0,0,2,0,3,1,"TA",7,"Typ",2,"TA","Attchd",1971,"Fin",2,625,"TA","TA","Y",0,146,0,0,0,0,NA,"GdWo",NA,0,2,2007,"WD","Normal",0,"Test"
"2574",2574,20,"RL",70,18044,"Pave",NA,"IR1","HLS","AllPub","CulDSac","Gtl","Crawfor","Norm","Norm","1Fam","1Story","8","5",1986,1986,"Gable","CompShg","WdShing","Plywood","None",0,"Gd","TA","CBlock","Gd","TA","No","Unf",0,"Unf",0,279,279,"GasA","Gd","Y","SBrkr",2726,0,0,2726,0,0,2,1,2,1,"Gd",6,"Typ",1,"Gd","Attchd",1986,"Fin",2,691,"Gd","Gd","Y",216,64,169,0,0,228,"Ex",NA,NA,0,8,2007,"WD","Normal",0,"Test"
"2575",2575,50,"RM",50,7000,"Pave",NA,"Reg","Lvl","AllPub","Corner","Gtl","IDOTRR","Norm","Norm","1Fam","1.5Fin","6","7",1940,1950,"Gable","CompShg","Wd Sdng","Wd Sdng","None",0,"TA","TA","BrkTil","TA","TA","No","ALQ",375,"Unf",0,345,720,"GasA","Gd","Y","FuseA",720,495,0,1215,0,0,1,0,3,1,"Gd",6,"Typ",0,NA,"Detchd",1965,"Fin",2,720,"TA","TA","Y",0,0,30,0,0,0,NA,"MnPrv",NA,0,5,2007,"WD","Normal",0,"Test"
"2576",2576,50,"RM",50,7288,"Pave",NA,"Reg","Lvl","AllPub","Inside","Gtl","IDOTRR","Artery","Norm","1Fam","1.5Fin","5","7",1925,2003,"Gable","CompShg","VinylSd","VinylSd","None",0,"Gd","Gd","BrkTil","TA","Po","No","Unf",0,"Unf",0,936,936,"GasA","Ex","Y","SBrkr",936,665,0,1601,0,0,2,0,3,1,"TA",6,"Typ",0,NA,NA,NA,NA,0,0,NA,NA,"N",0,0,0,176,0,0,NA,NA,NA,0,9,2007,"WD","Normal",0,"Test"
"2577",2577,70,"RM",50,9060,"Pave",NA,"Reg","Lvl","AllPub","Inside","Gtl","IDOTRR","Norm","Norm","1Fam","2Story","5","6",1923,1999,"Gable","CompShg","Wd Sdng","Plywood","None",0,"TA","TA","BrkTil","Gd","TA","No","ALQ",548,"Unf",0,311,859,"GasA","Ex","Y","SBrkr",942,886,0,1828,0,0,2,0,3,1,"Gd",6,"Typ",0,NA,"Detchd",NA,NA,NA,NA,NA,NA,"Y",174,0,212,0,0,0,NA,"MnPrv",NA,0,3,2007,"WD","Alloca",0,"Test"
"2578",2578,30,"RM",46,3672,"Pave",NA,"Reg","Lvl","AllPub","Inside","Gtl","IDOTRR","Artery","Norm","1Fam","1Story","5","7",1922,1950,"Gable","CompShg","Stucco","Stucco","None",0,"TA","TA","BrkTil","TA","TA","No","Unf",0,"Unf",0,816,816,"GasA","Ex","Y","SBrkr",816,0,0,816,0,0,1,0,2,1,"TA",5,"Typ",0,NA,"Detchd",1922,"Unf",1,100,"Fa","Fa","N",0,0,96,0,0,0,NA,NA,NA,0,9,2007,"WD","Normal",0,"Test"
"2579",2579,50,"RM",64,11067,"Pave",NA,"Reg","Lvl","AllPub","Corner","Gtl","IDOTRR","Norm","Norm","1Fam","1.5Fin","2","4",1939,1950,"Gable","CompShg","MetalSd","MetalSd","None",0,"TA","TA","BrkTil",NA,NA,NA,NA,0,NA,0,0,0,"GasA","Ex","Y","SBrkr",640,0,205,845,0,0,1,0,1,1,"TA",4,"Maj2",0,NA,"Detchd",1950,"Unf",1,256,"TA","Fa","N",48,0,0,0,0,0,NA,NA,NA,0,3,2007,"WD","Normal",0,"Test"
"2580",2580,190,"C (all)",75,8250,"Pave",NA,"Reg","Lvl","AllPub","Inside","Gtl","IDOTRR","Feedr","Norm","2fmCon","2Story","5","6",1895,2006,"Gable","CompShg","VinylSd","VinylSd","None",0,"TA","Gd","CBlock","TA","TA","No","Unf",0,"Unf",0,957,957,"GasA","Fa","N","SBrkr",1034,957,0,1991,0,0,2,0,4,2,"TA",9,"Typ",0,NA,NA,NA,NA,0,0,NA,NA,"N",0,0,133,0,0,0,NA,NA,NA,0,6,2007,"WD","Normal",0,"Test"
"2581",2581,20,"C (all)",65,6565,"Pave",NA,"Reg","Lvl","AllPub","Corner","Gtl","IDOTRR","Norm","Norm","1Fam","1Story","4","6",1957,1980,"Gable","CompShg","MetalSd","MetalSd","None",0,"TA","TA","CBlock","TA","TA","No","GLQ",967,"Unf",0,106,1073,"GasA","Gd","Y","FuseA",1073,0,0,1073,1,0,1,0,3,1,"TA",6,"Typ",0,NA,"Detchd",1985,"Unf",2,720,"TA","TA","Y",0,444,0,0,0,0,NA,NA,NA,0,8,2007,"WD","Abnorml",0,"Test"
"2582",2582,30,"C (all)",60,6060,"Pave",NA,"Reg","Lvl","AllPub","Inside","Gtl","IDOTRR","Norm","Norm","1Fam","1Story","5","9",1930,2007,"Hip","CompShg","MetalSd","MetalSd","None",0,"Gd","TA","BrkTil","TA","TA","No","ALQ",737,"Unf",0,100,837,"GasA","Ex","Y","SBrkr",1001,0,0,1001,0,0,1,0,2,1,"Gd",5,"Typ",0,NA,"Detchd",1930,"Unf",1,216,"TA","Po","N",154,0,42,86,0,0,NA,NA,NA,0,11,2007,"WD","Normal",0,"Test"
"2583",2583,120,"RM",59,5568,"Pave",NA,"IR1","HLS","AllPub","Inside","Mod","Crawfor","Norm","Norm","TwnhsE","1Story","8","5",2006,2007,"Hip","CompShg","CemntBd","CmentBd","Stone",473,"Gd","TA","PConc","Gd","TA","Gd","GLQ",1573,"Unf",0,0,1573,"GasA","Gd","Y","SBrkr",1625,0,0,1625,1,1,2,0,2,1,"Gd",5,"Typ",1,"Gd","Attchd",2006,"Fin",2,495,"TA","TA","Y",123,0,0,0,153,0,NA,NA,NA,0,10,2007,"New","Partial",0,"Test"
"2584",2584,85,"RL",NA,12150,"Pave",NA,"IR1","Bnk","AllPub","CulDSac","Gtl","Mitchel","Norm","Norm","1Fam","SFoyer","6","6",1979,1979,"Gable","CompShg","HdBoard","Wd Shng","None",0,"TA","TA","CBlock","Gd","TA","Av","GLQ",1001,"Unf",0,0,1001,"GasA","TA","Y","SBrkr",1299,0,0,1299,1,0,2,0,2,1,"Gd",5,"Typ",1,"Po","BuiltIn",1979,"RFn",2,486,"TA","TA","Y",84,0,222,0,0,0,NA,"MnPrv",NA,0,1,2007,"WD","Normal",0,"Test"
"2585",2585,20,"RL",80,10000,"Pave",NA,"Reg","Lvl","AllPub","Inside","Gtl","Mitchel","Norm","Norm","1Fam","1Story","5","5",2002,2002,"Gable","CompShg","VinylSd","VinylSd","BrkFace",166,"Gd","TA","PConc","Gd","TA","No","GLQ",585,"Unf",0,856,1441,"GasA","Ex","Y","SBrkr",1392,0,0,1392,0,0,2,0,3,1,"Gd",6,"Typ",1,"Gd","Attchd",2002,"Fin",3,650,"TA","TA","Y",168,49,0,0,0,0,NA,NA,NA,0,12,2007,"WD","Normal",0,"Test"
"2586",2586,20,"RL",44,12864,"Pave",NA,"IR1","Lvl","AllPub","CulDSac","Gtl","Mitchel","Norm","Norm","1Fam","1Story","7","5",2002,2002,"Gable","CompShg","VinylSd","VinylSd","None",0,"Gd","TA","PConc","Gd","TA","No","GLQ",1392,"Unf",0,17,1409,"GasA","Ex","Y","SBrkr",1409,0,0,1409,1,0,1,1,1,1,"Gd",4,"Typ",1,"Gd","Attchd",2002,"RFn",2,576,"TA","TA","Y",0,144,0,0,145,0,NA,NA,NA,0,7,2007,"WD","Normal",0,"Test"
"2587",2587,20,"RL",NA,9928,"Pave",NA,"IR1","Lvl","AllPub","CulDSac","Gtl","Mitchel","Norm","Norm","1Fam","1Story","7","5",1991,1992,"Gable","CompShg","HdBoard","HdBoard","None",0,"TA","TA","PConc","Gd","TA","No","GLQ",1239,"Unf",0,215,1454,"GasA","TA","Y","SBrkr",1478,0,0,1478,1,0,2,0,3,1,"TA",6,"Typ",1,"TA","Attchd",1991,"Unf",2,506,"TA","TA","Y",114,22,0,0,0,0,NA,NA,NA,0,5,2007,"WD","Normal",0,"Test"
"2588",2588,80,"RL",NA,8750,"Pave",NA,"IR1","Lvl","AllPub","Inside","Gtl","Mitchel","Norm","Norm","1Fam","SLvl","7","6",1975,1975,"Gable","CompShg","Plywood","Plywood","Stone",50,"TA","TA","CBlock","TA","TA","Av","Rec",224,"GLQ",530,98,852,"GasA","TA","Y","SBrkr",918,0,0,918,0,1,1,0,3,0,"TA",4,"Typ",0,NA,"Attchd",1975,"Unf",1,360,"TA","TA","Y",192,84,0,0,0,0,NA,NA,NA,0,3,2007,"WD","Normal",0,"Test"
"2589",2589,85,"RL",82,8410,"Pave",NA,"IR1","Lvl","AllPub","Corner","Gtl","Mitchel","Norm","Norm","1Fam","SFoyer","6","6",1974,1974,"Gable","CompShg","Plywood","Plywood","None",0,"TA","TA","CBlock","Gd","TA","Av","ALQ",924,"Unf",0,46,970,"GasA","TA","Y","SBrkr",1026,0,0,1026,1,0,1,0,2,1,"TA",5,"Typ",1,"Po","Attchd",1974,"Unf",2,528,"TA","TA","Y",193,0,0,0,0,0,NA,NA,NA,0,4,2007,"WD","Normal",0,"Test"
"2590",2590,120,"RL",46,4054,"Pave",NA,"IR1","Lvl","AllPub","Inside","Gtl","Timber","Norm","Norm","TwnhsE","1Story","7","6",1987,1987,"Gable","CompShg","VinylSd","VinylSd","BrkFace",352,"Gd","TA","BrkTil","Gd","TA","Av","GLQ",949,"Unf",0,552,1501,"GasA","Ex","Y","SBrkr",1501,0,0,1501,1,0,2,0,2,1,"Gd",5,"Typ",2,"TA","Attchd",1987,"Fin",2,512,"TA","TA","Y",240,0,0,0,0,0,NA,NA,NA,0,10,2007,"WD","Normal",0,"Test"
"2591",2591,20,"RL",149,19958,"Pave",NA,"Reg","Lvl","AllPub","Inside","Gtl","Timber","Norm","Norm","1Fam","1Story","6","8",1958,1995,"Hip","CompShg","HdBoard","HdBoard","BrkFace",1224,"TA","Gd","CBlock","TA","TA","No","Unf",0,"Unf",0,585,585,"GasA","Gd","Y","SBrkr",2279,0,0,2279,0,0,2,1,4,1,"Gd",7,"Typ",1,"Gd","Attchd",1958,"RFn",2,461,"TA","TA","Y",274,0,0,0,138,0,NA,"GdPrv",NA,0,7,2007,"WD","Normal",0,"Test"
"2592",2592,20,"RL",67,8368,"Pave",NA,"IR1","HLS","AllPub","Inside","Gtl","Timber","Norm","Norm","1Fam","1Story","7","5",2006,2007,"Gable","CompShg","VinylSd","VinylSd","None",0,"Gd","TA","PConc","Gd","TA","No","Unf",0,"Unf",0,1689,1689,"GasA","Ex","Y","SBrkr",1689,0,0,1689,0,0,2,0,3,1,"Gd",7,"Typ",0,NA,"Attchd",2007,"Fin",2,433,"TA","TA","Y",100,39,0,0,0,0,NA,NA,NA,0,4,2007,"New","Partial",0,"Test"
"2593",2593,20,"RL",68,8298,"Pave",NA,"IR1","HLS","AllPub","Inside","Gtl","Timber","Norm","Norm","1Fam","1Story","8","5",2006,2007,"Hip","CompShg","VinylSd","VinylSd",NA,NA,"Gd","TA","PConc","Gd","TA","Av","GLQ",583,"Unf",0,963,1546,"GasA","Ex","Y","SBrkr",1564,0,0,1564,0,0,2,0,2,1,"Ex",6,"Typ",1,"Gd","Attchd",2207,"RFn",2,502,"TA","TA","Y",132,0,0,0,0,0,NA,NA,NA,0,9,2007,"New","Partial",0,"Test"
"2594",2594,20,"RL",42,10331,"Pave",NA,"Reg","Lvl","AllPub","CulDSac","Gtl","Timber","Norm","Norm","1Fam","1Story","7","7",1985,1985,"Gable","CompShg","Plywood","Plywood","None",0,"TA","TA","CBlock","Gd","TA","No","ALQ",215,"BLQ",80,970,1265,"GasA","Gd","Y","SBrkr",1240,0,0,1240,0,1,2,0,3,1,"Gd",6,"Typ",0,NA,"Attchd",1985,"Unf",2,528,"TA","TA","Y",232,0,0,0,0,0,NA,NA,NA,0,7,2007,"WD","Normal",0,"Test"
"2595",2595,20,"RL",NA,6718,"Pave",NA,"IR1","Lvl","AllPub","Inside","Gtl","Timber","Norm","Norm","1Fam","1Story","8","5",2001,2001,"Gable","CompShg","VinylSd","VinylSd","BrkFace",86,"Gd","TA","PConc","Ex","TA","Mn","GLQ",250,"Unf",0,1017,1267,"GasA","Ex","Y","SBrkr",1312,0,0,1312,0,0,2,0,2,1,"Gd",5,"Typ",0,NA,"Attchd",2001,"Unf",2,471,"TA","TA","Y",256,28,0,0,0,0,NA,NA,NA,0,1,2007,"WD","Normal",0,"Test"
"2596",2596,20,"RL",80,11305,"Pave",NA,"Reg","Lvl","AllPub","Inside","Gtl","Timber","Norm","Norm","1Fam","1Story","8","5",2002,2002,"Hip","CompShg","VinylSd","VinylSd","BrkFace",886,"Gd","TA","PConc","Gd","TA","Av","GLQ",1329,"Unf",0,593,1922,"GasA","Ex","Y","SBrkr",1922,0,0,1922,1,0,2,0,2,1,"Gd",6,"Typ",1,"Ex","Attchd",2002,"Fin",3,692,"TA","TA","Y",201,64,0,0,0,0,NA,NA,NA,0,4,2007,"WD","Normal",0,"Test"
"2597",2597,20,"RL",NA,7777,"Pave",NA,"IR1","Lvl","AllPub","Inside","Gtl","Timber","Norm","Norm","1Fam","1Story","6","5",1996,1996,"Gable","CompShg","VinylSd","VinylSd","BrkFace",203,"Gd","TA","PConc","Ex","TA","No","Unf",0,"Unf",0,1491,1491,"GasA","Ex","Y","SBrkr",1491,0,0,1491,0,0,2,0,3,1,"TA",7,"Typ",1,"TA","Attchd",1996,"Fin",2,571,"TA","TA","Y",0,35,0,0,0,0,NA,NA,NA,0,11,2007,"WD","Normal",0,"Test"
"2598",2598,60,"RL",NA,11800,"Pave",NA,"IR1","Lvl","AllPub","Inside","Gtl","Timber","Norm","Norm","1Fam","2Story","7","5",2003,2004,"Gable","CompShg","VinylSd","VinylSd","BrkFace",94,"Gd","TA","PConc","Gd","TA","Gd","GLQ",766,"Unf",0,356,1122,"GasA","Ex","Y","SBrkr",1146,1340,0,2486,1,0,3,1,5,1,"Gd",10,"Typ",1,"Gd","BuiltIn",2003,"Fin",2,452,"TA","TA","Y",143,32,0,0,0,0,NA,NA,NA,0,7,2007,"WD","Normal",0,"Test"
"2599",2599,20,"RL",85,12633,"Pave",NA,"IR1","HLS","AllPub","Inside","Gtl","Timber","PosA","PosA","1Fam","1Story","10","5",2006,2007,"Hip","CompShg","MetalSd","MetalSd","BrkFace",242,"Ex","TA","PConc","Ex","TA","Gd","Unf",0,"Unf",0,1824,1824,"GasA","Ex","Y","SBrkr",1824,0,0,1824,0,0,2,0,3,1,"Ex",8,"Typ",1,"Gd","Attchd",2006,"Fin",3,932,"TA","TA","Y",160,36,0,0,108,0,NA,NA,NA,0,9,2007,"New","Partial",0,"Test"
"2600",2600,20,"RL",200,43500,"Pave",NA,"Reg","Lvl","AllPub","Inside","Gtl","Mitchel","Artery","Norm","1Fam","1Story","3","5",1953,1953,"Gable","CompShg","MetalSd","MetalSd","None",0,"TA","TA","CBlock",NA,NA,NA,NA,0,NA,0,0,0,"GasA","Ex","Y","SBrkr",2034,0,0,2034,0,0,1,0,2,1,"TA",9,"Min1",0,NA,"2Types",1953,"RFn",4,1041,"TA","TA","N",483,266,0,0,0,561,NA,"GdPrv",NA,0,6,2007,"WD","Normal",0,"Test"
"2601",2601,120,"RM",62,6710,"Pave",NA,"IR1","Lvl","AllPub","FR3","Gtl","Mitchel","Norm","Norm","TwnhsE","SFoyer","6","5",1996,1997,"Gable","CompShg","VinylSd","VinylSd","BrkFace",134,"TA","TA","PConc","Ex","TA","Av","Rec",16,"GLQ",904,0,920,"GasA","Ex","Y","SBrkr",936,0,0,936,2,0,0,1,0,1,"TA",3,"Typ",0,NA,"Attchd",1996,"Fin",2,460,"TA","TA","Y",0,40,0,0,0,0,NA,NA,NA,0,6,2007,"WD","Normal",0,"Test"
"2602",2602,160,"RM",21,1504,"Pave",NA,"Reg","Lvl","AllPub","Inside","Gtl","MeadowV","Norm","Norm","Twnhs","2Story","4","4",1972,1972,"Gable","CompShg","CemntBd","CmentBd","None",0,"TA","TA","CBlock","TA","TA","No","BLQ",252,"Unf",0,294,546,"GasA","TA","Y","SBrkr",546,546,0,1092,0,0,1,1,3,1,"TA",5,"Typ",0,NA,"Attchd",1972,"Unf",1,253,"TA","TA","Y",0,0,0,0,0,0,NA,NA,NA,0,5,2007,"WD","Normal",0,"Test"
"2603",2603,180,"RM",NA,1533,"Pave",NA,"Reg","Lvl","AllPub","Inside","Gtl","MeadowV","Norm","Norm","Twnhs","SLvl","4","5",1970,1970,"Gable","CompShg","CemntBd","CmentBd","None",0,"TA","TA","CBlock","Gd","TA","Av","GLQ",503,"Unf",0,27,530,"GasA","TA","Y","SBrkr",530,462,0,992,1,0,1,0,2,1,"TA",4,"Typ",0,NA,"BuiltIn",1970,"Fin",1,297,"TA","TA","Y",112,97,0,0,0,0,NA,NA,NA,0,7,2007,"WD","Normal",0,"Test"
"2604",2604,160,"RM",21,1495,"Pave",NA,"Reg","Lvl","AllPub","Inside","Gtl","MeadowV","Norm","Norm","TwnhsE","2Story","4","6",1970,1970,"Gable","CompShg","CemntBd","CmentBd","BrkFace",189,"TA","TA","CBlock","TA","TA","No","ALQ",384,"Unf",0,162,546,"GasA","Ex","Y","SBrkr",546,546,0,1092,0,0,1,1,3,1,"TA",5,"Typ",0,NA,NA,NA,NA,0,0,NA,NA,"Y",0,64,0,0,0,0,NA,NA,NA,0,5,2007,"WD","Normal",0,"Test"
"2605",2605,160,"RM",21,1890,"Pave",NA,"Reg","Lvl","AllPub","Inside","Gtl","MeadowV","Norm","Norm","Twnhs","2Story","4","3",1976,1976,"Gable","CompShg","CemntBd","CmentBd","None",0,"TA","TA","CBlock","TA","TA","No","Unf",0,"Unf",0,546,546,"GasA","Ex","Y","SBrkr",546,546,0,1092,0,0,1,1,3,1,"TA",6,"Typ",0,NA,"Attchd",1976,"Unf",1,286,"TA","TA","Y",0,0,0,0,0,0,NA,"GdWo",NA,0,4,2007,"COD","Normal",0,"Test"
"2606",2606,85,"RL",72,9129,"Pave",NA,"Reg","Lvl","AllPub","Inside","Gtl","Mitchel","Norm","Norm","1Fam","SFoyer","5","5",1977,1977,"Gable","CompShg","Plywood","Plywood","BrkFace",144,"TA","TA","PConc","Gd","TA","Av","GLQ",923,"Unf",0,0,923,"GasA","TA","Y","SBrkr",1008,0,0,1008,1,0,1,0,1,1,"Gd",4,"Typ",1,"Fa","Attchd",1977,"Fin",2,678,"TA","TA","Y",201,66,0,0,0,0,NA,"MnPrv",NA,0,7,2007,"WD","Normal",0,"Test"
"2607",2607,80,"RL",NA,15957,"Pave",NA,"IR1","Low","AllPub","Corner","Mod","Mitchel","Norm","Norm","1Fam","SLvl","6","6",1977,1977,"Gable","CompShg","HdBoard","Plywood","None",0,"TA","TA","PConc","Gd","TA","Gd","GLQ",1148,"Unf",0,96,1244,"GasA","TA","Y","SBrkr",1356,0,0,1356,2,0,2,0,3,1,"TA",6,"Typ",1,"TA","Attchd",1977,"Fin",2,528,"TA","TA","Y",1424,0,0,0,0,0,NA,"MnPrv",NA,0,9,2007,"WD","Normal",0,"Test"
"2608",2608,20,"RL",61,33983,"Pave",NA,"IR1","Lvl","AllPub","Inside","Gtl","Mitchel","Norm","Norm","1Fam","1Story","5","6",1977,1994,"Gable","CompShg","Plywood","Plywood","None",0,"TA","Fa","PConc","TA","TA","Mn","ALQ",1112,"Unf",0,48,1160,"GasA","TA","Y","SBrkr",1676,0,0,1676,1,0,1,1,3,1,"Gd",6,"Mod",2,"TA","Attchd",1977,"RFn",2,672,"TA","TA","P",690,90,0,0,0,0,NA,"GdPrv",NA,0,5,2007,"WD","Normal",0,"Test"
"2609",2609,60,"RL",68,8286,"Pave",NA,"IR1","Lvl","AllPub","Corner","Gtl","Mitchel","Norm","Norm","1Fam","2Story","5","7",1977,1977,"Gable","CompShg","Plywood","Plywood","None",0,"TA","TA","PConc","Gd","TA","No","Rec",531,"Unf",0,185,716,"GasA","Ex","Y","SBrkr",716,716,0,1432,1,0,1,1,3,1,"TA",6,"Typ",1,"Gd","Attchd",1977,"Fin",2,531,"TA","TA","Y",0,136,0,0,240,0,NA,"GdPrv",NA,0,6,2007,"WD","Normal",0,"Test"
"2610",2610,85,"RL",50,6723,"Pave",NA,"Reg","Lvl","AllPub","Inside","Gtl","Mitchel","Norm","Norm","1Fam","SFoyer","5","7",1971,1971,"Gable","CompShg","Wd Sdng","HdBoard","None",0,"TA","TA","CBlock","Gd","TA","Av","GLQ",796,"Unf",0,0,796,"GasA","TA","Y","SBrkr",796,0,0,796,0,1,1,0,2,1,"TA",5,"Typ",0,NA,NA,NA,NA,0,0,NA,NA,"Y",129,0,0,0,0,0,NA,"GdWo",NA,0,9,2007,"WD","Normal",0,"Test"
"2611",2611,20,"RL",124,27697,"Pave",NA,"Reg","Lvl","AllPub","Inside","Gtl","Mitchel","Norm","Norm","1Fam","1Story","4","3",1961,1961,"Shed","CompShg","Plywood","Plywood",NA,198,"TA","TA","CBlock","TA","TA","No","BLQ",811,"Unf",0,585,1396,"GasA","TA","N","SBrkr",1608,0,0,1608,0,0,1,0,3,1,"TA",6,"Typ",0,NA,"Attchd",1961,"Unf",1,444,"TA","Fa","Y",152,38,0,0,0,0,NA,NA,NA,0,11,2007,"COD","Abnorml",0,"Test"
"2612",2612,20,"RL",NA,11000,"Pave",NA,"IR2","Lvl","AllPub","Corner","Gtl","Mitchel","Norm","Norm","1Fam","1Story","5","6",1976,2003,"Gable","CompShg","Plywood","Plywood","None",0,"TA","TA","PConc","Gd","TA","No","LwQ",1090,"Unf",0,0,1090,"GasA","TA","Y","SBrkr",1178,0,0,1178,1,0,1,1,3,1,"TA",6,"Typ",0,NA,"Attchd",1976,"Unf",2,502,"TA","TA","Y",0,44,0,0,88,0,NA,"MnPrv",NA,0,6,2007,"WD","Normal",0,"Test"
"2613",2613,20,"RL",65,11625,"Pave",NA,"IR1","Lvl","AllPub","Inside","Gtl","Mitchel","Norm","Norm","1Fam","1Story","5","7",1983,1983,"Gable","CompShg","HdBoard","HdBoard","None",0,"TA","TA","CBlock","Gd","TA","No","ALQ",596,"Unf",0,220,816,"GasA","TA","Y","SBrkr",816,0,0,816,1,0,1,0,2,1,"TA",4,"Typ",0,NA,"Attchd",1983,"Fin",1,264,"TA","TA","Y",330,0,0,0,0,0,NA,"MnPrv",NA,0,5,2007,"WD","Normal",0,"Test"
"2614",2614,20,"RL",62,10447,"Pave",NA,"Reg","Lvl","AllPub","Inside","Gtl","Mitchel","Norm","Norm","1Fam","1Story","5","6",1984,1984,"Gable","CompShg","Plywood","HdBoard","None",0,"TA","TA","CBlock","TA","TA","No","ALQ",516,"Unf",0,348,864,"GasA","TA","Y","SBrkr",887,0,0,887,0,1,1,0,3,1,"TA",5,"Typ",0,NA,"Attchd",1984,"RFn",1,288,"TA","TA","Y",140,0,0,0,0,0,NA,NA,NA,0,12,2007,"WD","Normal",0,"Test"
"2615",2615,20,"RL",NA,11027,"Pave",NA,"IR1","Lvl","AllPub","Inside","Gtl","NAmes","Norm","Norm","1Fam","1Story","6","5",1954,1954,"Hip","CompShg","Wd Sdng","Wd Sdng","Stone",28,"TA","TA","CBlock","TA","TA","No","BLQ",468,"Rec",539,171,1178,"GasA","Gd","Y","SBrkr",1293,0,0,1293,1,0,2,0,2,1,"TA",5,"Typ",0,NA,"Attchd",1954,"RFn",2,452,"TA","TA","Y",280,0,0,0,0,0,NA,NA,NA,0,5,2006,"WD","Normal",0,"Test"
"2616",2616,20,"RL",85,10533,"Pave",NA,"IR1","Lvl","AllPub","Inside","Gtl","NAmes","Norm","Norm","1Fam","1Story","6","6",1956,1956,"Hip","CompShg","VinylSd","VinylSd","BrkFace",244,"TA","Gd","CBlock","TA","TA","No","Rec",773,"Unf",0,235,1008,"GasA","TA","Y","SBrkr",1024,0,0,1024,1,0,1,0,2,1,"Gd",5,"Typ",2,"TA","Attchd",1956,"Unf",1,313,"TA","TA","Y",0,0,0,0,280,0,NA,NA,NA,0,8,2006,"WD","Normal",0,"Test"
"2617",2617,20,"RL",NA,11765,"Pave",NA,"IR1","Lvl","AllPub","Corner","Gtl","NAmes","Norm","Norm","1Fam","1Story","5","5",1957,1957,"Gable","CompShg","Wd Sdng","Wd Sdng","Stone",302,"TA","TA","CBlock","TA","TA","Mn","Rec",1127,"Unf",0,490,1617,"GasA","Fa","Y","SBrkr",1797,0,0,1797,0,0,1,1,3,1,"TA",7,"Typ",1,"TA","Attchd",1957,"Unf",3,963,"TA","TA","Y",0,0,0,0,0,0,NA,NA,NA,0,6,2006,"WD","Normal",0,"Test"
"2618",2618,20,"RL",NA,39384,"Pave",NA,"IR1","Low","AllPub","CulDSac","Sev","NAmes","Norm","Norm","1Fam","1Story","6","6",1957,1957,"Gable","CompShg","Wd Sdng","Wd Sdng","Stone",902,"TA","TA","CBlock","Gd","TA","Gd","ALQ",1110,"Unf",0,595,1705,"GasA","Ex","Y","SBrkr",1390,0,0,1390,1,0,1,1,1,1,"Ex",4,"Min1",2,"Gd","Attchd",1957,"Unf",2,550,"TA","TA","Y",0,189,0,0,0,0,NA,NA,NA,0,10,2006,"WD","Abnorml",0,"Test"
"2619",2619,20,"RL",90,11727,"Pave",NA,"Reg","Lvl","AllPub","Corner","Gtl","NAmes","Norm","Norm","1Fam","1Story","7","6",1969,1969,"Gable","CompShg","HdBoard","HdBoard","BrkFace",434,"TA","Gd","CBlock","TA","TA","Mn","Unf",0,"Unf",0,1851,1851,"GasA","Gd","Y","SBrkr",1851,0,0,1851,0,0,2,0,3,1,"TA",8,"Typ",1,"TA","Attchd",1969,"Fin",2,506,"TA","TA","Y",0,146,0,0,0,0,NA,NA,NA,0,3,2006,"WD","Normal",0,"Test"
"2620",2620,60,"RL",60,8238,"Pave",NA,"IR1","Lvl","AllPub","Inside","Gtl","Gilbert","Norm","Norm","1Fam","2Story","6","5",1997,1998,"Gable","CompShg","VinylSd","VinylSd","None",0,"TA","TA","PConc","TA","TA","No","GLQ",700,"Unf",0,113,813,"GasA","Ex","Y","SBrkr",813,712,0,1525,1,0,2,1,3,1,"TA",6,"Typ",1,"TA","Attchd",1997,"Fin",2,400,"TA","TA","Y",421,72,0,0,0,0,NA,NA,NA,0,5,2006,"WD","Normal",0,"Test"
"2621",2621,60,"RL",NA,13041,"Pave",NA,"IR2","Lvl","AllPub","Inside","Gtl","Gilbert","Norm","Norm","1Fam","2Story","6","5",1995,1995,"Gable","CompShg","HdBoard","HdBoard","None",0,"TA","TA","PConc","Gd","TA","No","Unf",0,"Unf",0,781,781,"GasA","Gd","Y","SBrkr",781,890,0,1671,0,0,2,1,3,1,"TA",7,"Typ",1,"TA","Attchd",1995,"Fin",2,423,"TA","TA","Y",0,84,0,0,0,0,NA,NA,NA,0,2,2006,"WD","Normal",0,"Test"
"2622",2622,60,"RL",54,9783,"Pave",NA,"IR1","Lvl","AllPub","Inside","Gtl","Gilbert","Norm","Norm","1Fam","2Story","6","5",1996,1996,"Gable","CompShg","HdBoard","HdBoard","None",0,"TA","TA","PConc","Gd","TA","No","Unf",0,"Unf",0,821,821,"GasA","Gd","Y","SBrkr",821,955,0,1776,0,0,2,1,3,1,"TA",7,"Typ",1,"TA","BuiltIn",1996,"Fin",2,443,"TA","TA","Y",286,116,0,0,0,0,NA,NA,NA,0,5,2006,"WD","Normal",0,"Test"
"2623",2623,60,"RL",50,13128,"Pave",NA,"IR1","HLS","AllPub","CulDSac","Gtl","Gilbert","Norm","Norm","1Fam","2Story","8","5",2005,2005,"Gable","CompShg","VinylSd","VinylSd","BrkFace",216,"Gd","TA","PConc","Gd","TA","No","Unf",0,"Unf",0,1074,1074,"GasA","Ex","Y","SBrkr",1074,990,0,2064,0,0,2,1,4,1,"Gd",7,"Typ",1,"Gd","Attchd",2005,"Fin",2,527,"TA","TA","Y",0,119,0,0,0,0,NA,NA,NA,0,1,2006,"WD","Normal",0,"Test"
"2624",2624,60,"RL",42,13751,"Pave",NA,"IR1","HLS","AllPub","CulDSac","Gtl","Gilbert","Norm","Norm","1Fam","2Story","7","5",2005,2006,"Gable","CompShg","VinylSd","VinylSd","BrkFace",248,"Gd","TA","PConc","Gd","TA","Av","GLQ",60,"Unf",0,1640,1700,"GasA","Ex","Y","SBrkr",1700,512,0,2212,1,0,2,1,3,1,"Gd",9,"Typ",1,"Gd","Attchd",2006,"Fin",3,773,"TA","TA","Y",237,38,0,0,115,0,NA,NA,NA,0,5,2006,"New","Partial",0,"Test"
"2625",2625,160,"RL",68,13108,"Pave",NA,"IR1","Lvl","AllPub","Inside","Gtl","StoneBr","Norm","Norm","1Fam","2Story","8","5",1994,1994,"Gable","CompShg","CemntBd","CmentBd","None",0,"Gd","TA","PConc","Gd","TA","No","Unf",0,"Unf",0,2062,2062,"GasA","Ex","Y","SBrkr",2079,608,0,2687,0,0,2,1,4,1,"Gd",9,"Typ",0,NA,"Attchd",1994,"Fin",2,618,"TA","TA","Y",168,12,0,0,0,0,NA,NA,NA,0,12,2006,"WD","Normal",0,"Test"
"2626",2626,20,"RL",NA,8076,"Pave",NA,"IR1","Lvl","AllPub","Inside","Gtl","Gilbert","Norm","Norm","1Fam","1Story","6","6",1993,1994,"Gable","CompShg","HdBoard","HdBoard","BrkFace",112,"TA","TA","PConc","Gd","TA","No","GLQ",705,"Unf",0,455,1160,"GasA","Gd","Y","SBrkr",1169,0,0,1169,0,1,2,0,3,1,"TA",6,"Typ",1,"TA","Attchd",1993,"Fin",2,402,"TA","TA","Y",0,26,0,0,144,0,NA,"MnPrv",NA,0,7,2006,"WD","Normal",0,"Test"
"2627",2627,120,"RL",30,3701,"Pave",NA,"IR1","Lvl","AllPub","Inside","Gtl","StoneBr","Norm","Norm","TwnhsE","1Story","8","5",1987,1987,"Gable","CompShg","HdBoard","HdBoard","None",0,"TA","TA","CBlock","Gd","TA","No","Unf",0,"Unf",0,1191,1191,"GasA","TA","Y","SBrkr",1204,0,0,1204,0,0,2,0,2,1,"TA",5,"Typ",0,NA,"Attchd",1987,"RFn",2,461,"TA","TA","Y",120,70,0,0,0,0,NA,NA,NA,0,8,2006,"WD","Normal",0,"Test"
"2628",2628,60,"RL",59,16023,"Pave",NA,"IR1","HLS","AllPub","CulDSac","Gtl","StoneBr","Norm","Norm","1Fam","2Story","9","5",2005,2006,"Hip","CompShg","VinylSd","VinylSd","BrkFace",600,"Gd","Ex","PConc","Ex","TA","Gd","GLQ",1218,"Unf",0,180,1398,"GasA","Ex","Y","SBrkr",1414,1384,0,2798,1,0,3,1,3,1,"Ex",11,"Typ",1,"Gd","BuiltIn",2005,"Fin",3,670,"TA","TA","Y",182,37,0,0,0,0,NA,NA,NA,0,3,2006,"New","Partial",0,"Test"
"2629",2629,60,"RL",60,18062,"Pave",NA,"IR1","HLS","AllPub","CulDSac","Gtl","StoneBr","Norm","Norm","1Fam","2Story","10","5",2006,2006,"Hip","CompShg","CemntBd","CmentBd","BrkFace",662,"Ex","TA","PConc","Ex","TA","Gd","Unf",0,"Unf",0,1528,1528,"GasA","Ex","Y","SBrkr",1528,1862,0,3390,0,0,3,1,5,1,"Ex",10,"Typ",1,"Ex","BuiltIn",2006,"Fin",3,758,"TA","TA","Y",204,34,0,0,0,0,NA,NA,NA,0,9,2006,"New","Partial",0,"Test"
"2630",2630,60,"RL",63,12292,"Pave",NA,"IR1","HLS","AllPub","CulDSac","Gtl","StoneBr","Norm","Norm","1Fam","2Story","9","5",2006,2006,"Hip","CompShg","VinylSd","VinylSd","BrkFace",184,"Gd","TA","PConc","Ex","Gd","Gd","GLQ",205,"Unf",0,889,1094,"GasA","Ex","Y","SBrkr",1102,1371,0,2473,0,0,2,1,4,1,"Gd",11,"Typ",1,"Gd","BuiltIn",2006,"Fin",3,675,"TA","TA","Y",246,39,0,0,0,0,NA,NA,NA,0,7,2006,"New","Partial",0,"Test"
"2631",2631,60,"RL",82,16052,"Pave",NA,"IR1","Lvl","AllPub","CulDSac","Gtl","StoneBr","Norm","Norm","1Fam","2Story","10","5",2006,2006,"Hip","CompShg","VinylSd","VinylSd","Stone",734,"Ex","TA","PConc","Ex","TA","No","GLQ",1206,"Unf",0,644,1850,"GasA","Ex","Y","SBrkr",1850,848,0,2698,1,0,2,1,4,1,"Ex",11,"Typ",1,"Gd","Attchd",2006,"RFn",3,736,"TA","TA","Y",250,0,0,0,0,0,NA,NA,NA,0,7,2006,"New","Partial",0,"Test"
"2632",2632,60,"RL",92,15922,"Pave",NA,"IR1","HLS","AllPub","Corner","Gtl","StoneBr","Norm","Norm","1Fam","2Story","9","5",2005,2006,"Hip","CompShg","VinylSd","VinylSd","BrkFace",550,"Gd","TA","PConc","Ex","TA","Av","Unf",0,"Unf",0,1390,1390,"GasA","Ex","Y","SBrkr",1390,1405,0,2795,0,0,3,1,4,1,"Ex",10,"Typ",1,"Gd","BuiltIn",2005,"Fin",3,660,"TA","TA","Y",272,102,0,0,0,0,NA,NA,NA,0,1,2006,"New","Partial",0,"Test"
"2633",2633,120,"RL",60,8147,"Pave",NA,"Reg","HLS","AllPub","Inside","Gtl","StoneBr","Norm","Norm","TwnhsE","1Story","9","5",2005,2005,"Hip","CompShg","MetalSd","MetalSd","BrkFace",230,"Gd","TA","PConc","Ex","TA","Gd","GLQ",1191,"Unf",0,523,1714,"GasA","Ex","Y","SBrkr",1714,0,0,1714,1,0,2,0,2,1,"Gd",7,"Typ",1,"Gd","Attchd",2005,"Fin",2,517,"TA","TA","Y",156,55,0,0,0,0,NA,NA,NA,0,8,2006,"WD","Normal",0,"Test"
"2634",2634,20,"RL",90,18261,"Pave",NA,"IR1","HLS","AllPub","Inside","Gtl","StoneBr","Norm","Norm","1Fam","1Story","9","5",2005,2005,"Hip","CompShg","VinylSd","VinylSd","BrkFace",420,"Ex","TA","PConc","Ex","TA","Gd","GLQ",1416,"Unf",0,494,1910,"GasA","Ex","Y","SBrkr",2000,0,0,2000,1,0,2,1,3,1,"Ex",8,"Typ",2,"Gd","Attchd",2005,"Unf",3,722,"TA","TA","Y",351,102,0,0,123,0,NA,NA,NA,0,9,2006,"WD","Normal",0,"Test"
"2635",2635,85,"RL",NA,10464,"Pave",NA,"IR1","Lvl","AllPub","FR3","Gtl","NWAmes","Norm","Norm","1Fam","SFoyer","6","6",1980,1980,"Gable","CompShg","HdBoard","HdBoard","BrkFace",130,"TA","TA","CBlock","Gd","TA","Av","GLQ",850,"Unf",0,138,988,"GasA","TA","Y","SBrkr",1102,0,0,1102,1,0,1,0,2,1,"TA",5,"Typ",1,"TA","Attchd",1980,"RFn",2,582,"TA","TA","Y",140,22,0,0,0,0,NA,NA,NA,0,6,2006,"WD","Normal",0,"Test"
"2636",2636,60,"RL",81,10530,"Pave",NA,"Reg","Lvl","AllPub","Inside","Gtl","NWAmes","PosA","Norm","1Fam","2Story","7","5",1978,1978,"Gable","CompShg","Plywood","Plywood","BrkFace",68,"TA","TA","CBlock","TA","TA","No","Unf",0,"Unf",0,945,945,"GasA","TA","Y","SBrkr",945,912,0,1857,0,0,2,1,4,1,"TA",8,"Typ",1,"TA","Attchd",1978,"RFn",2,482,"TA","TA","Y",400,105,0,0,0,0,NA,"GdPrv",NA,0,7,2006,"WD","Normal",0,"Test"
"2637",2637,85,"RL",NA,9927,"Pave",NA,"IR1","Lvl","AllPub","Inside","Gtl","NWAmes","Norm","Norm","1Fam","SFoyer","7","5",1976,1976,"Gable","CompShg","VinylSd","Wd Shng","Stone",252,"Gd","TA","CBlock","Ex","TA","Gd","GLQ",1005,"Unf",0,42,1047,"GasA","TA","Y","SBrkr",1083,0,0,1083,1,0,1,0,2,1,"TA",5,"Typ",1,"Fa","Attchd",1976,"RFn",2,596,"TA","TA","Y",444,0,40,0,0,0,NA,NA,NA,0,7,2006,"WD","Normal",0,"Test"
"2638",2638,60,"FV",75,9512,"Pave",NA,"IR1","Lvl","AllPub","Inside","Gtl","Somerst","RRAn","Norm","1Fam","2Story","7","5",2005,2006,"Gable","CompShg","VinylSd","VinylSd","None",0,"Gd","TA","PConc","Gd","TA","No","ALQ",788,"Unf",0,172,960,"GasA","Ex","Y","SBrkr",960,1358,0,2318,1,0,2,1,3,1,"Gd",8,"Typ",1,"Ex","BuiltIn",2005,"Fin",2,541,"TA","TA","Y",0,246,0,0,0,0,NA,NA,NA,0,6,2006,"New","Partial",0,"Test"
"2639",2639,80,"RL",81,10530,"Pave",NA,"Reg","Lvl","AllPub","Inside","Gtl","NWAmes","Norm","Norm","1Fam","SLvl","6","6",1975,2000,"Gable","CompShg","Plywood","Plywood","BrkFace",248,"TA","TA","CBlock","TA","Fa","No","ALQ",548,"Unf",0,127,675,"GasA","TA","Y","SBrkr",1109,766,0,1875,0,0,3,0,3,1,"Gd",8,"Typ",1,"TA","Attchd",1975,"RFn",2,485,"TA","TA","Y",48,28,0,0,0,0,NA,NA,NA,0,6,2006,"WD","Normal",0,"Test"
"2640",2640,20,"RL",80,10000,"Pave",NA,"Reg","Lvl","AllPub","Inside","Gtl","NWAmes","Norm","Norm","1Fam","1Story","6","6",1974,1974,"Gable","CompShg","HdBoard","Plywood","BrkFace",176,"TA","TA","CBlock","TA","TA","No","ALQ",755,"Unf",0,348,1103,"GasA","TA","Y","SBrkr",1103,0,0,1103,0,0,2,0,3,1,"TA",6,"Typ",0,NA,"Attchd",1974,"Unf",2,462,"TA","TA","Y",295,84,0,0,0,0,NA,"GdWo",NA,0,6,2006,"WD","Normal",0,"Test"
"2641",2641,20,"RL",60,7200,"Pave",NA,"Reg","Lvl","AllPub","Inside","Gtl","NAmes","Norm","Norm","1Fam","1Story","4","4",1971,1971,"Gable","CompShg","HdBoard","HdBoard","None",0,"TA","TA","CBlock","TA","TA","No","Rec",20,"LwQ",620,224,864,"GasA","TA","Y","SBrkr",874,0,0,874,0,1,1,0,3,1,"TA",5,"Typ",0,NA,"Detchd",1995,"Unf",2,576,"TA","TA","Y",63,0,0,0,0,0,NA,NA,NA,0,3,2006,"WD","Normal",0,"Test"
"2642",2642,120,"RH",26,8773,"Pave",NA,"IR2","Lvl","AllPub","FR2","Gtl","NAmes","Norm","Norm","TwnhsE","1Story","6","5",2002,2002,"Gable","CompShg","MetalSd","MetalSd","None",0,"Gd","TA","PConc","Gd","TA","No","GLQ",951,"Unf",0,536,1487,"GasA","Ex","Y","SBrkr",1419,0,0,1419,1,0,2,0,2,1,"Gd",4,"Typ",0,NA,"Attchd",2002,"Fin",2,543,"TA","TA","Y",196,68,0,0,0,0,NA,NA,NA,0,9,2006,"WD","Normal",0,"Test"
"2643",2643,160,"RM",24,2760,"Pave",NA,"Reg","Lvl","AllPub","Inside","Gtl","BrDale","Norm","Norm","TwnhsE","2Story","6","5",1973,1973,"Gable","CompShg","HdBoard","HdBoard","BrkFace",514,"TA","TA","CBlock","TA","TA","No","Unf",0,"Unf",0,525,525,"GasA","TA","Y","SBrkr",525,567,0,1092,0,0,1,1,3,1,"TA",6,"Typ",0,NA,"Detchd",1973,"Unf",2,440,"TA","TA","Y",0,0,0,0,0,0,NA,NA,NA,0,12,2006,"WD","Normal",0,"Test"
"2644",2644,160,"RM",24,2160,"Pave",NA,"Reg","Lvl","AllPub","Inside","Gtl","BrDale","Norm","Norm","TwnhsE","2Story","5","6",1973,1973,"Gable","CompShg","HdBoard","HdBoard","BrkFace",200,"TA","TA","CBlock","TA","TA","No","LwQ",402,"Unf",0,363,765,"GasA","Gd","Y","SBrkr",765,600,0,1365,0,0,1,1,3,1,"Gd",7,"Min1",1,"Fa","Attchd",1973,"Unf",2,440,"TA","TA","Y",0,36,0,0,0,0,NA,NA,NA,0,6,2006,"WD","Normal",0,"Test"
"2645",2645,160,"RM",21,1890,"Pave",NA,"Reg","Lvl","AllPub","Inside","Gtl","BrDale","Norm","Norm","Twnhs","2Story","6","7",1972,1972,"Gable","CompShg","HdBoard","HdBoard","BrkFace",380,"TA","TA","CBlock","TA","TA","No","ALQ",282,"Unf",0,212,494,"GasA","Ex","Y","SBrkr",494,536,0,1030,0,0,1,1,3,1,"TA",6,"Typ",0,NA,"Detchd",1973,"Unf",1,264,"TA","TA","Y",0,0,0,0,0,0,NA,NA,NA,0,7,2006,"WD","Normal",0,"Test"
"2646",2646,160,"RM",21,1680,"Pave",NA,"Reg","Lvl","AllPub","Inside","Gtl","BrDale","Norm","Norm","Twnhs","2Story","6","5",1972,1972,"Gable","CompShg","HdBoard","HdBoard","BrkFace",504,"TA","TA","CBlock","TA","TA","No","ALQ",276,"Unf",0,207,483,"GasA","TA","Y","SBrkr",483,465,0,948,0,0,1,1,2,1,"TA",5,"Typ",0,NA,"Detchd",1972,"Unf",1,264,"TA","TA","Y",0,0,0,0,0,0,NA,NA,NA,0,7,2006,"WD","Normal",0,"Test"
"2647",2647,160,"RM",21,1680,"Pave",NA,"Reg","Lvl","AllPub","Inside","Gtl","BrDale","Norm","Norm","Twnhs","2Story","6","5",1972,1972,"Gable","CompShg","HdBoard","HdBoard","BrkFace",504,"TA","TA","CBlock","TA","TA","No","BLQ",382,"Unf",0,143,525,"GasA","Gd","Y","SBrkr",525,567,0,1092,0,0,1,1,3,1,"TA",6,"Typ",0,NA,"Detchd",1972,"Unf",1,264,"TA","TA","Y",352,0,0,0,0,0,NA,"GdPrv",NA,0,10,2006,"WD","Normal",0,"Test"
"2648",2648,120,"RL",53,4043,"Pave",NA,"Reg","Lvl","AllPub","Inside","Gtl","NPkVill","Norm","Norm","TwnhsE","1Story","6","5",1975,1975,"Gable","CompShg","Plywood","Plywood","None",0,"TA","TA","CBlock","Gd","TA","No","ALQ",727,"BLQ",156,186,1069,"GasA","Gd","Y","SBrkr",1069,0,0,1069,0,1,2,0,2,1,"TA",4,"Typ",1,"Po","Attchd",1975,"RFn",2,440,"TA","TA","Y",0,55,0,0,225,0,NA,NA,NA,0,7,2006,"WD","Normal",0,"Test"
"2649",2649,20,"RL",65,7514,"Pave",NA,"Reg","Lvl","AllPub","Inside","Gtl","NAmes","Norm","Norm","1Fam","1Story","5","7",1967,1975,"Hip","CompShg","MetalSd","MetalSd","None",0,"TA","TA","CBlock","TA","TA","Mn","ALQ",373,"Rec",108,462,943,"GasA","TA","Y","SBrkr",1387,0,0,1387,1,0,1,0,3,1,"TA",6,"Typ",1,"TA","Attchd",1974,"RFn",1,300,"TA","TA","Y",0,0,240,0,0,0,NA,NA,NA,0,9,2006,"WD","Normal",0,"Test"
"2650",2650,120,"RL",24,2280,"Pave",NA,"Reg","Lvl","AllPub","FR2","Gtl","NPkVill","Norm","Norm","Twnhs","1Story","7","7",1976,1976,"Gable","CompShg","Plywood","Brk Cmn","None",0,"TA","TA","CBlock","TA","TA","No","ALQ",120,"BLQ",492,443,1055,"GasA","TA","Y","SBrkr",1055,0,0,1055,1,0,2,0,2,1,"TA",4,"Typ",0,NA,"Attchd",1976,"Unf",1,319,"TA","TA","Y",0,29,0,0,0,0,NA,NA,NA,0,4,2006,"WD","Normal",0,"Test"
"2651",2651,160,"RL",24,2179,"Pave",NA,"Reg","Lvl","AllPub","Inside","Gtl","NPkVill","Norm","Norm","Twnhs","2Story","6","5",1976,1976,"Gable","CompShg","Plywood","Brk Cmn","None",0,"TA","TA","CBlock","Gd","TA","No","ALQ",70,"Unf",0,785,855,"GasA","Gd","Y","SBrkr",855,601,0,1456,0,0,2,1,3,1,"TA",6,"Typ",1,"TA","Attchd",1976,"RFn",2,460,"TA","TA","Y",0,28,0,0,0,0,NA,NA,NA,0,7,2006,"WD","Normal",0,"Test"
"2652",2652,60,"RL",72,16387,"Pave",NA,"IR1","Lvl","AllPub","Inside","Gtl","NridgHt","Norm","Norm","1Fam","2Story","9","5",2006,2006,"Hip","CompShg","VinylSd","VinylSd","Stone",215,"Gd","TA","PConc","Ex","Gd","No","GLQ",1369,"Unf",0,369,1738,"GasA","Gd","Y","SBrkr",1738,851,0,2589,1,0,2,1,4,1,"Ex",11,"Typ",1,"Gd","Attchd",2006,"RFn",3,831,"TA","TA","Y",0,0,0,0,0,0,NA,NA,NA,0,8,2006,"New","Partial",0,"Test"
"2653",2653,20,"RL",110,16163,"Pave",NA,"Reg","Lvl","AllPub","Corner","Gtl","NridgHt","Norm","Norm","1Fam","1Story","8","5",2004,2004,"Gable","CompShg","VinylSd","VinylSd","BrkFace",232,"Gd","TA","PConc","Gd","TA","Av","Unf",0,"Unf",0,1618,1618,"GasA","Ex","Y","SBrkr",1618,0,0,1618,0,0,2,0,2,1,"Gd",6,"Typ",1,"Gd","Attchd",2004,"Fin",3,880,"TA","TA","Y",0,0,0,0,0,0,NA,NA,NA,0,7,2006,"WD","Normal",0,"Test"
"2654",2654,20,"RL",108,12228,"Pave",NA,"Reg","Lvl","AllPub","Corner","Gtl","NridgHt","Norm","Norm","1Fam","1Story","7","5",2006,2006,"Hip","CompShg","VinylSd","VinylSd","Stone",206,"Gd","TA","PConc","Ex","Gd","No","Unf",0,"Unf",0,1721,1721,"GasA","Ex","Y","SBrkr",1740,0,0,1740,0,0,2,0,4,1,"Gd",8,"Typ",0,NA,"Attchd",2006,"RFn",3,874,"TA","TA","Y",0,43,0,0,0,0,NA,NA,NA,0,9,2006,"New","Partial",0,"Test"
"2655",2655,20,"RL",120,14780,"Pave",NA,"IR1","HLS","AllPub","Corner","Mod","NridgHt","Norm","Norm","1Fam","1Story","9","5",2005,2005,"Hip","CompShg","VinylSd","VinylSd","BrkFace",568,"Ex","TA","PConc","Ex","TA","Gd","GLQ",1505,"Unf",0,363,1868,"GasA","Ex","Y","SBrkr",1868,0,0,1868,1,0,2,0,2,1,"Ex",7,"Typ",1,"Gd","Attchd",2005,"Fin",3,1085,"TA","TA","Y",354,56,0,0,156,0,NA,NA,NA,0,6,2006,"WD","Normal",0,"Test"
"2656",2656,60,"RL",120,13975,"Pave",NA,"IR1","Lvl","AllPub","Corner","Gtl","NridgHt","Norm","Norm","1Fam","2Story","9","5",2005,2006,"Hip","CompShg","VinylSd","VinylSd","BrkFace",525,"Gd","TA","PConc","Gd","TA","Av","Unf",0,"Unf",0,1090,1090,"GasA","Ex","Y","SBrkr",1117,1089,0,2206,0,0,2,1,4,1,"Ex",10,"Typ",1,"Gd","BuiltIn",2005,"Fin",3,670,"TA","TA","Y",148,95,0,0,0,0,NA,NA,NA,0,8,2006,"New","Partial",0,"Test"
"2657",2657,60,"RL",82,9942,"Pave",NA,"IR1","Lvl","AllPub","Inside","Gtl","NridgHt","Norm","Norm","1Fam","2Story","9","5",2005,2006,"Gable","CompShg","MetalSd","MetalSd","BrkFace",385,"Ex","TA","PConc","Ex","Gd","Av","GLQ",1290,"Unf",0,316,1606,"GasA","Ex","Y","SBrkr",1625,466,0,2091,1,0,2,1,3,1,"Ex",8,"Typ",1,"Gd","Attchd",2005,"RFn",2,521,"TA","TA","Y",194,84,0,0,0,0,NA,NA,NA,0,5,2006,"New","Partial",0,"Test"
"2658",2658,60,"RL",103,12867,"Pave",NA,"IR1","Lvl","AllPub","Corner","Gtl","NridgHt","Norm","Norm","1Fam","2Story","8","5",2005,2006,"Gable","CompShg","CemntBd","CmentBd",NA,NA,"Gd","TA","PConc","Ex","TA","Av","Unf",0,"Unf",0,1209,1209,"GasA","Ex","Y","SBrkr",1209,1044,0,2253,0,0,2,1,3,1,"Ex",8,"Typ",1,"Gd","Attchd",2005,"Fin",2,575,"TA","TA","Y",243,142,0,0,0,0,NA,NA,NA,0,7,2006,"New","Partial",0,"Test"
"2659",2659,60,"RL",82,10672,"Pave",NA,"IR1","Lvl","AllPub","Inside","Gtl","NridgHt","Norm","Norm","1Fam","2Story","8","5",2006,2006,"Gable","CompShg","VinylSd","VinylSd","None",0,"Gd","TA","PConc","Ex","TA","Gd","Unf",0,"Unf",0,1054,1054,"GasA","Gd","Y","SBrkr",1054,1335,0,2389,0,0,2,1,4,1,"Gd",10,"Typ",1,"Gd","BuiltIn",2006,"Fin",3,672,"TA","TA","Y",176,64,0,0,0,0,NA,NA,NA,0,11,2006,"New","Partial",0,"Test"
"2660",2660,60,"RL",82,11643,"Pave",NA,"IR1","Lvl","AllPub","Inside","Gtl","NridgHt","Norm","Norm","1Fam","2Story","8","5",2005,2006,"Hip","CompShg","MetalSd","MetalSd","BrkFace",142,"Gd","TA","PConc","Ex","TA","Av","GLQ",880,"Unf",0,644,1524,"GasA","Ex","Y","SBrkr",1544,814,0,2358,1,0,2,1,4,1,"Ex",10,"Typ",1,"Gd","BuiltIn",2005,"Fin",3,784,"TA","TA","Y",120,34,0,0,0,0,NA,NA,NA,0,8,2006,"New","Partial",0,"Test"
"2661",2661,20,"RL",121,13758,"Pave",NA,"IR1","Lvl","AllPub","Inside","Gtl","NridgHt","Norm","Norm","1Fam","1Story","9","5",2005,2006,"Gable","CompShg","VinylSd","VinylSd","BrkFace",430,"Ex","TA","PConc","Ex","TA","Gd","GLQ",1232,"Unf",0,560,1792,"GasA","Ex","Y","SBrkr",1792,0,0,1792,1,0,2,0,2,1,"Gd",6,"Typ",1,"Gd","Attchd",2005,"RFn",3,925,"TA","TA","Y",204,49,0,0,0,0,NA,NA,NA,0,3,2006,"New","Partial",0,"Test"
"2662",2662,20,"RL",131,14828,"Pave",NA,"IR1","Lvl","AllPub","Corner","Gtl","NridgHt","Norm","Norm","1Fam","1Story","9","5",2004,2005,"Hip","CompShg","MetalSd","MetalSd","BrkFace",674,"Ex","TA","PConc","Ex","TA","Gd","GLQ",1383,"Unf",0,397,1780,"GasA","Ex","Y","SBrkr",1780,0,0,1780,1,0,2,0,2,1,"Ex",7,"Typ",1,"Gd","Attchd",2004,"Fin",3,816,"TA","TA","Y",144,68,0,0,0,0,NA,NA,NA,0,8,2006,"WD","Normal",0,"Test"
"2663",2663,60,"RL",NA,13215,"Pave",NA,"IR1","Lvl","AllPub","Corner","Gtl","NridgHt","Norm","Norm","1Fam","2Story","8","5",2004,2004,"Gable","CompShg","VinylSd","VinylSd","BrkFace",112,"Gd","TA","PConc","Gd","TA","No","GLQ",994,"Unf",0,426,1420,"GasA","Ex","Y","SBrkr",1426,488,0,1914,1,0,2,1,3,1,"Gd",9,"Typ",1,"TA","BuiltIn",2004,"RFn",3,746,"TA","TA","Y",168,127,0,0,0,0,NA,NA,NA,0,2,2006,"WD","Normal",0,"Test"
"2664",2664,120,"RL",48,5911,"Pave",NA,"Reg","Lvl","AllPub","Inside","Gtl","NridgHt","Norm","Norm","TwnhsE","1Story","9","5",2005,2005,"Hip","CompShg","MetalSd","MetalSd","BrkFace",278,"Ex","TA","PConc","Ex","TA","No","GLQ",472,"Unf",0,1088,1560,"GasA","Ex","Y","SBrkr",1565,0,0,1565,1,0,2,0,2,1,"Ex",6,"Typ",1,"Gd","Attchd",2005,"RFn",2,556,"TA","TA","Y",196,56,0,0,0,0,NA,NA,NA,0,3,2006,"WD","Normal",0,"Test"
"2665",2665,20,"RL",61,7740,"Pave",NA,"Reg","Lvl","AllPub","Inside","Gtl","NridgHt","Norm","Norm","TwnhsE","1Story","9","5",2006,2006,"Hip","CompShg","MetalSd","MetalSd","BrkFace",518,"Gd","TA","PConc","Ex","Gd","No","GLQ",1023,"Unf",0,663,1686,"GasA","Ex","Y","SBrkr",1686,0,0,1686,1,0,2,0,1,1,"Ex",6,"Typ",1,"Gd","Attchd",2006,"Fin",3,899,"TA","TA","Y",266,100,0,0,0,0,NA,NA,NA,0,6,2006,"New","Partial",0,"Test"
"2666",2666,120,"RL",48,6373,"Pave",NA,"Reg","Lvl","AllPub","Inside","Gtl","NridgHt","Norm","Norm","TwnhsE","1Story","9","5",2006,2006,"Hip","CompShg","MetalSd","MetalSd","BrkFace",572,"Ex","TA","PConc","Ex","Gd","No","GLQ",415,"Unf",0,1251,1666,"GasA","Ex","Y","SBrkr",1666,0,0,1666,1,0,2,0,2,1,"Gd",6,"Typ",1,"Gd","Attchd",2006,"RFn",2,575,"TA","TA","Y",228,75,0,0,0,0,NA,NA,NA,0,6,2006,"New","Partial",0,"Test"
"2667",2667,60,"RL",65,10237,"Pave",NA,"Reg","Lvl","AllPub","Inside","Gtl","Gilbert","RRAn","Norm","1Fam","2Story","6","5",2005,2006,"Gable","CompShg","VinylSd","VinylSd","None",0,"Gd","TA","PConc","Gd","TA","No","Unf",0,"Unf",0,728,728,"GasA","Ex","Y","SBrkr",728,728,0,1456,0,0,2,1,3,1,"Gd",8,"Typ",1,"Gd","Attchd",2005,"Fin",2,390,"TA","TA","Y",0,24,0,0,0,0,NA,NA,NA,0,2,2006,"New","Partial",0,"Test"
"2668",2668,60,"RL",65,10237,"Pave",NA,"Reg","Lvl","AllPub","Inside","Gtl","Gilbert","RRAn","Norm","1Fam","2Story","7","5",2006,2006,"Gable","CompShg","VinylSd","VinylSd","None",0,"Gd","TA","PConc","Gd","TA","No","Unf",0,"Unf",0,738,738,"GasA","Ex","Y","SBrkr",738,754,0,1492,0,0,2,1,3,1,"Gd",8,"Typ",0,NA,"Attchd",2006,"Fin",2,440,"TA","TA","Y",0,32,0,0,0,0,NA,NA,NA,0,9,2006,"New","Partial",0,"Test"
"2669",2669,20,"RL",102,11660,"Pave",NA,"IR1","Lvl","AllPub","Inside","Gtl","Gilbert","Norm","Norm","1Fam","1Story","6","5",2006,2006,"Gable","CompShg","VinylSd","VinylSd","None",0,"Gd","TA","PConc","Gd","TA","Av","Unf",0,"Unf",0,1326,1326,"GasA","Ex","Y","SBrkr",1326,0,0,1326,0,0,2,0,3,1,"Gd",6,"Typ",0,NA,"Attchd",2006,"Fin",2,427,"TA","TA","Y",100,0,0,0,0,0,NA,NA,NA,0,7,2006,"New","Partial",0,"Test"
"2670",2670,60,"RL",96,11631,"Pave",NA,"IR1","Lvl","AllPub","Corner","Gtl","Gilbert","Norm","Norm","1Fam","2Story","8","5",2004,2005,"Gable","CompShg","VinylSd","VinylSd","BrkFace",236,"Gd","TA","PConc","Gd","TA","Av","Unf",0,"Unf",0,1052,1052,"GasA","Ex","Y","SBrkr",1052,1321,0,2373,0,0,2,1,4,1,"Gd",9,"Typ",1,"Gd","BuiltIn",2004,"Fin",3,632,"TA","TA","Y",120,46,0,0,0,0,NA,NA,NA,0,6,2006,"New","Partial",0,"Test"
"2671",2671,60,"RL",75,9073,"Pave",NA,"IR1","Lvl","AllPub","Inside","Gtl","Gilbert","Norm","Norm","1Fam","2Story","7","5",2006,2006,"Gable","CompShg","VinylSd","VinylSd","None",0,"Gd","TA","PConc","Gd","TA","No","Unf",0,"Unf",0,738,738,"GasA","Ex","Y","SBrkr",738,754,0,1492,0,0,2,1,3,1,"Gd",8,"Typ",0,NA,"Attchd",2006,"Fin",2,440,"TA","TA","Y",100,32,0,0,0,0,NA,NA,NA,0,10,2006,"New","Partial",0,"Test"
"2672",2672,120,"RL",43,3087,"Pave",NA,"Reg","Lvl","AllPub","Inside","Gtl","Blmngtn","Norm","Norm","TwnhsE","1Story","7","5",2006,2006,"Gable","CompShg","VinylSd","VinylSd","BrkFace",14,"Gd","TA","PConc","Gd","TA","Av","GLQ",453,"Unf",0,767,1220,"GasA","Ex","Y","SBrkr",1364,0,0,1364,1,0,2,0,2,1,"Gd",6,"Typ",1,"Gd","Attchd",2006,"Fin",2,437,"TA","TA","Y",100,16,0,0,0,0,NA,NA,NA,0,11,2006,"New","Partial",0,"Test"
"2673",2673,120,"RL",NA,2938,"Pave",NA,"Reg","Lvl","AllPub","Inside","Gtl","Blmngtn","Norm","Norm","TwnhsE","1Story","7","5",2002,2002,"Gable","CompShg","VinylSd","VinylSd","BrkFace",40,"Gd","TA","PConc","Gd","TA","Av","GLQ",1038,"Unf",0,330,1368,"GasA","Ex","Y","SBrkr",1511,0,0,1511,1,0,2,0,2,1,"Gd",5,"Typ",1,"TA","Attchd",2002,"Fin",2,398,"TA","TA","Y",130,30,0,0,0,0,NA,NA,NA,0,5,2006,"WD","Normal",0,"Test"
"2674",2674,120,"RM",NA,3072,"Pave",NA,"Reg","Lvl","AllPub","Inside","Gtl","Blmngtn","Norm","Norm","TwnhsE","1Story","7","5",2004,2004,"Hip","CompShg","VinylSd","VinylSd","BrkFace",18,"Gd","TA","PConc","Gd","TA","No","GLQ",1059,"Unf",0,306,1365,"GasA","Ex","Y","SBrkr",1548,0,0,1548,1,0,2,0,2,1,"Gd",7,"Typ",1,"TA","Attchd",2004,"Fin",2,388,"TA","TA","Y",143,20,0,0,0,0,NA,NA,NA,0,9,2006,"WD","Normal",0,"Test"
"2675",2675,120,"RL",43,3010,"Pave",NA,"Reg","Lvl","AllPub","Inside","Gtl","Blmngtn","Norm","Norm","TwnhsE","1Story","7","5",2005,2006,"Gable","CompShg","VinylSd","VinylSd","BrkFace",14,"Gd","TA","PConc","Gd","TA","Gd","GLQ",16,"Unf",0,1126,1142,"GasA","Ex","Y","SBrkr",1142,0,0,1142,0,0,2,0,2,1,"Gd",6,"Typ",0,NA,"Attchd",2005,"Fin",2,440,"TA","TA","Y",90,0,0,0,0,0,NA,NA,NA,0,6,2006,"New","Partial",0,"Test"
"2676",2676,60,"RL",59,9171,"Pave",NA,"IR1","Lvl","AllPub","Inside","Gtl","Gilbert","Norm","Norm","1Fam","2Story","7","5",2004,2005,"Gable","CompShg","VinylSd","VinylSd","None",0,"Gd","TA","PConc","Gd","TA","Av","Unf",0,"Unf",0,848,848,"GasA","Ex","Y","SBrkr",848,750,0,1598,0,0,2,1,3,1,"Gd",7,"Typ",1,"Gd","Attchd",2004,"Fin",2,433,"TA","TA","Y",100,48,0,0,0,0,NA,NA,NA,0,7,2006,"WD","Normal",0,"Test"
"2677",2677,60,"RL",NA,8658,"Pave",NA,"IR1","Lvl","AllPub","Inside","Gtl","Gilbert","Norm","Norm","1Fam","2Story","6","5",2000,2000,"Gable","CompShg","VinylSd","VinylSd","None",0,"TA","TA","PConc","Gd","TA","No","ALQ",732,"Unf",0,250,982,"GasA","Ex","Y","SBrkr",1008,881,0,1889,0,0,2,1,3,1,"TA",9,"Typ",1,"TA","Attchd",2000,"Fin",2,431,"TA","TA","Y",0,0,0,0,0,0,NA,NA,NA,0,4,2006,"WD","Normal",0,"Test"
"2678",2678,60,"RL",NA,12104,"Pave",NA,"IR1","Lvl","AllPub","FR3","Gtl","Gilbert","Norm","Norm","1Fam","2Story","7","5",2006,2006,"Gable","CompShg","VinylSd","VinylSd","None",0,"Gd","TA","PConc","Gd","TA","No","Unf",0,"Unf",0,1035,1035,"GasA","Gd","Y","SBrkr",1082,1240,0,2322,0,0,3,1,4,1,"Gd",8,"Typ",0,NA,"Attchd",2006,"RFn",3,617,"TA","TA","Y",400,45,0,0,0,0,NA,NA,NA,0,8,2006,"New","Partial",0,"Test"
"2679",2679,60,"RL",84,9660,"Pave",NA,"IR1","Lvl","AllPub","Inside","Gtl","NoRidge","Norm","Norm","1Fam","2Story","8","5",1998,1998,"Gable","CompShg","VinylSd","VinylSd","BrkFace",242,"Gd","TA","PConc","Gd","TA","No","GLQ",791,"Unf",0,253,1044,"GasA","Ex","Y","SBrkr",1079,897,0,1976,1,0,2,1,3,1,"Gd",7,"Typ",1,"Ex","Attchd",1998,"Fin",3,885,"TA","TA","Y",210,31,0,0,0,0,NA,NA,NA,0,2,2006,"WD","Normal",0,"Test"
"2680",2680,60,"RL",83,9545,"Pave",NA,"Reg","Lvl","AllPub","Corner","Gtl","NoRidge","Norm","Norm","1Fam","2Story","8","5",2000,2000,"Gable","CompShg","VinylSd","VinylSd","BrkFace",322,"Gd","TA","PConc","Gd","TA","Mn","GLQ",505,"Unf",0,655,1160,"GasA","Ex","Y","SBrkr",1205,1029,0,2234,1,0,2,1,3,1,"Gd",7,"Typ",1,"TA","BuiltIn",2000,"RFn",3,768,"TA","TA","Y",0,50,0,0,0,0,NA,NA,NA,0,6,2006,"WD","Normal",0,"Test"
"2681",2681,60,"RL",NA,9233,"Pave",NA,"IR1","Lvl","AllPub","Inside","Gtl","NoRidge","Norm","Norm","1Fam","2Story","9","5",2000,2000,"Gable","CompShg","VinylSd","VinylSd","BrkFace",877,"Gd","TA","PConc","Ex","TA","Av","GLQ",1182,"Unf",0,358,1540,"GasA","Ex","Y","SBrkr",1540,1315,0,2855,1,0,2,1,4,1,"Ex",9,"Typ",1,"TA","Attchd",2000,"RFn",3,774,"TA","TA","Y",247,55,0,0,0,0,NA,NA,NA,0,3,2006,"WD","Normal",0,"Test"
"2682",2682,60,"RL",83,10019,"Pave",NA,"IR1","Lvl","AllPub","Inside","Gtl","NoRidge","Norm","Norm","1Fam","2Story","8","5",1995,1995,"Hip","CompShg","VinylSd","VinylSd","BrkFace",397,"Gd","TA","PConc","Gd","TA","No","ALQ",527,"Unf",0,815,1342,"GasA","Ex","Y","SBrkr",1358,1368,0,2726,0,0,2,1,4,1,"Gd",9,"Typ",1,"Ex","Attchd",1995,"RFn",3,725,"TA","TA","Y",307,169,168,0,0,0,NA,NA,NA,0,6,2006,"WD","Normal",0,"Test"
"2683",2683,60,"RL",114,17242,"Pave",NA,"IR1","Lvl","AllPub","Inside","Gtl","NoRidge","Norm","Norm","1Fam","2Story","9","5",1993,1994,"Hip","CompShg","MetalSd","MetalSd","BrkFace",738,"Gd","Gd","PConc","Ex","TA","Gd","Rec",292,"GLQ",1393,48,1733,"GasA","Ex","Y","SBrkr",1933,1567,0,3500,1,0,3,1,4,1,"Ex",11,"Typ",1,"TA","Attchd",1993,"RFn",3,959,"TA","TA","Y",870,86,0,0,210,0,NA,NA,NA,0,5,2006,"WD","Normal",0,"Test"
"2684",2684,60,"RL",NA,10236,"Pave",NA,"IR1","Lvl","AllPub","Inside","Gtl","NoRidge","Norm","Norm","1Fam","2Story","8","5",1994,1995,"Gable","CompShg","VinylSd","VinylSd","BrkFace",501,"Gd","TA","PConc","Gd","TA","Gd","GLQ",380,"BLQ",168,742,1290,"GasA","Ex","Y","SBrkr",1305,1189,0,2494,1,0,2,1,4,1,"Gd",9,"Typ",1,"TA","Attchd",1994,"Fin",3,803,"TA","TA","Y",200,95,0,0,0,0,NA,"GdPrv",NA,0,6,2006,"WD","Normal",0,"Test"
"2685",2685,60,"RL",NA,12585,"Pave",NA,"IR1","Lvl","AllPub","Inside","Gtl","NoRidge","Norm","Norm","1Fam","2Story","8","5",1993,1993,"Gable","CompShg","HdBoard","ImStucc","BrkFace",420,"Gd","TA","PConc","Gd","TA","No","LwQ",247,"GLQ",1039,0,1286,"GasA","Ex","Y","SBrkr",1565,1234,0,2799,1,0,2,1,3,1,"Gd",8,"Typ",1,"TA","Attchd",1993,"Fin",3,704,"TA","TA","Y",432,136,0,0,0,0,NA,NA,NA,0,10,2006,"WD","Normal",0,"Test"
"2686",2686,60,"RL",75,12447,"Pave",NA,"IR1","Lvl","AllPub","Inside","Gtl","Somerst","RRAn","Norm","1Fam","2Story","8","5",2005,2006,"Gable","CompShg","CemntBd","CmentBd","Stone",192,"Gd","TA","PConc","Gd","Gd","No","Unf",0,"Unf",0,1100,1100,"GasA","Ex","Y","SBrkr",1116,848,0,1964,0,0,2,1,3,1,"Gd",8,"Typ",1,"Gd","BuiltIn",2005,"Fin",2,760,"TA","TA","Y",200,70,0,0,0,0,NA,NA,NA,0,1,2006,"New","Partial",0,"Test"
"2687",2687,20,"RL",49,15218,"Pave",NA,"IR1","Lvl","AllPub","CulDSac","Gtl","Somerst","RRAn","Norm","1Fam","1Story","8","5",2006,2006,"Gable","CompShg","VinylSd","VinylSd",NA,NA,"Gd","TA","PConc","Ex","Gd","No","GLQ",1562,"Unf",0,108,1670,"GasA","Ex","Y","SBrkr",1670,0,0,1670,1,0,2,1,2,1,"Gd",6,"Typ",1,"Gd","Attchd",2006,"RFn",3,928,"TA","TA","Y",0,240,200,0,0,0,NA,NA,NA,0,9,2006,"New","Partial",0,"Test"
"2688",2688,20,"RL",85,10936,"Pave",NA,"Reg","Lvl","AllPub","Corner","Gtl","Somerst","Feedr","Norm","1Fam","1Story","8","5",2006,2006,"Gable","CompShg","VinylSd","VinylSd","BrkFace",60,"Gd","TA","PConc","Gd","TA","No","Unf",0,"Unf",0,1504,1504,"GasA","Ex","Y","SBrkr",1504,0,0,1504,0,0,2,0,3,1,"Gd",7,"Typ",0,NA,"Attchd",2006,"Fin",2,510,"TA","TA","Y",144,0,0,0,0,0,NA,NA,NA,0,9,2006,"New","Partial",0,"Test"
"2689",2689,20,"FV",72,8640,"Pave",NA,"Reg","Lvl","AllPub","Inside","Gtl","Somerst","Norm","Norm","1Fam","1Story","8","5",2006,2006,"Gable","CompShg","VinylSd","VinylSd","None",0,"Gd","TA","PConc","Gd","TA","No","GLQ",24,"Unf",0,1254,1278,"GasA","Ex","Y","SBrkr",1278,0,0,1278,0,0,2,0,2,1,"Gd",5,"Typ",0,NA,"Attchd",2006,"RFn",2,584,"TA","TA","Y",0,60,0,0,0,0,NA,NA,NA,0,10,2006,"New","Partial",0,"Test"
"2690",2690,60,"FV",100,13162,"Pave",NA,"Reg","Lvl","AllPub","Corner","Gtl","Somerst","Feedr","Norm","1Fam","2Story","9","5",2006,2006,"Gable","CompShg","VinylSd","VinylSd","None",0,"Gd","TA","PConc","Ex","TA","No","GLQ",1836,"Unf",0,200,2036,"GasA","Ex","Y","SBrkr",2036,604,0,2640,1,0,3,1,3,1,"Ex",11,"Typ",1,"Gd","Attchd",2006,"RFn",3,792,"TA","TA","Y",0,265,0,0,0,0,NA,NA,NA,0,11,2006,"New","Partial",0,"Test"
"2691",2691,60,"FV",65,8125,"Pave",NA,"Reg","Lvl","AllPub","Inside","Gtl","Somerst","Norm","Norm","1Fam","2Story","6","5",2005,2005,"Gable","CompShg","VinylSd","VinylSd","None",0,"Gd","TA","PConc","Gd","TA","No","Unf",0,"Unf",0,858,858,"GasA","Ex","Y","SBrkr",858,858,0,1716,0,0,2,1,3,1,"Gd",7,"Typ",0,NA,"Attchd",2005,"RFn",2,615,"TA","TA","Y",0,53,0,0,0,0,NA,NA,NA,0,2,2006,"WD","Normal",0,"Test"
"2692",2692,20,"RL",74,7733,"Pave",NA,"IR1","Lvl","AllPub","Inside","Gtl","SawyerW","Norm","Norm","1Fam","1Story","6","5",2005,2005,"Gable","CompShg","VinylSd","VinylSd","None",0,"TA","TA","PConc","TA","TA","Mn","GLQ",24,"Unf",0,1118,1142,"GasA","Ex","Y","SBrkr",1142,0,0,1142,0,0,1,1,3,1,"Gd",5,"Typ",0,NA,NA,NA,NA,0,0,NA,NA,"Y",4,50,0,0,0,0,NA,NA,NA,0,1,2006,"WD","Normal",0,"Test"
"2693",2693,20,"RL",91,11024,"Pave",NA,"IR1","Lvl","AllPub","Corner","Gtl","SawyerW","Norm","Norm","1Fam","1Story","7","5",2005,2006,"Gable","CompShg","VinylSd","VinylSd","BrkFace",118,"Gd","TA","PConc","Gd","TA","Av","Unf",0,"Unf",0,1400,1400,"GasA","Ex","Y","SBrkr",1400,0,0,1400,0,0,2,0,3,1,"Gd",6,"Typ",0,NA,"Attchd",2005,"RFn",2,612,"TA","TA","Y",144,55,0,0,0,0,NA,NA,NA,0,10,2006,"New","Partial",0,"Test"
"2694",2694,20,"RL",63,13072,"Pave",NA,"Reg","Lvl","AllPub","Inside","Gtl","SawyerW","RRAe","Norm","1Fam","1Story","6","5",2005,2006,"Gable","CompShg","VinylSd","VinylSd","None",0,"TA","TA","PConc","Gd","TA","No","Unf",0,"Unf",0,1131,1131,"GasA","Ex","Y","SBrkr",1131,0,0,1131,0,0,1,1,3,1,"Gd",6,"Typ",0,NA,NA,NA,NA,0,0,NA,NA,"Y",0,39,0,0,0,0,NA,NA,NA,0,3,2006,"New","Partial",0,"Test"
"2695",2695,60,"RL",65,7800,"Pave",NA,"Reg","Lvl","AllPub","Inside","Gtl","SawyerW","Norm","Norm","1Fam","2Story","7","5",2005,2005,"Gable","CompShg","VinylSd","VinylSd","BrkFace",172,"Gd","TA","PConc","Gd","TA","No","Unf",0,"Unf",0,891,891,"GasA","Ex","Y","SBrkr",891,795,0,1686,0,0,2,1,3,1,"Gd",8,"Typ",0,NA,"Attchd",2005,"Fin",2,462,"TA","TA","Y",144,101,0,0,0,0,NA,NA,NA,0,4,2006,"WD","Normal",0,"Test"
"2696",2696,60,"RL",74,7632,"Pave",NA,"IR1","Lvl","AllPub","Inside","Gtl","SawyerW","Norm","Norm","1Fam","2Story","7","5",2005,2005,"Gable","CompShg","VinylSd","VinylSd","BrkFace",96,"Gd","TA","PConc","Gd","TA","No","Unf",0,"Unf",0,784,784,"GasA","Ex","Y","SBrkr",831,754,0,1585,0,0,2,1,3,1,"Gd",7,"Typ",0,NA,"Attchd",2005,"RFn",2,449,"TA","TA","Y",100,77,0,0,0,0,NA,NA,NA,0,3,2006,"WD","Normal",0,"Test"
"2697",2697,60,"RL",70,8304,"Pave",NA,"IR1","Lvl","AllPub","Inside","Gtl","SawyerW","Norm","Norm","1Fam","2Story","6","5",1997,1998,"Gable","CompShg","VinylSd","VinylSd","None",0,"TA","TA","PConc","Gd","TA","No","Unf",0,"Unf",0,941,941,"GasA","Ex","Y","SBrkr",941,896,0,1837,0,0,2,1,3,1,"TA",7,"Typ",0,NA,"Attchd",1997,"RFn",2,688,"TA","TA","Y",150,165,0,0,0,0,NA,"GdPrv",NA,0,7,2006,"WD","Normal",0,"Test"
"2698",2698,60,"RL",70,9370,"Pave",NA,"IR2","Lvl","AllPub","Inside","Gtl","SawyerW","Norm","Norm","1Fam","2Story","6","5",1992,1993,"Gable","CompShg","HdBoard","HdBoard","None",0,"Gd","TA","PConc","Gd","TA","No","ALQ",758,"Unf",0,78,836,"GasA","Ex","Y","SBrkr",844,887,0,1731,1,0,2,1,3,1,"Gd",7,"Typ",0,NA,"Attchd",1992,"RFn",2,462,"TA","TA","Y",307,85,0,0,224,0,NA,NA,"Othr",3000,10,2006,"WD","Family",0,"Test"
"2699",2699,120,"RL",50,7175,"Pave",NA,"Reg","Lvl","AllPub","Inside","Gtl","SawyerW","Norm","Norm","TwnhsE","1Story","6","5",1990,1991,"Gable","CompShg","Plywood","Plywood","None",0,"Gd","TA","PConc","Gd","TA","No","GLQ",904,"Unf",0,494,1398,"GasA","Gd","Y","SBrkr",1398,0,0,1398,1,0,2,0,2,1,"Gd",5,"Typ",0,NA,"Attchd",1990,"RFn",2,542,"TA","TA","Y",0,46,0,0,0,0,NA,"MnPrv",NA,0,7,2006,"WD","Normal",0,"Test"
"2700",2700,120,"RL",50,7175,"Pave",NA,"Reg","Lvl","AllPub","Inside","Gtl","SawyerW","Norm","Norm","TwnhsE","1Story","6","5",1991,1991,"Gable","CompShg","Plywood","Plywood","None",0,"Gd","TA","PConc","Gd","TA","No","GLQ",278,"Unf",0,939,1217,"GasA","Gd","Y","SBrkr",1217,0,0,1217,0,0,2,0,2,1,"Gd",5,"Typ",0,NA,"Attchd",1991,"RFn",2,484,"TA","TA","Y",0,64,0,0,0,0,NA,NA,NA,0,6,2006,"WD","Normal",0,"Test"
"2701",2701,60,"RL",NA,9019,"Pave",NA,"IR1","Lvl","AllPub","Inside","Gtl","SawyerW","RRAe","Norm","1Fam","2Story","6","5",1994,1994,"Gable","CompShg","VinylSd","VinylSd","None",0,"TA","TA","PConc","Gd","TA","No","ALQ",274,"Unf",0,362,636,"GasA","Ex","Y","SBrkr",636,684,0,1320,0,0,2,1,3,1,"Gd",6,"Typ",0,NA,"Attchd",1994,"Fin",2,472,"TA","TA","Y",0,40,0,0,0,0,NA,NA,NA,0,7,2006,"WD","Normal",0,"Test"
"2702",2702,20,"RL",70,9100,"Pave",NA,"Reg","Lvl","AllPub","Inside","Gtl","Sawyer","RRAe","Norm","1Fam","1Story","5","4",1962,1962,"Hip","CompShg","Wd Sdng","Wd Sdng","BrkFace",51,"TA","TA","CBlock","TA","TA","No","LwQ",36,"Unf",0,952,988,"GasA","Ex","Y","SBrkr",988,0,0,988,1,0,1,0,3,1,"TA",6,"Typ",0,NA,"Detchd",1977,"Unf",2,624,"TA","TA","Y",0,0,0,0,0,0,NA,NA,NA,0,7,2006,"WD","Normal",0,"Test"
"2703",2703,90,"RM",68,8927,"Pave",NA,"Reg","Lvl","AllPub","Inside","Gtl","Sawyer","RRAe","Norm","Duplex","1.5Fin","6","6",1977,1977,"Gable","CompShg","VinylSd","VinylSd","None",0,"TA","Gd","CBlock",NA,NA,NA,NA,0,NA,0,0,0,"GasA","TA","Y","SBrkr",1286,368,0,1654,0,0,2,0,4,2,"TA",10,"Typ",0,NA,"Attchd",1977,"RFn",2,528,"TA","TA","Y",0,0,0,0,0,0,NA,NA,NA,0,8,2006,"WD","Normal",0,"Test"
"2704",2704,20,"RL",NA,9240,"Pave",NA,"IR1","Lvl","AllPub","Inside","Gtl","Sawyer","Norm","Norm","1Fam","1Story","5","6",1962,2002,"Hip","CompShg","HdBoard","HdBoard","None",0,"TA","TA","CBlock","TA","TA","No","BLQ",612,"Unf",0,252,864,"GasA","Gd","Y","SBrkr",1211,0,0,1211,0,0,1,0,2,1,"TA",6,"Min1",1,"TA","Detchd",1972,"Unf",2,576,"TA","TA","Y",161,0,0,0,0,0,NA,"MnPrv",NA,0,3,2006,"WD","Normal",0,"Test"
"2705",2705,20,"RL",NA,9308,"Pave",NA,"IR1","Lvl","AllPub","CulDSac","Gtl","Sawyer","RRNe","Norm","1Fam","1Story","5","5",1965,1965,"Gable","CompShg","HdBoard","HdBoard","None",0,"TA","TA","CBlock","TA","TA","No","Rec",554,"Unf",0,430,984,"GasA","TA","Y","SBrkr",984,0,0,984,0,0,1,0,3,1,"TA",5,"Typ",0,NA,"Attchd",1965,"Unf",1,310,"TA","TA","Y",0,0,0,0,0,0,NA,"MnPrv",NA,0,7,2006,"WD","Normal",0,"Test"
"2706",2706,20,"RL",65,8450,"Pave",NA,"Reg","Lvl","AllPub","Inside","Gtl","Sawyer","RRAe","Norm","1Fam","1Story","5","6",1968,1968,"Gable","CompShg","Plywood","Plywood","BrkFace",90,"TA","TA","CBlock","TA","TA","No","BLQ",162,"Rec",270,450,882,"GasA","TA","Y","SBrkr",909,0,0,909,0,0,1,0,3,1,"TA",5,"Typ",0,NA,"Attchd",1968,"Unf",1,294,"TA","TA","Y",0,155,0,0,0,0,NA,"MnPrv",NA,0,11,2006,"COD","Normal",0,"Test"
"2707",2707,20,"RL",NA,8638,"Pave",NA,"IR1","Lvl","AllPub","Inside","Gtl","Sawyer","RRAe","Norm","1Fam","1Story","5","6",1963,1963,"Gable","CompShg","HdBoard","HdBoard","None",0,"TA","TA","PConc","TA","TA","No","ALQ",181,"Unf",0,744,925,"GasA","Gd","Y","SBrkr",925,0,0,925,1,0,1,0,2,1,"TA",5,"Typ",0,NA,"Detchd",1990,"Unf",2,484,"TA","TA","Y",203,74,0,0,0,0,NA,NA,NA,0,10,2006,"WD","Normal",0,"Test"
"2708",2708,20,"RL",NA,13052,"Pave",NA,"IR1","Lvl","AllPub","CulDSac","Gtl","Sawyer","Norm","Norm","1Fam","1Story","5","6",1965,1965,"Gable","CompShg","HdBoard","HdBoard","None",0,"TA","TA","CBlock","TA","TA","No","Rec",712,"Unf",0,312,1024,"GasA","TA","Y","SBrkr",1024,0,0,1024,0,0,1,1,3,1,"TA",5,"Typ",0,NA,"Attchd",1965,"Unf",1,308,"TA","TA","Y",0,0,0,0,0,0,NA,"MnPrv",NA,0,1,2006,"WD","Normal",0,"Test"
"2709",2709,20,"RL",NA,8020,"Pave",NA,"IR1","Lvl","AllPub","Inside","Gtl","Sawyer","Norm","Norm","1Fam","1Story","5","6",1964,1964,"Gable","CompShg","HdBoard","HdBoard","None",0,"TA","TA","CBlock","TA","TA","No","ALQ",644,"Unf",0,268,912,"GasA","TA","N","SBrkr",912,0,0,912,0,0,1,0,3,1,"TA",6,"Typ",0,NA,NA,NA,NA,0,0,NA,NA,"Y",0,0,0,0,0,0,NA,"GdWo",NA,0,4,2006,"WD","Normal",0,"Test"
"2710",2710,20,"RL",NA,8789,"Pave",NA,"IR1","Lvl","AllPub","Inside","Gtl","Sawyer","Norm","Norm","1Fam","1Story","5","6",1967,1967,"Gable","CompShg","VinylSd","VinylSd","None",0,"TA","TA","CBlock","TA","TA","Mn","Rec",659,"Unf",0,253,912,"GasA","TA","Y","SBrkr",941,0,0,941,0,0,1,0,3,1,"TA",6,"Typ",1,"Po","Attchd",1967,"Unf",1,288,"TA","TA","Y",64,0,0,0,0,0,NA,NA,NA,0,6,2006,"WD","Normal",0,"Test"
"2711",2711,80,"RL",100,14330,"Pave",NA,"IR1","Low","AllPub","Corner","Gtl","Veenker","Norm","Norm","1Fam","SLvl","7","4",1974,1974,"Gable","CompShg","WdShing","Wd Sdng","BrkFace",145,"Gd","Fa","CBlock","Gd","TA","Gd","ALQ",1023,"BLQ",497,228,1748,"GasA","Gd","Y","SBrkr",2151,495,0,2646,1,2,2,0,3,1,"Gd",9,"Mod",4,"TA","Attchd",1974,"RFn",2,550,"TA","TA","Y",641,100,0,0,0,800,"Gd","GdPrv",NA,0,1,2006,"WD","Normal",0,"Test"
"2712",2712,60,"RL",105,11025,"Pave",NA,"Reg","HLS","AllPub","Inside","Mod","NoRidge","Norm","Norm","1Fam","2Story","8","5",1992,1993,"Gable","CompShg","HdBoard","ImStucc","BrkFace",692,"Gd","TA","PConc","Ex","TA","Gd","GLQ",1118,"Unf",0,216,1334,"GasA","Ex","Y","SBrkr",1520,1306,0,2826,1,0,2,1,3,1,"Gd",9,"Typ",3,"TA","Attchd",1992,"RFn",3,888,"TA","TA","Y",177,208,186,0,0,0,NA,NA,NA,0,10,2006,"WD","Normal",0,"Test"
"2713",2713,120,"FV",34,3628,"Pave","Pave","Reg","Lvl","AllPub","Inside","Gtl","Somerst","Norm","Norm","TwnhsE","1Story","7","5",2004,2004,"Gable","CompShg","MetalSd","MetalSd","None",0,"Gd","TA","PConc","Gd","TA","No","Unf",0,"Unf",0,1143,1143,"GasA","Ex","Y","SBrkr",1143,0,0,1143,0,0,1,1,1,1,"Gd",5,"Typ",1,"Gd","Attchd",2004,"RFn",2,588,"TA","TA","Y",0,191,0,0,0,0,NA,NA,NA,0,5,2006,"WD","Normal",0,"Test"
"2714",2714,160,"FV",24,2544,"Pave","Pave","Reg","Lvl","AllPub","Inside","Gtl","Somerst","Norm","Norm","Twnhs","2Story","7","5",2005,2005,"Gable","CompShg","MetalSd","MetalSd","None",0,"Gd","TA","PConc","Gd","TA","No","Unf",0,"Unf",0,600,600,"GasA","Ex","Y","SBrkr",520,623,80,1223,0,0,2,1,2,1,"Gd",4,"Typ",0,NA,"Detchd",2005,"RFn",2,480,"TA","TA","Y",0,166,0,0,0,0,NA,NA,NA,0,7,2006,"WD","Normal",0,"Test"
"2715",2715,160,"FV",NA,2998,"Pave",NA,"Reg","Lvl","AllPub","Inside","Gtl","Somerst","Norm","Norm","TwnhsE","2Story","6","5",2000,2000,"Gable","CompShg","MetalSd","MetalSd","BrkFace",513,"Gd","TA","PConc","Gd","TA","No","GLQ",353,"Unf",0,403,756,"GasA","Ex","Y","SBrkr",768,756,0,1524,0,0,2,1,2,1,"Gd",4,"Typ",0,NA,"Detchd",2000,"Unf",2,440,"TA","TA","Y",0,32,0,0,0,0,NA,NA,NA,0,6,2006,"WD","Normal",0,"Test"
"2716",2716,160,"FV",NA,4447,"Pave",NA,"IR1","Lvl","AllPub","FR2","Gtl","Somerst","Norm","Norm","TwnhsE","2Story","7","5",2003,2003,"Gable","CompShg","VinylSd","VinylSd","None",0,"Gd","TA","PConc","Gd","TA","No","Unf",0,"Unf",0,530,530,"GasA","Ex","Y","SBrkr",530,550,0,1080,0,0,2,1,2,1,"Gd",4,"Typ",0,NA,"Attchd",2003,"RFn",2,496,"TA","TA","Y",0,50,0,0,0,0,NA,NA,NA,0,7,2006,"WD","Normal",0,"Test"
"2717",2717,60,"FV",114,8314,"Pave","Pave","IR1","Lvl","AllPub","Corner","Gtl","Somerst","Norm","Norm","1Fam","2Story","7","5",1997,1998,"Hip","CompShg","Wd Sdng","Wd Sdng","None",0,"Gd","TA","PConc","Gd","TA","No","Unf",0,"Unf",0,569,569,"GasA","Ex","Y","SBrkr",854,840,0,1694,0,0,2,1,3,1,"Gd",6,"Typ",1,"TA","BuiltIn",1997,"Unf",1,434,"TA","TA","Y",0,382,0,0,110,0,NA,"GdPrv",NA,0,11,2006,"WD","Normal",0,"Test"
"2718",2718,20,"FV",60,7180,"Pave","Pave","IR1","Lvl","AllPub","Inside","Gtl","Somerst","Norm","Norm","1Fam","1Story","8","5",2001,2002,"Gable","CompShg","CemntBd","CmentBd","None",0,"Gd","TA","PConc","Gd","TA","No","Unf",0,"Unf",0,1568,1568,"GasA","Ex","Y","SBrkr",1568,0,0,1568,0,0,2,0,3,1,"Gd",6,"Typ",1,"TA","Attchd",2001,"RFn",2,564,"TA","TA","Y",0,266,0,0,0,0,NA,NA,NA,0,9,2006,"WD","Normal",0,"Test"
"2719",2719,190,"RL",79,13110,"Pave",NA,"IR1","Lvl","AllPub","Corner","Gtl","NWAmes","RRAn","Feedr","2fmCon","1Story","5","6",1972,1972,"Gable","CompShg","Plywood","Plywood","BrkFace",144,"TA","TA","CBlock","Gd","TA","No","GLQ",962,"Unf",0,191,1153,"GasA","Ex","Y","SBrkr",1193,0,0,1193,1,0,2,0,2,1,"TA",6,"Typ",0,NA,"Attchd",1972,"Fin",2,501,"TA","TA","Y",140,153,0,0,0,0,NA,"MnPrv",NA,0,7,2006,"WD","Normal",0,"Test"
"2720",2720,20,"RL",78,10140,"Pave",NA,"Reg","Lvl","AllPub","Inside","Gtl","NWAmes","RRAn","Norm","1Fam","1Story","7","6",1967,1967,"Hip","CompShg","HdBoard","HdBoard","BrkFace",264,"TA","TA","CBlock","TA","TA","No","BLQ",553,"LwQ",68,713,1334,"GasA","Gd","Y","SBrkr",1334,0,0,1334,1,0,2,0,3,1,"TA",7,"Typ",0,NA,"Attchd",1967,"RFn",2,477,"TA","TA","Y",0,20,35,0,264,0,NA,NA,NA,0,4,2006,"WD","Normal",0,"Test"
"2721",2721,20,"RL",80,9600,"Pave",NA,"Reg","Lvl","AllPub","Corner","Gtl","NAmes","Feedr","Norm","1Fam","1Story","5","5",1968,1968,"Gable","CompShg","MetalSd","MetalSd","None",0,"TA","TA","CBlock","TA","TA","No","ALQ",758,"Unf",0,293,1051,"GasA","Gd","Y","SBrkr",1051,0,0,1051,1,0,1,0,3,1,"TA",6,"Typ",0,NA,"Attchd",1968,"RFn",2,504,"TA","TA","Y",0,0,0,0,0,0,NA,NA,NA,0,7,2006,"WD","Normal",0,"Test"
"2722",2722,60,"RL",72,8640,"Pave",NA,"Reg","Lvl","AllPub","Inside","Gtl","NAmes","Feedr","Norm","1Fam","2Story","5","5",1968,1968,"Gable","CompShg","HdBoard","HdBoard","BrkFace",300,"TA","TA","CBlock","Gd","Fa","Mn","ALQ",361,"Rec",483,56,900,"GasA","Ex","Y","SBrkr",884,886,0,1770,1,0,1,1,4,1,"TA",7,"Typ",0,NA,"Attchd",1968,"RFn",2,530,"TA","TA","Y",0,60,0,0,270,0,NA,NA,"Shed",455,6,2006,"WD","Normal",0,"Test"
"2723",2723,20,"RL",78,9360,"Pave",NA,"Reg","Lvl","AllPub","Inside","Gtl","NAmes","Feedr","Norm","1Fam","1Story","6","7",1968,2004,"Hip","CompShg","HdBoard","HdBoard","BrkFace",203,"TA","TA","CBlock","TA","TA","Av","ALQ",760,"Unf",0,216,976,"GasA","TA","Y","SBrkr",976,0,0,976,1,0,1,0,2,1,"Gd",4,"Typ",1,"Fa","Attchd",1968,"RFn",2,504,"TA","TA","Y",94,0,0,0,0,0,NA,NA,NA,0,8,2006,"WD","Abnorml",0,"Test"
"2724",2724,85,"RL",70,8400,"Pave",NA,"Reg","Lvl","AllPub","Inside","Gtl","NAmes","Feedr","Norm","1Fam","SFoyer","5","6",1968,1968,"Gable","CompShg","HdBoard","HdBoard","None",0,"TA","TA","CBlock","Gd","TA","Gd","GLQ",744,"Unf",0,89,833,"GasA","Gd","Y","SBrkr",898,0,0,898,1,0,1,0,3,1,"TA",6,"Typ",0,NA,"Attchd",1968,"RFn",1,326,"TA","TA","Y",143,0,0,0,0,0,NA,NA,NA,0,8,2006,"WD","Normal",0,"Test"
"2725",2725,20,"RL",NA,9759,"Pave",NA,"IR1","Lvl","AllPub","Inside","Gtl","NAmes","Norm","Norm","1Fam","1Story","5","5",1966,1966,"Gable","CompShg","Plywood","Plywood","None",0,"TA","TA","CBlock","TA","TA","No","BLQ",799,"Unf",0,252,1051,"GasA","TA","Y","SBrkr",1051,0,0,1051,1,0,1,0,3,1,"TA",6,"Typ",0,NA,"Attchd",1966,"RFn",1,264,"TA","TA","Y",182,88,0,0,0,0,NA,NA,NA,0,3,2006,"WD","Normal",0,"Test"
"2726",2726,80,"RL",80,9600,"Pave",NA,"Reg","Lvl","AllPub","Inside","Gtl","NAmes","Norm","Norm","1Fam","SLvl","5","7",1967,1967,"Gable","CompShg","MetalSd","MetalSd","BrkFace",140,"TA","TA","PConc","TA","TA","Av","ALQ",602,"Rec",402,137,1141,"GasA","Gd","Y","SBrkr",1141,0,0,1141,1,0,1,0,3,1,"TA",6,"Typ",0,NA,"Attchd",1967,"Unf",1,568,"TA","TA","Y",0,78,0,0,0,0,NA,NA,NA,0,7,2006,"WD","Normal",0,"Test"
"2727",2727,190,"RL",80,8800,"Pave",NA,"Reg","Lvl","AllPub","Inside","Gtl","NAmes","RRAn","Norm","2fmCon","1Story","6","7",1965,2000,"Hip","CompShg","BrkFace","VinylSd","None",0,"TA","Gd","PConc","TA","TA","Mn","ALQ",901,"BLQ",252,34,1187,"GasA","Ex","Y","SBrkr",1565,0,0,1565,1,0,2,0,3,1,"Gd",7,"Min1",2,"TA","Attchd",1965,"RFn",1,299,"TA","TA","Y",200,25,211,0,0,0,NA,"MnPrv","Shed",460,6,2006,"WD","Abnorml",0,"Test"
"2728",2728,20,"RL",NA,10368,"Pave",NA,"IR1","Lvl","AllPub","CulDSac","Gtl","NAmes","Norm","Norm","1Fam","1Story","6","6",1964,1964,"Hip","CompShg","HdBoard","HdBoard","BrkFace",112,"TA","TA","CBlock","TA","TA","No","ALQ",260,"LwQ",748,0,1008,"GasA","Ex","Y","SBrkr",1488,0,0,1488,1,0,1,1,3,1,"TA",7,"Typ",1,"Gd","Attchd",1964,"Fin",2,430,"TA","TA","Y",154,60,0,0,0,0,NA,NA,NA,0,4,2006,"WD","Normal",0,"Test"
"2729",2729,60,"RL",85,9350,"Pave",NA,"Reg","Lvl","AllPub","Inside","Gtl","NAmes","Norm","Norm","1Fam","2Story","5","6",1964,1964,"Gable","CompShg","HdBoard","HdBoard","None",0,"TA","TA","CBlock","TA","TA","No","ALQ",360,"Unf",0,360,720,"GasA","Gd","Y","SBrkr",720,720,0,1440,0,0,1,1,4,1,"TA",7,"Typ",1,"Po","Attchd",1964,"Fin",2,480,"TA","TA","Y",0,32,240,0,0,0,NA,NA,NA,0,7,2006,"WD","Normal",0,"Test"
"2730",2730,20,"RL",80,10800,"Pave",NA,"Reg","Lvl","AllPub","Inside","Gtl","NAmes","Norm","Norm","1Fam","1Story","5","7",1960,1960,"Hip","CompShg","Wd Sdng","Wd Sdng","BrkFace",88,"TA","TA","CBlock","TA","TA","No","ALQ",632,"Unf",0,616,1248,"GasA","Ex","Y","SBrkr",1248,0,0,1248,1,0,1,0,3,1,"TA",6,"Typ",0,NA,"Attchd",1960,"Unf",1,286,"TA","TA","Y",0,0,0,0,0,0,NA,"MnPrv",NA,0,5,2006,"WD","Normal",0,"Test"
"2731",2731,30,"RL",60,8550,"Pave",NA,"Reg","Lvl","AllPub","Inside","Gtl","NAmes","Norm","Norm","1Fam","1Story","6","8",1934,1950,"Gable","CompShg","MetalSd","MetalSd","None",0,"TA","TA","CBlock","TA","TA","No","BLQ",574,"Unf",0,242,816,"GasA","Ex","Y","SBrkr",816,0,0,816,1,0,1,0,2,1,"TA",4,"Typ",1,"Fa","Attchd",1949,"Unf",1,240,"TA","TA","Y",228,0,40,0,0,0,NA,"MnPrv",NA,0,7,2006,"WD","Normal",0,"Test"
"2732",2732,20,"RL",68,9724,"Pave",NA,"Reg","Lvl","AllPub","Inside","Gtl","NAmes","Norm","Norm","1Fam","1Story","5","7",1947,1950,"Hip","CompShg","BrkFace","BrkFace","None",0,"TA","TA","CBlock","TA","TA","No","Unf",0,"Unf",0,938,938,"GasA","Ex","Y","SBrkr",1043,0,0,1043,0,0,1,0,2,1,"TA",5,"Typ",1,"Gd","Detchd",1947,"Unf",1,273,"TA","TA","Y",125,48,0,0,0,0,NA,"GdWo",NA,0,5,2006,"WD","Normal",0,"Test"
"2733",2733,20,"RL",80,9600,"Pave",NA,"Reg","Lvl","AllPub","Inside","Gtl","NAmes","Norm","Norm","1Fam","1Story","5","6",1961,1990,"Gable","CompShg","WdShing","Wd Shng","None",0,"TA","TA","CBlock","TA","TA","Mn","BLQ",915,"Unf",0,336,1251,"GasA","TA","Y","SBrkr",1433,0,0,1433,1,0,1,0,3,1,"TA",7,"Min1",1,"Gd","Attchd",1961,"Unf",2,441,"TA","TA","Y",144,0,205,0,0,0,NA,NA,NA,0,6,2006,"WD","Normal",0,"Test"
"2734",2734,20,"RL",89,10858,"Pave",NA,"Reg","Lvl","AllPub","Corner","Gtl","NAmes","Feedr","Norm","1Fam","1Story","5","6",1952,1952,"Gable","CompShg","Wd Sdng","Plywood","Stone",150,"TA","Gd","CBlock","TA","TA","Mn","LwQ",40,"Unf",0,1404,1444,"GasA","Ex","Y","SBrkr",1624,0,0,1624,1,0,1,0,2,1,"TA",6,"Min1",1,"Gd","Attchd",1952,"RFn",1,240,"TA","TA","Y",0,40,324,0,0,0,NA,"MnPrv",NA,0,7,2006,"WD","Partial",0,"Test"
"2735",2735,20,"RL",80,9600,"Pave",NA,"Reg","Lvl","AllPub","Inside","Gtl","NAmes","Norm","Norm","1Fam","1Story","5","5",1951,1951,"Gable","CompShg","HdBoard","HdBoard","Stone",144,"TA","TA","CBlock","TA","TA","No","ALQ",996,"Unf",0,60,1056,"GasA","Ex","Y","FuseA",1216,0,0,1216,1,0,1,0,3,1,"TA",7,"Typ",0,NA,"Attchd",1951,"RFn",1,280,"TA","TA","Y",0,0,0,0,0,0,NA,NA,NA,0,5,2006,"WD","Normal",0,"Test"
"2736",2736,60,"RL",79,9462,"Pave",NA,"Reg","Lvl","AllPub","Inside","Gtl","NAmes","Norm","Norm","1Fam","2Story","5","6",1949,1973,"Gable","CompShg","Wd Sdng","Wd Sdng","None",0,"TA","TA","CBlock","TA","TA","No","Unf",0,"Unf",0,704,704,"GasA","Gd","Y","FuseA",1024,704,0,1728,0,0,1,1,3,1,"TA",7,"Min1",1,"Gd","Attchd",1949,"Unf",1,234,"TA","TA","Y",245,60,0,0,0,0,NA,"MnPrv",NA,0,7,2006,"WD","Normal",0,"Test"
"2737",2737,20,"RL",82,9888,"Pave",NA,"Reg","Lvl","AllPub","Inside","Gtl","NAmes","Norm","Norm","1Fam","1Story","5","6",1954,1975,"Gable","CompShg","MetalSd","MetalSd","None",0,"TA","Gd","CBlock","TA","TA","No","BLQ",486,"Unf",0,450,936,"GasA","TA","Y","FuseA",936,0,0,936,0,0,1,0,2,1,"TA",5,"Typ",0,NA,"Attchd",1954,"Unf",1,240,"TA","TA","Y",0,0,160,0,0,0,NA,"MnPrv",NA,0,3,2006,"WD","Normal",0,"Test"
"2738",2738,90,"RL",NA,8917,"Pave",NA,"IR1","Lvl","AllPub","Inside","Gtl","NAmes","Norm","Norm","Duplex","1Story","5","5",1967,1967,"Gable","CompShg","Plywood","Plywood","None",0,"TA","TA","CBlock","TA","TA","No","Unf",0,"Unf",0,1584,1584,"GasA","TA","Y","SBrkr",1584,0,0,1584,0,0,2,0,4,2,"TA",8,"Typ",0,NA,"Detchd",1967,"Unf",2,506,"TA","TA","Y",0,0,0,0,0,0,NA,NA,NA,0,10,2006,"WD","Normal",0,"Test"
"2739",2739,80,"RL",NA,12700,"Pave",NA,"IR1","Lvl","AllPub","Inside","Gtl","NAmes","Norm","Norm","1Fam","SLvl","6","5",1964,1964,"Gable","CompShg","HdBoard","HdBoard","None",0,"TA","TA","CBlock","TA","TA","No","ALQ",939,"Unf",0,307,1246,"GasA","TA","Y","SBrkr",1246,0,0,1246,1,0,1,0,3,1,"TA",6,"Typ",2,"Gd","Attchd",1964,"RFn",2,441,"TA","TA","Y",0,69,0,0,0,0,NA,NA,NA,0,11,2006,"WD","Normal",0,"Test"
"2740",2740,20,"RL",109,9723,"Pave",NA,"IR1","Lvl","AllPub","Corner","Gtl","NAmes","Norm","Norm","1Fam","1Story","6","7",1963,1963,"Hip","CompShg","MetalSd","MetalSd","BrkFace",332,"TA","TA","CBlock","TA","TA","No","Unf",0,"Unf",0,1008,1008,"GasA","TA","Y","SBrkr",1008,0,0,1008,0,0,1,0,2,1,"TA",5,"Typ",0,NA,"Attchd",1963,"RFn",2,430,"TA","TA","Y",0,0,0,0,0,0,NA,NA,NA,0,10,2006,"WD","Normal",0,"Test"
"2741",2741,20,"RL",70,8400,"Pave",NA,"Reg","Lvl","AllPub","Corner","Gtl","NAmes","Feedr","Norm","1Fam","1Story","5","5",1957,1957,"Gable","CompShg","BrkFace","BrkFace","None",0,"TA","TA","CBlock","Fa","TA","Mn","BLQ",623,"Unf",0,556,1179,"GasA","Gd","Y","SBrkr",1364,0,0,1364,0,0,1,1,3,1,"TA",6,"Typ",1,"Gd","Attchd",1957,"RFn",1,331,"TA","TA","Y",0,60,0,0,0,0,NA,"GdPrv",NA,0,3,2006,"WD","Normal",0,"Test"
"2742",2742,20,"RL",NA,9610,"Pave",NA,"IR1","Lvl","AllPub","Corner","Gtl","NAmes","Feedr","Norm","1Fam","1Story","6","6",1958,1958,"Hip","CompShg","Wd Sdng","Wd Sdng","BrkFace",632,"TA","TA","CBlock","TA","TA","No","Rec",203,"Unf",0,918,1121,"GasA","Ex","Y","FuseA",1336,0,0,1336,0,0,1,1,3,1,"TA",7,"Typ",1,"TA","Attchd",1958,"RFn",2,488,"TA","TA","Y",80,0,0,0,0,0,NA,NA,NA,0,12,2006,"WD","Normal",0,"Test"
"2743",2743,80,"RL",125,10000,"Pave",NA,"Reg","Lvl","AllPub","Corner","Gtl","NAmes","Norm","Norm","1Fam","SLvl","5","6",1956,1956,"Hip","CompShg","Wd Sdng","Wd Sdng","BrkFace",272,"TA","TA","CBlock","TA","TA","Av","BLQ",678,"Rec",281,99,1058,"GasA","Ex","Y","SBrkr",1370,0,0,1370,1,0,1,0,3,1,"TA",6,"Typ",1,"TA","Basment",1956,"RFn",1,300,"TA","TA","Y",191,0,0,0,120,0,NA,"MnPrv",NA,0,2,2006,"WD","Normal",0,"Test"
"2744",2744,20,"RL",72,10152,"Pave",NA,"Reg","Lvl","AllPub","Inside","Gtl","NAmes","Norm","Norm","1Fam","1Story","6","6",1956,1994,"Gable","CompShg","Wd Sdng","Wd Sdng","None",0,"TA","TA","CBlock","TA","TA","Av","BLQ",914,"Unf",0,210,1124,"GasA","Ex","Y","SBrkr",1124,0,0,1124,1,0,1,0,3,1,"TA",6,"Typ",1,"TA","Attchd",1956,"Fin",1,353,"TA","TA","Y",0,211,180,0,142,0,NA,NA,NA,0,5,2006,"WD","Normal",0,"Test"
"2745",2745,20,"RL",70,8092,"Pave",NA,"Reg","Lvl","AllPub","Inside","Gtl","NAmes","Norm","Norm","1Fam","1Story","6","8",1954,2000,"Hip","CompShg","Wd Sdng","Wd Sdng","BrkFace",176,"TA","Gd","CBlock","TA","TA","No","ALQ",824,"Unf",0,226,1050,"GasA","Ex","Y","SBrkr",1050,0,0,1050,1,0,1,0,3,1,"Gd",6,"Typ",0,NA,"Attchd",1954,"RFn",1,286,"TA","TA","Y",0,0,0,0,0,0,NA,NA,NA,0,6,2006,"WD","Abnorml",0,"Test"
"2746",2746,20,"RL",66,12778,"Pave",NA,"Reg","Lvl","AllPub","Inside","Gtl","NAmes","Norm","Norm","1Fam","1Story","5","6",1952,2003,"Gable","CompShg","MetalSd","MetalSd","None",0,"TA","TA","CBlock","TA","TA","No","GLQ",658,"Unf",0,350,1008,"GasA","Ex","Y","FuseA",1008,0,0,1008,1,0,1,0,2,1,"TA",4,"Typ",0,NA,"Attchd",1952,"RFn",1,280,"TA","TA","Y",0,154,0,0,0,0,NA,"MnPrv",NA,0,1,2006,"WD","Normal",0,"Test"
"2747",2747,20,"RL",75,10170,"Pave",NA,"Reg","Lvl","AllPub","Corner","Gtl","NAmes","Norm","Norm","1Fam","1Story","6","6",1951,1951,"Hip","CompShg","Wd Sdng","Wd Sdng","BrkFace",522,"TA","TA","CBlock","TA","TA","No","Unf",0,"Unf",0,216,216,"GasA","TA","Y","SBrkr",1575,0,0,1575,0,0,1,1,2,1,"Gd",5,"Typ",1,"Gd","Attchd",1951,"Unf",2,400,"TA","TA","Y",0,0,0,0,0,0,NA,NA,NA,0,6,2006,"WD","Normal",0,"Test"
"2748",2748,80,"RL",55,7700,"Pave",NA,"Reg","Lvl","AllPub","Inside","Gtl","NAmes","Norm","Norm","1Fam","SLvl","5","7",1956,1956,"Gable","CompShg","VinylSd","VinylSd","None",0,"TA","TA","CBlock","Gd","TA","No","BLQ",271,"Unf",0,30,301,"GasA","Ex","Y","FuseA",1145,0,0,1145,0,0,1,0,3,1,"TA",6,"Min2",0,NA,"Detchd",1993,"Unf",2,684,"TA","TA","Y",0,0,0,0,0,0,NA,"GdWo",NA,0,9,2006,"WD","Normal",0,"Test"
"2749",2749,20,"RL",65,11050,"Pave",NA,"Reg","Lvl","AllPub","Inside","Gtl","NAmes","Norm","Norm","1Fam","1Story","5","5",1956,1956,"Hip","CompShg","Wd Sdng","Wd Sdng","None",0,"TA","TA","CBlock","TA","TA","No","LwQ",488,"Unf",0,517,1005,"GasA","Ex","Y","SBrkr",1005,0,0,1005,0,0,1,0,2,1,"TA",6,"Typ",1,"TA","Attchd",1956,"Unf",1,319,"TA","TA","Y",0,0,0,0,288,0,NA,NA,NA,0,7,2006,"WD","Normal",0,"Test"
"2750",2750,20,"RL",80,13600,"Pave",NA,"Reg","Bnk","AllPub","Inside","Gtl","NAmes","Norm","Norm","1Fam","1Story","5","6",1955,1955,"Gable","CompShg","HdBoard","HdBoard","None",0,"TA","TA","CBlock","TA","TA","No","Rec",144,"BLQ",912,0,1056,"GasA","Gd","Y","SBrkr",1056,0,0,1056,1,0,1,1,3,1,"TA",6,"Typ",0,NA,"Attchd",1955,"Fin",1,300,"TA","TA","Y",0,0,0,0,0,0,NA,"MnPrv","Shed",650,11,2006,"WD","Normal",0,"Test"
"2751",2751,20,"RL",85,15428,"Pave",NA,"Reg","Lvl","AllPub","Inside","Gtl","NAmes","Norm","Norm","1Fam","1Story","5","6",1951,1991,"Hip","CompShg","MetalSd","MetalSd","None",0,"TA","TA","CBlock","TA","TA","No","Rec",741,"Unf",0,143,884,"GasA","Ex","Y","SBrkr",884,0,0,884,1,0,1,0,2,1,"TA",4,"Typ",0,NA,"Attchd",1951,"Fin",1,270,"TA","TA","Y",0,0,0,0,195,0,NA,NA,NA,0,6,2006,"WD","Normal",0,"Test"
"2752",2752,30,"RL",118,21299,"Pave",NA,"Reg","Lvl","AllPub","Inside","Gtl","NAmes","Norm","Norm","1Fam","1Story","7","5",1941,1963,"Hip","WdShake","BrkFace","BrkFace","None",0,"Gd","TA","CBlock","TA","TA","No","Unf",0,"Unf",0,929,929,"GasA","Ex","Y","SBrkr",2039,0,0,2039,1,0,1,1,3,1,"TA",7,"Min1",3,"Gd","2Types",1941,"Unf",3,791,"TA","TA","Y",0,0,90,0,0,0,NA,NA,NA,0,12,2006,"COD","Abnorml",0,"Test"
"2753",2753,20,"RL",70,13300,"Pave",NA,"Reg","Lvl","AllPub","Inside","Gtl","NAmes","Norm","Norm","1Fam","1Story","5","5",1956,2001,"Hip","CompShg","Wd Sdng","VinylSd","None",0,"TA","TA","CBlock","TA","TA","No","Rec",494,"Unf",0,521,1015,"GasA","Gd","Y","SBrkr",1384,0,0,1384,1,0,1,0,2,1,"TA",6,"Min1",0,NA,"Attchd",2001,"Unf",2,896,"TA","TA","Y",75,0,0,323,0,0,NA,NA,"Shed",400,6,2006,"WD","Normal",0,"Test"
"2754",2754,190,"RL",94,22136,"Pave",NA,"Reg","Lvl","AllPub","Inside","Gtl","OldTown","Artery","Norm","2fmCon","1.5Fin","5","5",1925,1975,"Gable","CompShg","MetalSd","MetalSd","None",0,"TA","Fa","CBlock","TA","TA","Mn","GLQ",1018,"Unf",0,1153,2171,"GasA","TA","Y","SBrkr",1392,1248,0,2640,2,0,2,1,5,1,"TA",10,"Maj1",1,"Gd","Attchd",1977,"RFn",3,1008,"TA","TA","N",631,48,148,0,0,0,NA,NA,NA,0,7,2006,"WD","Normal",0,"Test"
"2755",2755,50,"RL",50,7500,"Pave",NA,"Reg","Lvl","AllPub","Inside","Gtl","NAmes","Norm","Norm","1Fam","1.5Fin","6","6",1947,1950,"Gable","CompShg","VinylSd","VinylSd","None",0,"TA","TA","CBlock","TA","TA","No","Unf",0,"Unf",0,784,784,"GasA","Ex","Y","FuseA",900,412,0,1312,0,0,1,1,3,1,"TA",6,"Typ",0,NA,"Detchd",1953,"Unf",2,649,"TA","TA","Y",0,28,0,0,0,0,NA,NA,NA,0,10,2006,"WD","Normal",0,"Test"
"2756",2756,30,"RL",60,10410,"Pave","Grvl","Reg","Lvl","AllPub","Inside","Gtl","OldTown","Norm","Norm","1Fam","1Story","3","8",1930,2001,"Gable","CompShg","VinylSd","VinylSd","None",0,"TA","Gd","PConc","TA","TA","No","Unf",0,"Unf",0,713,713,"GasA","Ex","Y","SBrkr",713,0,0,713,0,0,1,0,2,1,"Gd",5,"Typ",0,NA,"Detchd",1936,"Unf",1,371,"Fa","Fa","N",0,75,161,0,0,0,NA,NA,NA,0,10,2006,"WD","Normal",0,"Test"
"2757",2757,30,"RL",60,10914,"Pave","Grvl","Reg","Lvl","AllPub","Inside","Gtl","NAmes","Artery","Norm","1Fam","1Story","3","3",1929,1950,"Hip","CompShg","Wd Sdng","Wd Sdng","None",0,"TA","Fa","CBlock","TA","TA","Mn","Unf",0,"Unf",0,715,715,"GasA","Fa","N","FuseP",715,0,0,715,0,0,1,0,2,1,"TA",4,"Typ",0,NA,"Detchd",1967,"Unf",2,660,"Fa","TA","N",0,0,75,0,112,0,NA,NA,NA,0,8,2006,"WD","Normal",0,"Test"
"2758",2758,50,"RL",60,7008,"Pave",NA,"Reg","Lvl","AllPub","Corner","Gtl","OldTown","Norm","Norm","1Fam","1.5Fin","4","8",1900,1998,"Gable","CompShg","MetalSd","MetalSd","None",0,"TA","Gd","BrkTil","Fa","Fa","No","Unf",0,"Unf",0,448,448,"GasA","Ex","Y","SBrkr",448,272,0,720,0,0,1,0,1,1,"Fa",5,"Typ",0,NA,"Attchd",1900,"Unf",1,280,"Fa","TA","Y",0,0,70,0,0,0,NA,NA,NA,0,3,2006,"WD","Normal",0,"Test"
"2759",2759,70,"RL",60,7200,"Pave","Grvl","Reg","Lvl","AllPub","Inside","Gtl","OldTown","Norm","Norm","1Fam","2Story","6","8",1915,1950,"Gable","CompShg","MetalSd","MetalSd","None",0,"TA","Ex","CBlock","TA","TA","No","Rec",338,"Unf",0,325,663,"GasA","Ex","Y","SBrkr",774,821,0,1595,0,0,2,0,3,1,"TA",7,"Typ",1,"Gd","Detchd",1974,"Unf",2,528,"TA","TA","Y",49,0,231,0,0,0,NA,NA,NA,0,4,2006,"WD","Normal",0,"Test"
"2760",2760,50,"RL",60,10818,"Pave","Grvl","Reg","Lvl","AllPub","Inside","Gtl","OldTown","Norm","Norm","1Fam","1.5Fin","4","4",1910,1950,"Gable","CompShg","VinylSd","VinylSd","None",0,"TA","TA","BrkTil","Fa","TA","No","Unf",0,"Unf",0,1077,1077,"GasA","TA","Y","FuseA",981,779,0,1760,0,0,1,1,4,1,"TA",7,"Typ",1,"TA","Detchd",1935,"Unf",2,648,"Fa","TA","Y",120,0,96,0,0,0,NA,NA,NA,0,2,2006,"COD","Abnorml",0,"Test"
"2761",2761,80,"RL",83,10184,"Pave",NA,"Reg","Lvl","AllPub","Inside","Gtl","NAmes","Norm","Norm","1Fam","SLvl","6","5",1963,1963,"Gable","CompShg","HdBoard","HdBoard","BrkFace",379,"TA","TA","CBlock","TA","TA","Av","ALQ",580,"Unf",0,503,1083,"GasA","TA","Y","SBrkr",1146,0,0,1146,0,1,1,0,3,1,"TA",6,"Typ",1,"Gd","Attchd",1963,"Unf",1,294,"TA","TA","Y",345,75,0,0,0,0,NA,NA,NA,0,6,2006,"WD","Normal",0,"Test"
"2762",2762,20,"RL",77,9510,"Pave",NA,"Reg","Lvl","AllPub","Inside","Gtl","NAmes","Norm","Norm","1Fam","1Story","6","5",1962,1985,"Gable","CompShg","HdBoard","HdBoard","BrkCmn",161,"TA","TA","CBlock","TA","TA","No","ALQ",701,"Unf",0,434,1135,"GasA","Ex","Y","SBrkr",1207,0,0,1207,0,0,1,1,3,1,"TA",6,"Typ",0,NA,"Attchd",1962,"RFn",1,264,"TA","TA","Y",0,240,0,0,0,0,NA,NA,NA,0,5,2006,"WD","Normal",0,"Test"
"2763",2763,20,"RL",80,10800,"Pave",NA,"Reg","Lvl","AllPub","Inside","Gtl","NAmes","PosA","Norm","1Fam","1Story","6","6",1961,1992,"Gable","CompShg","HdBoard","HdBoard","BrkFace",104,"TA","TA","CBlock","TA","TA","No","Rec",913,"Unf",0,400,1313,"GasA","TA","Y","SBrkr",1773,0,0,1773,1,0,2,0,3,1,"TA",6,"Min2",2,"TA","Attchd",1961,"RFn",2,418,"TA","TA","Y",355,98,0,0,144,0,NA,NA,NA,0,8,2006,"WD","Normal",0,"Test"
"2764",2764,20,"RL",86,11650,"Pave",NA,"Reg","Lvl","AllPub","Corner","Gtl","NAmes","PosA","Norm","1Fam","1Story","7","5",1959,1959,"Hip","CompShg","Plywood","Plywood","BrkCmn",58,"TA","TA","Slab",NA,NA,NA,NA,0,NA,0,0,0,"GasA","Gd","Y","FuseA",1472,0,0,1472,0,0,2,0,2,1,"Gd",5,"Typ",1,"Gd","Attchd",1959,"Unf",2,484,"TA","TA","Y",0,68,0,0,227,0,NA,NA,NA,0,6,2006,"WD","Normal",0,"Test"
"2765",2765,60,"RL",NA,18275,"Pave",NA,"IR1","HLS","AllPub","Inside","Gtl","NAmes","Norm","Norm","1Fam","2Story","7","8",1962,1998,"Gable","CompShg","Plywood","Plywood","None",0,"TA","TA","CBlock","TA","TA","Gd","ALQ",636,"Unf",0,802,1438,"GasA","TA","Y","SBrkr",1900,548,0,2448,1,0,3,0,3,1,"TA",9,"Typ",2,"Gd","Attchd",1962,"RFn",2,441,"TA","TA","Y",520,102,0,0,0,0,NA,NA,NA,0,9,2006,"WD","Normal",0,"Test"
"2766",2766,50,"RL",60,12144,"Pave",NA,"Reg","Lvl","AllPub","Inside","Gtl","NAmes","Norm","Norm","1Fam","1.5Fin","4","6",1950,1950,"Gable","CompShg","BrkComm","Wd Sdng","None",0,"TA","TA","CBlock","TA","TA","No","Rec",455,"Unf",0,455,910,"GasA","Gd","Y","SBrkr",910,611,0,1521,0,0,1,1,3,1,"Gd",6,"Min2",0,NA,"Detchd",1950,"Unf",1,597,"Fa","TA","Y",199,0,168,0,0,0,NA,NA,NA,0,9,2006,"WD","Normal",0,"Test"
"2767",2767,90,"RL",60,8544,"Pave",NA,"Reg","Lvl","AllPub","Corner","Gtl","NAmes","Norm","Norm","Duplex","1Story","3","4",1950,1950,"Gable","CompShg","BrkFace","Stone","None",0,"TA","TA","Slab",NA,NA,NA,NA,0,NA,0,0,0,"Wall","Fa","N","FuseF",1040,0,0,1040,0,0,2,0,2,2,"TA",6,"Typ",0,NA,"Detchd",1950,"Unf",2,400,"TA","Fa","Y",0,0,0,0,0,0,NA,NA,NA,0,12,2006,"WD","Normal",0,"Test"
"2768",2768,90,"RL",75,8512,"Pave",NA,"Reg","Lvl","AllPub","Corner","Gtl","NAmes","Norm","Norm","Duplex","1Story","5","5",1960,1960,"Hip","CompShg","BrkFace","BrkFace","None",0,"TA","TA","CBlock","TA","Fa","No","Unf",0,"Unf",0,1556,1556,"GasA","TA","Y","SBrkr",1556,0,0,1556,0,0,2,0,4,2,"TA",8,"Typ",0,NA,NA,NA,NA,0,0,NA,NA,"Y",0,0,0,0,0,0,NA,NA,NA,0,9,2006,"WD","Normal",0,"Test"
"2769",2769,20,"RL",70,7000,"Pave",NA,"Reg","Lvl","AllPub","Inside","Gtl","NAmes","Norm","Norm","1Fam","1Story","5","4",1961,1961,"Hip","CompShg","BrkFace","BrkFace","None",0,"TA","TA","CBlock","TA","TA","No","GLQ",781,"Unf",0,369,1150,"GasA","TA","Y","SBrkr",1150,0,0,1150,0,0,1,0,3,1,"TA",6,"Typ",0,NA,"Attchd",1961,"RFn",1,288,"TA","TA","Y",0,0,0,0,162,0,NA,NA,NA,0,7,2006,"WD","Normal",0,"Test"
"2770",2770,20,"RL",74,7400,"Pave",NA,"Reg","Lvl","AllPub","Corner","Gtl","NAmes","Artery","Norm","1Fam","1Story","7","6",1962,1962,"Gable","CompShg","Wd Sdng","Wd Sdng","None",0,"TA","TA","CBlock","TA","TA","No","LwQ",809,"Unf",0,236,1045,"GasA","Gd","Y","SBrkr",1045,0,0,1045,1,0,1,0,3,1,"TA",6,"Typ",0,NA,"Detchd",1962,"Unf",2,528,"TA","TA","Y",0,0,0,0,0,0,NA,NA,NA,0,3,2006,"WD","Normal",0,"Test"
"2771",2771,20,"RL",70,7000,"Pave",NA,"Reg","Lvl","AllPub","Inside","Gtl","NAmes","Artery","Norm","1Fam","1Story","5","6",1962,1962,"Gable","CompShg","Wd Sdng","Wd Sdng","None",0,"TA","TA","CBlock","TA","TA","No","BLQ",468,"Unf",0,396,864,"GasA","Gd","Y","SBrkr",864,0,0,864,0,1,1,0,3,1,"TA",5,"Typ",0,NA,"Attchd",1962,"Unf",1,336,"TA","TA","Y",0,0,0,0,0,0,NA,"GdWo",NA,0,2,2006,"WD","Normal",0,"Test"
"2772",2772,190,"RL",70,7000,"Pave",NA,"Reg","Lvl","AllPub","Inside","Gtl","NAmes","Artery","Norm","2fmCon","SFoyer","5","5",1962,1962,"Gable","CompShg","MetalSd","MetalSd","None",0,"TA","TA","CBlock","TA","TA","Av","ALQ",953,"Unf",0,72,1025,"GasA","TA","Y","SBrkr",1025,0,0,1025,1,0,1,0,3,1,"TA",6,"Typ",0,NA,NA,NA,NA,0,0,NA,NA,"Y",96,80,0,0,0,0,NA,NA,NA,0,3,2006,"WD","Normal",0,"Test"
"2773",2773,70,"RM",62,9856,"Pave","Grvl","Reg","Lvl","AllPub","Corner","Gtl","OldTown","Norm","Norm","1Fam","2Story","5","8",1900,2005,"Hip","CompShg","CemntBd","CmentBd","None",0,"Gd","Gd","PConc","Fa","TA","No","Unf",0,"Unf",0,716,716,"GasA","Ex","Y","FuseA",1007,1007,0,2014,0,0,2,0,5,1,"TA",8,"Typ",0,NA,"Detchd",1900,"Unf",2,624,"TA","TA","Y",0,72,167,0,0,0,NA,NA,NA,0,6,2006,"WD","Normal",0,"Test"
"2774",2774,50,"RM",60,9600,"Pave","Grvl","Reg","Lvl","AllPub","Inside","Gtl","OldTown","Norm","Norm","1Fam","1.5Fin","5","6",1948,1950,"Gable","CompShg","MetalSd","MetalSd","Stone",264,"TA","TA","CBlock","TA","TA","No","Rec",276,"Unf",0,936,1212,"GasA","Gd","Y","FuseA",1226,442,0,1668,1,0,1,0,3,1,"TA",6,"Typ",0,NA,"Detchd",1948,"Unf",1,240,"TA","TA","Y",0,0,140,0,0,0,NA,NA,NA,0,5,2006,"WD","Normal",0,"Test"
"2775",2775,50,"RM",60,5520,"Pave",NA,"Reg","Lvl","AllPub","Corner","Gtl","OldTown","Norm","Norm","1Fam","1.5Fin","4","6",1920,1980,"Gable","CompShg","Wd Sdng","Wd Sdng","None",0,"TA","TA","PConc","TA","Fa","No","LwQ",284,"Unf",0,863,1147,"GasA","TA","N","SBrkr",1147,510,0,1657,0,0,1,0,4,1,"Fa",9,"Typ",1,"TA","Detchd",1920,"Unf",1,162,"Fa","Fa","N",0,0,0,0,0,0,NA,NA,NA,0,7,2006,"WD","Normal",0,"Test"
"2776",2776,50,"RM",60,9600,"Pave","Grvl","Reg","Lvl","AllPub","Inside","Gtl","OldTown","Norm","Norm","1Fam","1.5Fin","6","8",1900,2004,"Gable","CompShg","Wd Sdng","Wd Sdng","None",0,"TA","TA","BrkTil","TA","TA","No","Rec",381,"Unf",0,399,780,"GasA","Ex","Y","SBrkr",940,476,0,1416,0,1,1,0,3,1,"Gd",7,"Typ",0,NA,"Detchd",1956,"Unf",2,400,"TA","TA","Y",0,24,0,0,0,0,NA,NA,NA,0,6,2006,"WD","Normal",0,"Test"
"2777",2777,70,"RM",58,6451,"Pave","Grvl","Reg","Lvl","AllPub","Inside","Gtl","OldTown","Norm","Norm","1Fam","2Story","7","7",1900,1970,"Gable","CompShg","AsbShng","Wd Sdng","None",0,"TA","TA","Stone","TA","TA","No","Rec",208,"Unf",0,504,712,"GasA","Gd","Y","SBrkr",848,580,0,1428,1,0,1,0,4,1,"TA",7,"Typ",0,NA,"Detchd",1985,"Fin",2,576,"TA","TA","Y",264,0,84,0,0,0,NA,NA,NA,0,5,2006,"WD","Normal",0,"Test"
"2778",2778,70,"RM",66,3960,"Pave","Grvl","Reg","Lvl","AllPub","Inside","Gtl","OldTown","Norm","Norm","1Fam","2Story","7","8",1930,1950,"Gable","CompShg","Wd Sdng","Wd Sdng","None",0,"TA","TA","BrkTil","TA","TA","No","Unf",0,"Unf",0,502,502,"GasA","TA","N","SBrkr",502,502,0,1004,0,0,1,0,2,1,"Gd",5,"Typ",1,"Po","Detchd",1930,"Unf",1,200,"Fa","TA","N",280,0,68,0,0,0,NA,"MnPrv",NA,0,7,2006,"WD","Normal",0,"Test"
"2779",2779,190,"RM",56,7745,"Pave","Grvl","Reg","Lvl","AllPub","Inside","Gtl","OldTown","Norm","Norm","2fmCon","1.5Fin","4","6",1900,1950,"Gable","CompShg","MetalSd","MetalSd","None",0,"Gd","TA","PConc","TA","TA","No","Unf",0,"Unf",0,938,938,"GasA","Gd","N","SBrkr",1084,867,0,1951,0,0,2,0,4,2,"Fa",9,"Typ",0,NA,"Detchd",1993,"Unf",2,576,"TA","TA","P",0,6,28,0,0,0,NA,NA,NA,0,4,2006,"WD","Normal",0,"Test"
"2780",2780,30,"RM",56,7741,"Pave","Grvl","Reg","Lvl","AllPub","Inside","Gtl","OldTown","Norm","Norm","1Fam","1Story","6","5",1924,1950,"Gable","CompShg","MetalSd","MetalSd","None",0,"TA","TA","BrkTil","TA","Fa","No","BLQ",143,"Rec",72,817,1032,"GasA","Gd","N","FuseA",1032,0,0,1032,0,0,1,0,2,1,"TA",5,"Typ",0,NA,"Detchd",1995,"Unf",1,280,"TA","TA","Y",0,0,112,0,0,0,NA,"MnPrv",NA,0,6,2006,"COD","Abnorml",0,"Test"
"2781",2781,30,"RM",50,5633,"Pave","Pave","Reg","Lvl","AllPub","Inside","Gtl","OldTown","Norm","Norm","1Fam","1Story","5","7",1925,1950,"Gable","CompShg","MetalSd","Stucco","None",0,"TA","TA","BrkTil","TA","Fa","No","Unf",0,"Unf",0,844,844,"GasA","TA","Y","SBrkr",844,0,0,844,0,0,1,0,2,1,"TA",5,"Typ",0,NA,"Detchd",1925,"Unf",1,216,"TA","TA","N",50,81,123,0,0,0,NA,NA,NA,0,7,2006,"WD","Normal",0,"Test"
"2782",2782,20,"RM",60,7200,"Pave","Grvl","Reg","Lvl","AllPub","Inside","Gtl","OldTown","Norm","Norm","1Fam","1Story","4","5",1950,1950,"Gable","CompShg","MetalSd","MetalSd","None",0,"TA","TA","CBlock","TA","TA","No","Unf",0,"Unf",0,576,576,"GasA","Ex","Y","SBrkr",864,0,0,864,0,0,1,0,2,1,"TA",5,"Typ",0,NA,"Detchd",1952,"RFn",1,528,"TA","TA","Y",0,0,0,0,115,0,NA,NA,NA,0,8,2006,"COD","Normal",0,"Test"
"2783",2783,70,"RM",42,7614,"Pave","Grvl","Reg","Lvl","AllPub","Inside","Mod","OldTown","Norm","Norm","1Fam","2Story","3","5",1905,1950,"Gable","CompShg","MetalSd","MetalSd","None",0,"TA","TA","BrkTil","TA","Fa","Mn","Unf",0,"Unf",0,738,738,"GasA","Gd","Y","FuseA",714,662,0,1376,0,0,1,0,2,1,"TA",7,"Typ",0,NA,"Detchd",1930,"Unf",1,216,"TA","TA","N",0,0,104,0,225,0,NA,NA,NA,0,3,2006,"WD","Normal",0,"Test"
"2784",2784,190,"RM",50,6000,"Pave",NA,"Reg","Lvl","AllPub","Inside","Gtl","OldTown","Norm","Norm","2fmCon","1Story","5","7",1955,1955,"Hip","CompShg","Wd Sdng","Wd Sdng","None",0,"TA","TA","CBlock","TA","TA","Av","GLQ",576,"Unf",0,384,960,"GasA","TA","Y","FuseA",960,0,0,960,1,0,1,0,3,1,"TA",5,"Typ",0,NA,"Detchd",1976,"Unf",2,576,"TA","TA","Y",0,0,0,0,0,0,NA,NA,NA,0,6,2006,"WD","Normal",0,"Test"
"2785",2785,50,"RM",50,6000,"Pave",NA,"Reg","Lvl","AllPub","Inside","Gtl","OldTown","Norm","Norm","1Fam","1.5Fin","5","7",1924,1950,"Gable","CompShg","MetalSd","MetalSd","BrkFace",145,"TA","Gd","PConc","TA","TA","No","Unf",0,"Unf",0,816,816,"GasA","Ex","Y","SBrkr",816,750,0,1566,0,0,1,1,5,1,"Gd",7,"Typ",0,NA,"Detchd",1976,"Unf",2,450,"TA","TA","Y",24,0,296,0,0,0,NA,"MnPrv",NA,0,8,2006,"WD","Normal",0,"Test"
"2786",2786,30,"RM",52,7830,"Pave",NA,"Reg","Lvl","AllPub","Inside","Gtl","OldTown","Norm","Norm","1Fam","1Story","3","5",1921,1950,"Gable","CompShg","AsbShng","AsbShng","None",0,"TA","TA","BrkTil","Fa","TA","No","LwQ",416,"Unf",0,76,492,"GasA","TA","Y","SBrkr",492,0,0,492,1,0,1,0,1,1,"TA",3,"Typ",0,NA,"Detchd",1921,"Unf",1,200,"Fa","TA","N",0,0,78,0,0,0,NA,NA,NA,0,6,2006,"WD","Normal",0,"Test"
"2787",2787,50,"RM",56,9576,"Pave",NA,"Reg","Lvl","AllPub","Inside","Gtl","OldTown","Norm","Norm","1Fam","1.5Fin","6","7",1945,1950,"Gable","CompShg","VinylSd","VinylSd","None",0,"TA","TA","CBlock","Fa","TA","No","Rec",310,"Unf",0,460,770,"GasA","TA","Y","SBrkr",885,297,0,1182,0,0,1,1,3,1,"TA",5,"Typ",0,NA,"Detchd",1945,"Unf",1,378,"Fa","TA","Y",0,0,0,0,0,0,NA,"GdWo",NA,0,5,2006,"WD","Normal",0,"Test"
"2788",2788,30,"RM",48,5747,"Pave",NA,"Reg","Lvl","AllPub","Inside","Gtl","OldTown","Norm","Norm","1Fam","1Story","3","4",1920,1950,"Gable","CompShg","Wd Sdng","Wd Sdng","None",0,"TA","TA","PConc","TA","TA","No","Unf",0,"Unf",0,798,798,"GasA","Gd","Y","SBrkr",840,0,0,840,0,0,1,0,2,1,"Fa",5,"Typ",0,NA,"Detchd",1938,"Unf",1,250,"TA","Fa","N",112,0,0,0,0,0,NA,NA,NA,0,6,2006,"WD","Normal",0,"Test"
"2789",2789,75,"RM",70,6300,"Pave",NA,"Reg","Lvl","AllPub","Corner","Gtl","OldTown","Norm","Norm","1Fam","2.5Unf","7","6",1910,2005,"Gable","CompShg","Wd Sdng","Wd Sdng","None",0,"TA","TA","BrkTil","TA","TA","No","Unf",0,"Unf",0,1226,1226,"GasA","Ex","Y","SBrkr",1226,878,0,2104,0,0,2,0,5,1,"TA",9,"Typ",0,NA,"Detchd",1910,"Unf",2,432,"Fa","TA","P",0,341,88,0,0,0,NA,NA,NA,0,7,2006,"WD","Normal",0,"Test"
"2790",2790,90,"RM",33,5976,"Pave",NA,"Reg","Lvl","AllPub","Inside","Gtl","OldTown","Norm","Norm","Duplex","2Story","5","7",1920,1950,"Hip","CompShg","Wd Sdng","Wd Sdng","None",0,"TA","TA","PConc","TA","TA","No","Unf",0,"Unf",0,624,624,"GasA","Gd","N","FuseA",624,624,0,1248,0,0,2,0,2,2,"TA",8,"Typ",0,NA,NA,NA,NA,0,0,NA,NA,"N",0,130,256,0,0,0,NA,NA,NA,0,12,2006,"WD","Normal",0,"Test"
"2791",2791,20,"RM",65,9750,"Pave","Grvl","Reg","Lvl","AllPub","Inside","Gtl","OldTown","Norm","Norm","1Fam","1Story","5","5",1958,1958,"Hip","CompShg","HdBoard","HdBoard","None",0,"TA","TA","CBlock","TA","TA","No","Unf",0,"Unf",0,960,960,"GasA","Ex","Y","SBrkr",960,0,0,960,0,0,1,0,3,1,"TA",5,"Typ",0,NA,"Detchd",2002,"Unf",2,624,"TA","TA","Y",0,0,0,0,0,0,NA,NA,"Gar2",4500,7,2006,"WD","Normal",0,"Test"
"2792",2792,50,"C (all)",63,4761,"Pave",NA,"Reg","Lvl","AllPub","Corner","Gtl","IDOTRR","Norm","Norm","1Fam","1.5Unf","3","3",1918,1950,"Gable","CompShg","Wd Sdng","Wd Sdng","None",0,"Fa","Fa","BrkTil","TA","Fa","No","Unf",0,"Unf",0,1020,1020,"GasA","Fa","N","FuseP",1020,0,0,1020,0,0,1,0,2,1,"Fa",5,"Typ",0,NA,NA,NA,NA,0,0,NA,NA,"N",0,0,105,0,0,0,NA,NA,NA,0,10,2006,"ConLD","Normal",0,"Test"
"2793",2793,70,"RL",69,11737,"Pave",NA,"IR1","Bnk","AllPub","Inside","Gtl","BrkSide","Norm","Norm","1Fam","2Story","6","7",1924,1996,"Gambrel","CompShg","BrkComm","Stucco","None",0,"TA","TA","BrkTil","TA","TA","No","Unf",0,"Unf",0,848,848,"GasW","TA","N","SBrkr",1017,810,0,1827,0,0,1,0,2,1,"TA",9,"Typ",1,"Gd","Detchd",1943,"Unf",1,240,"Fa","TA","Y",27,36,42,0,0,0,NA,"GdPrv",NA,0,5,2006,"WD","Normal",0,"Test"
"2794",2794,50,"RM",51,6120,"Pave",NA,"Reg","Lvl","AllPub","Inside","Gtl","BrkSide","Norm","Norm","1Fam","1.5Fin","3","5",1930,1950,"Gable","CompShg","AsbShng","AsbShng","None",0,"Gd","TA","CBlock","TA","TA","No","Rec",347,"Unf",0,381,728,"GasA","Ex","Y","SBrkr",728,434,0,1162,1,0,1,0,3,1,"TA",6,"Typ",0,NA,"Detchd",1930,"Unf",1,258,"Fa","Po","Y",0,24,0,0,0,0,NA,NA,NA,0,11,2006,"ConLI","Abnorml",0,"Test"
"2795",2795,50,"RM",51,6120,"Pave",NA,"Reg","Lvl","AllPub","Inside","Gtl","BrkSide","Norm","Norm","1Fam","1.5Fin","5","7",1930,1984,"Gable","CompShg","MetalSd","MetalSd","None",0,"TA","Gd","BrkTil","TA","TA","No","Unf",0,"Unf",0,741,741,"GasA","Gd","Y","SBrkr",741,583,0,1324,0,0,1,0,3,1,"Gd",7,"Typ",0,NA,"Detchd",1930,"Unf",1,180,"Fa","TA","Y",0,0,55,0,0,0,NA,NA,NA,0,2,2006,"WD","Normal",0,"Test"
"2796",2796,30,"RL",50,11672,"Pave","Pave","IR2","Lvl","AllPub","Inside","Gtl","BrkSide","Norm","Norm","1Fam","1Story","5","5",1925,1950,"Gable","CompShg","MetalSd","MetalSd","None",0,"TA","TA","BrkTil","TA","TA","No","Unf",0,"Unf",0,816,816,"GasA","TA","Y","FuseA",816,0,0,816,0,0,1,0,2,1,"TA",4,"Typ",0,NA,"Detchd",1925,"Unf",1,210,"Fa","Fa","N",168,0,112,0,0,0,NA,NA,NA,0,7,2006,"WD","Normal",0,"Test"
"2797",2797,50,"RM",90,33120,"Pave",NA,"IR3","Lvl","AllPub","Inside","Gtl","OldTown","RRAn","Feedr","1Fam","1.5Fin","6","5",1962,1962,"Gable","CompShg","BrkFace","Wd Sdng","None",0,"TA","TA","CBlock","TA","TA","No","Unf",0,"Unf",0,1595,1595,"GasA","TA","Y","SBrkr",1611,875,0,2486,0,0,2,0,5,1,"TA",8,"Typ",1,"Gd","Detchd",1962,"Unf",2,576,"TA","TA","Y",0,0,0,0,0,0,NA,NA,NA,0,10,2006,"WD","Normal",0,"Test"
"2798",2798,50,"RM",60,10320,"Pave","Grvl","Reg","Lvl","AllPub","Inside","Gtl","IDOTRR","Norm","Norm","1Fam","1.5Fin","4","5",1924,1950,"Gable","CompShg","MetalSd","MetalSd","None",0,"TA","TA","BrkTil","TA","Fa","No","Unf",0,"Unf",0,596,596,"GasA","Po","Y","FuseF",834,596,0,1430,0,0,2,0,3,1,"Fa",7,"Typ",0,NA,"Detchd",1924,"Unf",2,370,"Fa","Fa","Y",218,0,0,0,210,0,NA,NA,NA,0,10,2006,"WD","Abnorml",0,"Test"
"2799",2799,70,"RM",60,7518,"Pave",NA,"Reg","Lvl","AllPub","FR3","Gtl","IDOTRR","Norm","Norm","1Fam","2Story","5","8",1910,2004,"Gable","CompShg","AsbShng","Plywood","None",0,"Fa","Gd","BrkTil","Fa","Fa","No","Unf",0,"Unf",0,396,396,"GasA","Gd","Y","SBrkr",665,665,0,1330,0,0,1,0,3,1,"TA",7,"Typ",0,NA,"Detchd",2001,"Unf",1,390,"TA","TA","N",0,72,45,0,0,0,NA,"MnPrv",NA,0,7,2006,"WD","Normal",0,"Test"
"2800",2800,30,"RM",50,9000,"Pave",NA,"Reg","Lvl","AllPub","Inside","Gtl","IDOTRR","Norm","Norm","1Fam","1Story","5","4",1919,1950,"Gable","CompShg","Wd Sdng","Wd Sdng","None",0,"TA","TA","BrkTil","TA","TA","No","Unf",0,"Unf",0,610,610,"GasA","Ex","N","FuseA",819,0,0,819,0,0,1,0,2,1,"Gd",4,"Typ",0,NA,NA,NA,NA,0,0,NA,NA,"N",0,0,0,0,0,0,NA,NA,NA,0,9,2006,"WD","Abnorml",0,"Test"
"2801",2801,30,"RM",60,7200,"Pave",NA,"Reg","Lvl","AllPub","Corner","Gtl","IDOTRR","Norm","Norm","1Fam","1Story","6","6",1930,1950,"Gable","CompShg","VinylSd","VinylSd","None",0,"TA","TA","BrkTil","TA","TA","No","LwQ",343,"Unf",0,641,984,"GasA","TA","Y","FuseF",984,0,0,984,0,0,1,0,3,1,"TA",6,"Typ",0,NA,"Detchd",1930,"Unf",1,308,"TA","TA","N",0,0,164,0,0,0,NA,NA,NA,0,3,2006,"ConLI","Family",0,"Test"
"2802",2802,50,"RL",82,12375,"Pave",NA,"Reg","Lvl","AllPub","Inside","Gtl","Sawyer","Feedr","Norm","1Fam","1.5Fin","5","5",1951,1951,"Gable","CompShg","HdBoard","HdBoard","Stone",41,"TA","Fa","CBlock","TA","TA","No","BLQ",329,"Unf",0,477,806,"GasA","TA","Y","SBrkr",1081,341,0,1422,1,0,1,0,3,1,"TA",7,"Typ",1,"TA","Detchd",1951,"Unf",1,288,"TA","TA","Y",0,0,0,0,0,0,NA,"GdWo",NA,0,6,2006,"WD","Normal",0,"Test"
"2803",2803,90,"RL",120,11136,"Pave",NA,"Reg","Lvl","AllPub","Corner","Gtl","Sawyer","Feedr","Feedr","Duplex","1Story","6","5",1964,1964,"Gable","CompShg","BrkFace","BrkFace","None",0,"TA","TA","CBlock","TA","TA","No","Unf",0,"Unf",0,1921,1921,"GasA","TA","Y","SBrkr",1921,0,0,1921,0,0,2,0,4,2,"TA",8,"Typ",0,NA,"Detchd",1964,"Unf",2,576,"TA","TA","Y",0,180,0,0,0,0,NA,NA,NA,0,7,2006,"WD","Normal",0,"Test"
"2804",2804,20,"RL",100,21370,"Pave",NA,"Reg","Lvl","AllPub","FR2","Gtl","Sawyer","Norm","Norm","1Fam","1Story","5","5",1950,1950,"Gable","CompShg","Wd Sdng","MetalSd","None",0,"TA","TA","Slab",NA,NA,NA,NA,0,NA,0,0,0,"GasA","TA","Y","FuseA",1640,0,0,1640,0,0,1,0,3,1,"TA",7,"Min1",1,"Gd","Attchd",1950,"RFn",2,394,"TA","TA","Y",0,0,225,0,0,0,NA,NA,"Shed",600,6,2006,"WD","Normal",0,"Test"
"2805",2805,30,"RL",55,8250,"Pave",NA,"Reg","Lvl","AllPub","Inside","Gtl","Edwards","Norm","Norm","1Fam","1Story","5","7",1935,1950,"Gable","CompShg","Wd Sdng","Wd Sdng","None",0,"TA","TA","Slab",NA,NA,NA,NA,0,NA,0,0,0,"GasA","TA","N","SBrkr",1032,0,0,1032,0,0,1,0,2,1,"TA",6,"Typ",1,"TA","Detchd",1939,"Unf",1,260,"TA","TA","Y",0,0,121,0,0,0,NA,NA,NA,0,6,2006,"WD","Normal",0,"Test"
"2806",2806,30,"RL",50,5220,"Pave",NA,"IR1","Lvl","AllPub","Inside","Gtl","SWISU","Norm","Norm","1Fam","1Story","5","3",1936,1950,"Gable","CompShg","Wd Sdng","Wd Shng","None",0,"TA","TA","BrkTil","TA","TA","No","Unf",0,"Unf",0,830,830,"GasA","Gd","Y","SBrkr",879,0,0,879,0,0,1,0,2,1,"TA",4,"Typ",0,NA,"Detchd",1936,"Unf",1,180,"TA","TA","P",0,108,0,0,0,0,NA,NA,NA,0,1,2006,"WD","Normal",0,"Test"
"2807",2807,20,"RL",50,5500,"Pave",NA,"Reg","Lvl","AllPub","Inside","Gtl","SWISU","Norm","Norm","1Fam","1Story","7","5",2004,2004,"Shed","CompShg","VinylSd","VinylSd","None",0,"TA","TA","PConc","Gd","Gd","Mn","GLQ",510,"LwQ",373,190,1073,"GasA","Ex","Y","SBrkr",1073,0,0,1073,1,0,2,0,2,1,"TA",4,"Typ",0,NA,"Detchd",2004,"Unf",1,246,"TA","TA","Y",0,120,0,0,0,0,NA,NA,NA,0,5,2006,"WD","Normal",0,"Test"
"2808",2808,20,"RL",NA,11327,"Pave",NA,"IR1","Lvl","AllPub","Inside","Gtl","Sawyer","Norm","Norm","1Fam","1Story","5","6",1967,1967,"Hip","CompShg","HdBoard","HdBoard","BrkFace",305,"TA","TA","CBlock","TA","TA","Av","ALQ",779,"Unf",0,285,1064,"GasA","TA","Y","SBrkr",1064,0,0,1064,0,1,1,0,3,1,"TA",6,"Typ",1,"TA","Attchd",1967,"Unf",2,528,"TA","TA","Y",314,48,0,0,0,0,NA,NA,NA,0,6,2006,"WD","Normal",0,"Test"
"2809",2809,80,"RL",80,10366,"Pave",NA,"IR1","Lvl","AllPub","Corner","Gtl","Sawyer","Norm","Norm","1Fam","SLvl","6","7",1964,1964,"Gable","CompShg","HdBoard","Plywood","None",0,"TA","Gd","CBlock","TA","TA","Av","GLQ",456,"Unf",0,456,912,"GasA","TA","Y","SBrkr",934,0,0,934,0,1,1,0,2,1,"TA",4,"Typ",0,NA,"Attchd",1964,"Unf",1,336,"TA","TA","Y",77,0,0,0,0,0,NA,"GdPrv","Shed",500,7,2006,"WD","Normal",0,"Test"
"2810",2810,20,"RL",75,9000,"Pave",NA,"Reg","Lvl","AllPub","Corner","Gtl","Sawyer","Norm","Norm","1Fam","1Story","5","6",1966,1966,"Gable","CompShg","Plywood","Plywood","None",0,"TA","TA","CBlock","TA","TA","No","ALQ",773,"Unf",0,286,1059,"GasA","Gd","Y","SBrkr",1059,0,0,1059,1,0,1,0,3,1,"TA",6,"Typ",0,NA,"Attchd",1966,"Fin",1,286,"TA","TA","Y",0,88,0,0,0,0,NA,"GdWo",NA,0,6,2006,"WD","Abnorml",0,"Test"
"2811",2811,20,"RL",NA,9535,"Pave",NA,"IR1","Lvl","AllPub","Inside","Gtl","Sawyer","Norm","Norm","1Fam","1Story","5","5",1967,1967,"Gable","CompShg","HdBoard","HdBoard","BrkFace",450,"TA","TA","CBlock","TA","TA","No","BLQ",194,"LwQ",982,0,1176,"GasA","TA","Y","SBrkr",1458,0,0,1458,1,0,1,1,3,1,"TA",7,"Typ",1,"TA","Attchd",1967,"Unf",2,512,"TA","TA","Y",284,0,0,0,0,0,NA,"MnPrv",NA,0,7,2006,"WD","Normal",0,"Test"
"2812",2812,80,"RL",NA,7176,"Pave",NA,"IR1","Lvl","AllPub","CulDSac","Gtl","Sawyer","Norm","Norm","1Fam","SLvl","6","6",1978,1978,"Gable","CompShg","HdBoard","HdBoard","BrkFace",200,"TA","TA","CBlock","TA","Gd","Gd","GLQ",794,"Unf",0,166,960,"GasA","Fa","Y","SBrkr",1040,0,0,1040,1,0,1,0,3,1,"TA",6,"Typ",1,"Fa","Detchd",1979,"Unf",2,616,"TA","TA","Y",131,0,0,0,180,0,NA,"GdPrv",NA,0,7,2006,"WD","Normal",0,"Test"
"2813",2813,90,"RL",NA,9662,"Pave",NA,"IR1","Lvl","AllPub","Inside","Gtl","Sawyer","Norm","Norm","Duplex","1Story","5","4",1977,1977,"Gable","CompShg","Plywood","Plywood","None",0,"TA","TA","CBlock","Gd","TA","No","Unf",0,"Unf",0,1967,1967,"GasA","TA","Y","SBrkr",1967,0,0,1967,0,0,2,0,6,2,"TA",10,"Typ",0,NA,"Attchd",1977,"Fin",2,580,"TA","TA","Y",170,0,0,0,0,0,NA,NA,NA,0,8,2006,"WD","Normal",0,"Test"
"2814",2814,90,"RL",75,8235,"Pave",NA,"Reg","Lvl","AllPub","Inside","Gtl","Sawyer","Norm","Norm","Duplex","1Story","5","4",1977,1977,"Gable","CompShg","Plywood","Plywood","BrkFace",99,"TA","TA","CBlock","TA","TA","No","Rec",483,"Unf",0,1466,1949,"GasA","TA","Y","SBrkr",1949,0,0,1949,0,0,2,0,6,2,"TA",10,"Typ",0,NA,"Attchd",1977,"RFn",2,586,"TA","TA","Y",32,0,0,0,0,0,NA,NA,NA,0,5,2006,"WD","Normal",0,"Test"
"2815",2815,30,"RL",NA,17529,"Pave",NA,"Reg","Lvl","AllPub","Inside","Gtl","Sawyer","Norm","Norm","1Fam","1Story","5","5",1924,1950,"Gable","CompShg","BrkFace","Wd Sdng","Stone",65,"TA","TA","BrkTil","TA","TA","No","Unf",0,"Unf",0,872,872,"GasA","Fa","N","FuseF",872,0,0,872,0,0,1,0,2,1,"Fa",5,"Mod",1,"Gd","Detchd",1924,"Unf",1,322,"Fa","Fa","N",0,0,116,0,0,0,NA,NA,NA,0,4,2006,"WD","Normal",0,"Test"
"2816",2816,20,"RL",NA,20355,"Pave",NA,"Reg","Low","AllPub","Inside","Mod","ClearCr","Norm","Norm","1Fam","1Story","7","6",1967,1967,"Gable","Tar&Grv","Plywood","Plywood","BrkFace",123,"TA","TA","CBlock","Gd","TA","Av","Rec",810,"ALQ",826,229,1865,"GasA","TA","Y","SBrkr",1830,0,0,1830,1,0,1,0,2,1,"TA",6,"Typ",2,"Gd","Attchd",1967,"Unf",2,521,"TA","TA","Y",0,115,168,0,0,0,NA,NA,NA,0,6,2006,"WD","Normal",0,"Test"
"2817",2817,20,"RL",87,13050,"Pave",NA,"Reg","Low","AllPub","Inside","Mod","ClearCr","Norm","Norm","1Fam","1Story","5","6",1963,1963,"Flat","Tar&Grv","WdShing","Wd Shng","None",0,"TA","TA","CBlock","Gd","TA","Av","Rec",104,"ALQ",850,46,1000,"GasA","Ex","Y","SBrkr",1000,0,0,1000,1,0,1,0,1,1,"TA",4,"Typ",2,"TA","Attchd",1993,"Unf",2,575,"TA","TA","Y",238,0,148,0,0,0,NA,NA,NA,0,4,2006,"WD","Normal",0,"Test"
"2818",2818,85,"RL",72,10820,"Pave",NA,"Reg","Lvl","AllPub","Corner","Gtl","Sawyer","Feedr","Norm","1Fam","SFoyer","5","7",1971,1972,"Gable","CompShg","HdBoard","HdBoard","BrkFace",153,"TA","TA","PConc","Gd","TA","Av","GLQ",535,"Rec",159,88,782,"GasA","Ex","Y","SBrkr",810,0,0,810,1,0,1,0,2,1,"TA",4,"Typ",0,NA,"Detchd",1973,"Unf",2,576,"TA","TA","Y",0,0,0,0,0,0,NA,"MnPrv",NA,0,6,2006,"WD","Normal",0,"Test"
"2819",2819,150,"RL",NA,1700,"Pave",NA,"Reg","HLS","AllPub","Inside","Gtl","ClearCr","Norm","Norm","Twnhs","1.5Fin","7","5",1980,1981,"Gable","CompShg","VinylSd","VinylSd","None",0,"Gd","TA","PConc","Gd","TA","Mn","GLQ",397,"Unf",0,33,430,"GasA","TA","Y","SBrkr",880,680,140,1700,1,0,2,1,2,1,"Gd",7,"Typ",0,NA,"Basment",1980,"Fin",1,450,"Gd","TA","Y",188,36,0,0,200,0,NA,NA,NA,0,4,2006,"WD","Normal",0,"Test"
"2820",2820,20,"RL",75,9375,"Pave",NA,"Reg","Lvl","AllPub","Corner","Gtl","Edwards","Norm","Norm","1Fam","1Story","4","5",1954,1954,"Gable","CompShg","MetalSd","MetalSd","None",0,"TA","Gd","CBlock","TA","TA","No","Rec",799,"Unf",0,168,967,"GasA","Ex","Y","SBrkr",1350,0,0,1350,0,0,1,1,3,1,"TA",6,"Typ",1,"Gd","Attchd",1954,"RFn",2,504,"TA","TA","Y",237,0,0,0,0,0,NA,NA,NA,0,6,2006,"WD","Normal",0,"Test"
"2821",2821,50,"RL",62,6488,"Pave",NA,"Reg","Lvl","AllPub","Inside","Gtl","Edwards","Norm","Norm","1Fam","1.5Fin","5","5",1942,1950,"Gable","CompShg","BrkFace","Wd Sdng","None",0,"TA","TA","BrkTil","TA","TA","No","LwQ",230,"Unf",0,569,799,"GasA","Ex","N","FuseA",799,351,0,1150,0,0,1,0,3,1,"TA",6,"Mod",2,"TA","BuiltIn",1942,"Unf",1,215,"TA","TA","Y",264,0,0,0,0,0,NA,NA,NA,0,3,2006,"WD","Family",0,"Test"
"2822",2822,70,"RL",114,19950,"Pave",NA,"Reg","Lvl","AllPub","Corner","Gtl","Edwards","Norm","Norm","1Fam","2Story","6","7",1928,1950,"Gable","CompShg","WdShing","Plywood","None",0,"TA","TA","PConc","TA","TA","No","Unf",0,"Unf",0,672,672,"GasA","Ex","Y","SBrkr",1337,672,0,2009,0,0,2,0,4,1,"TA",8,"Typ",2,"Gd","2Types",1928,"Unf",3,795,"TA","TA","P",0,42,0,0,180,0,NA,NA,NA,0,12,2006,"WD","Normal",0,"Test"
"2823",2823,75,"RL",60,19800,"Pave",NA,"Reg","Lvl","AllPub","Inside","Gtl","Edwards","Norm","Norm","1Fam","2.5Unf","6","8",1935,1990,"Gable","CompShg","BrkFace","Wd Sdng","None",0,"TA","TA","BrkTil","TA","TA","No","Rec",425,"Unf",0,1411,1836,"GasA","Gd","Y","SBrkr",1836,1836,0,3672,0,0,3,1,5,1,"Gd",7,"Typ",2,"Gd","Detchd",1993,"Unf",2,836,"TA","TA","Y",684,80,32,0,0,0,NA,NA,NA,0,12,2006,"WD","Normal",0,"Test"
"2824",2824,80,"RL",78,11679,"Pave",NA,"IR1","Lvl","AllPub","Inside","Gtl","Edwards","Norm","Norm","1Fam","SLvl","5","5",1962,1962,"Gable","CompShg","Plywood","Plywood","Stone",96,"TA","TA","CBlock","TA","TA","Gd","ALQ",612,"Rec",1164,0,1776,"GasA","Ex","Y","SBrkr",1560,0,0,1560,0,1,2,0,3,1,"TA",6,"Min2",1,"Fa","Attchd",1962,"Fin",2,528,"TA","TA","Y",453,253,144,0,0,0,NA,"MnPrv",NA,0,5,2006,"WD","Normal",0,"Test"
"2825",2825,20,"RL",80,12048,"Pave",NA,"Reg","Lvl","AllPub","Inside","Gtl","Edwards","Norm","Norm","1Fam","1Story","5","6",1952,2002,"Gable","CompShg","Wd Sdng","Wd Sdng","BrkFace",232,"TA","TA","Slab",NA,NA,NA,NA,0,NA,0,0,0,"GasA","Gd","Y","SBrkr",1488,0,0,1488,0,0,1,0,3,1,"TA",7,"Typ",1,"Ex","Attchd",2002,"RFn",2,569,"TA","TA","Y",0,189,36,0,348,0,NA,NA,NA,0,4,2006,"WD","Normal",0,"Test"
"2826",2826,20,"RL",70,10519,"Pave",NA,"Reg","Lvl","AllPub","Inside","Gtl","Edwards","Norm","Norm","1Fam","1Story","5","8",1955,1999,"Hip","CompShg","MetalSd","MetalSd","Stone",164,"TA","TA","CBlock","TA","TA","Mn","Unf",0,"Unf",0,1057,1057,"GasA","Gd","Y","SBrkr",1057,0,0,1057,0,1,1,0,3,1,"Gd",6,"Typ",0,NA,"Attchd",1955,"Unf",1,288,"TA","TA","Y",0,0,0,0,0,0,NA,NA,NA,0,3,2006,"WD","Normal",0,"Test"
"2827",2827,50,"RL",75,9525,"Pave",NA,"Reg","Lvl","AllPub","Inside","Gtl","Edwards","Norm","Norm","1Fam","1.5Fin","6","5",1953,1953,"Gable","CompShg","MetalSd","MetalSd","None",0,"TA","TA","CBlock","TA","TA","No","LwQ",468,"Unf",0,532,1000,"GasA","TA","Y","SBrkr",1068,541,0,1609,0,0,1,1,5,1,"TA",7,"Typ",0,NA,"Attchd",1953,"Unf",1,305,"Fa","TA","Y",0,0,0,0,0,0,NA,NA,NA,0,7,2006,"WD","Normal",0,"Test"
"2828",2828,60,"RL",88,12128,"Pave",NA,"IR1","Bnk","AllPub","Inside","Gtl","SawyerW","Norm","Norm","1Fam","2Story","6","4",1989,1989,"Gable","CompShg","HdBoard","HdBoard","BrkFace",232,"Gd","TA","CBlock","Gd","TA","No","ALQ",549,"Unf",0,319,868,"GasA","Ex","Y","SBrkr",1313,1246,0,2559,0,0,2,1,4,1,"Ex",9,"Typ",1,"TA","Attchd",1989,"RFn",2,506,"TA","TA","Y",0,245,0,0,168,0,NA,"MnPrv",NA,0,11,2006,"WD","Abnorml",0,"Test"
"2829",2829,90,"RL",73,9069,"Pave",NA,"Reg","Lvl","AllPub","Inside","Gtl","SawyerW","Norm","Norm","Duplex","SFoyer","6","8",1993,1993,"Gable","CompShg","HdBoard","HdBoard","None",0,"Gd","Gd","PConc","Gd","TA","Av","LwQ",261,"GLQ",1083,0,1344,"GasA","Gd","Y","SBrkr",1440,0,0,1440,2,0,2,0,2,2,"Gd",8,"Typ",0,NA,"Attchd",1993,"Unf",4,920,"TA","TA","Y",288,0,0,0,0,0,NA,NA,NA,0,4,2006,"WD","Normal",0,"Test"
"2830",2830,60,"RL",133,11003,"Pave",NA,"IR2","Lvl","AllPub","Inside","Gtl","CollgCr","Norm","Norm","1Fam","2Story","7","5",2005,2006,"Gable","CompShg","VinylSd","VinylSd","None",0,"Gd","TA","PConc","Gd","TA","No","Unf",0,"Unf",0,1308,1308,"GasA","Ex","Y","SBrkr",1308,568,0,1876,0,0,2,1,3,1,"Gd",7,"Typ",0,NA,"BuiltIn",2005,"RFn",3,848,"TA","TA","Y",0,40,0,0,0,0,NA,NA,NA,0,7,2006,"New","Partial",0,"Test"
"2831",2831,20,"RL",64,7488,"Pave",NA,"IR1","Lvl","AllPub","Inside","Gtl","CollgCr","Norm","Norm","1Fam","1Story","7","5",2005,2005,"Gable","CompShg","VinylSd","VinylSd","None",0,"Gd","TA","PConc","Gd","TA","Av","GLQ",393,"Unf",0,815,1208,"GasA","Ex","Y","SBrkr",1208,0,0,1208,0,0,2,0,2,1,"Gd",6,"Typ",0,NA,"Attchd",2005,"RFn",2,632,"TA","TA","Y",105,58,0,0,0,0,NA,NA,NA,0,2,2006,"WD","Abnorml",0,"Test"
"2832",2832,20,"RL",90,13377,"Pave",NA,"Reg","Lvl","AllPub","Corner","Gtl","CollgCr","Norm","Norm","1Fam","1Story","6","5",2006,2006,"Hip","CompShg","VinylSd","VinylSd","None",0,"Gd","TA","PConc","Gd","TA","No","GLQ",1576,"Unf",0,260,1836,"GasA","Gd","Y","SBrkr",1846,0,0,1846,1,0,2,0,3,1,"Gd",7,"Typ",1,"Gd","Attchd",2006,"RFn",2,495,"TA","TA","Y",0,32,0,0,0,0,NA,NA,NA,0,7,2006,"New","Partial",0,"Test"
"2833",2833,20,"RL",78,11645,"Pave",NA,"Reg","Lvl","AllPub","Inside","Gtl","CollgCr","Norm","Norm","1Fam","1Story","8","5",2005,2006,"Hip","CompShg","VinylSd","VinylSd","BrkFace",198,"Gd","TA","PConc","Ex","TA","Gd","GLQ",1122,"Unf",0,448,1570,"GasA","Ex","Y","SBrkr",1590,0,0,1590,1,0,2,1,2,1,"Ex",6,"Typ",0,NA,"Attchd",2005,"Fin",3,754,"TA","TA","Y",176,80,0,0,0,0,NA,NA,NA,0,8,2006,"New","Partial",0,"Test"
"2834",2834,60,"RL",91,10984,"Pave",NA,"IR1","Lvl","AllPub","Corner","Gtl","CollgCr","Norm","Norm","1Fam","2Story","7","5",2005,2006,"Gable","CompShg","VinylSd","VinylSd","None",0,"Gd","TA","PConc","Gd","TA","Gd","Unf",0,"Unf",0,945,945,"GasA","Ex","Y","SBrkr",945,864,0,1809,0,0,2,1,3,1,"Gd",8,"Typ",0,NA,"Attchd",2005,"RFn",2,638,"TA","TA","Y",144,54,0,0,0,0,NA,NA,NA,0,5,2006,"New","Partial",0,"Test"
"2835",2835,20,"RL",78,9316,"Pave",NA,"Reg","Lvl","AllPub","Inside","Gtl","CollgCr","Norm","Norm","1Fam","1Story","7","5",2005,2005,"Gable","CompShg","VinylSd","VinylSd","BrkFace",140,"Gd","TA","PConc","Gd","TA","Gd","GLQ",56,"Unf",0,1558,1614,"GasA","Ex","Y","SBrkr",1614,0,0,1614,0,0,2,0,3,1,"Gd",7,"Typ",1,"Gd","Attchd",2005,"Fin",2,576,"TA","TA","Y",100,45,0,0,0,0,NA,NA,NA,0,3,2006,"WD","Normal",0,"Test"
"2836",2836,60,"RL",78,9316,"Pave",NA,"IR1","Lvl","AllPub","Inside","Gtl","CollgCr","Norm","Norm","1Fam","2Story","7","5",2005,2005,"Gable","CompShg","VinylSd","VinylSd","BrkFace",532,"Gd","TA","PConc","Gd","TA","Av","Unf",0,"Unf",0,784,784,"GasA","Ex","Y","SBrkr",784,812,0,1596,0,0,2,1,3,1,"Gd",6,"Typ",0,NA,"Attchd",2005,"RFn",2,610,"TA","TA","Y",144,45,0,0,0,0,NA,NA,NA,0,6,2006,"WD","Normal",0,"Test"
"2837",2837,20,"RL",80,12000,"Pave",NA,"Reg","Lvl","AllPub","Inside","Gtl","ClearCr","Norm","Norm","1Fam","1Story","6","5",1968,1968,"Gable","CompShg","Plywood","Plywood","None",0,"TA","Fa","CBlock","Gd","Fa","No","LwQ",853,"Unf",0,535,1388,"GasA","Gd","Y","SBrkr",1388,0,0,1388,1,0,2,0,3,1,"TA",6,"Typ",1,"Po","Attchd",1968,"RFn",2,522,"TA","TA","Y",0,58,0,0,0,0,NA,NA,NA,0,7,2006,"COD","Abnorml",0,"Test"
"2838",2838,20,"RL",95,13015,"Pave",NA,"Reg","Lvl","AllPub","Corner","Gtl","CollgCr","Norm","Norm","1Fam","1Story","5","6",1996,1996,"Gable","CompShg","VinylSd","VinylSd","None",0,"TA","Gd","PConc","Gd","TA","No","Unf",0,"Unf",0,1100,1100,"GasA","Ex","Y","SBrkr",1100,0,0,1100,0,0,1,1,3,1,"TA",5,"Typ",0,NA,"Attchd",1996,"RFn",2,462,"TA","TA","Y",0,0,0,0,0,0,NA,NA,NA,0,6,2006,"WD","Normal",0,"Test"
"2839",2839,60,"RL",65,12438,"Pave",NA,"IR1","Lvl","AllPub","Inside","Gtl","CollgCr","PosN","Norm","1Fam","2Story","6","5",1995,1995,"Gable","CompShg","VinylSd","VinylSd","BrkFace",68,"Gd","TA","PConc","Gd","TA","No","Unf",0,"Unf",0,781,781,"GasA","Ex","Y","SBrkr",795,704,0,1499,0,0,2,1,3,1,"Gd",6,"Typ",1,"TA","Attchd",1995,"RFn",2,473,"TA","TA","Y",413,91,0,0,0,0,NA,NA,NA,0,8,2006,"WD","Normal",0,"Test"
"2840",2840,20,"RL",NA,8685,"Pave",NA,"IR1","Lvl","AllPub","CulDSac","Gtl","CollgCr","Norm","Norm","1Fam","1Story","7","5",1998,1998,"Gable","CompShg","VinylSd","VinylSd","None",0,"TA","TA","PConc","Gd","TA","Mn","GLQ",846,"Unf",0,579,1425,"GasA","Ex","Y","SBrkr",1425,0,0,1425,1,0,2,0,3,1,"TA",5,"Typ",0,NA,"Attchd",1998,"RFn",2,591,"TA","TA","Y",0,130,0,0,0,0,NA,NA,NA,0,5,2006,"WD","Normal",0,"Test"
"2841",2841,60,"RL",68,9272,"Pave",NA,"IR1","Lvl","AllPub","Inside","Gtl","CollgCr","Norm","Norm","1Fam","2Story","7","5",1999,1999,"Gable","CompShg","VinylSd","VinylSd","None",0,"Gd","TA","PConc","Gd","TA","No","GLQ",500,"Unf",0,342,842,"GasA","Ex","Y","SBrkr",856,893,0,1749,0,0,2,1,3,1,"Gd",7,"Typ",0,NA,"Attchd",1999,"RFn",2,515,"TA","TA","Y",140,85,0,0,0,0,NA,NA,NA,0,6,2006,"WD","Normal",0,"Test"
"2842",2842,60,"RL",72,13426,"Pave",NA,"IR1","Lvl","AllPub","Corner","Gtl","CollgCr","Norm","Norm","1Fam","2Story","7","5",1999,2000,"Gable","CompShg","VinylSd","VinylSd","None",0,"Gd","TA","PConc","Gd","TA","Mn","GLQ",894,"Unf",0,57,951,"GasA","Ex","Y","SBrkr",951,828,0,1779,1,0,2,1,3,1,"Gd",7,"Typ",1,"TA","Attchd",1999,"Fin",2,586,"TA","TA","Y",208,107,0,0,0,0,NA,NA,NA,0,9,2006,"WD","Normal",0,"Test"
"2843",2843,60,"RL",50,8340,"Pave",NA,"IR1","Lvl","AllPub","Inside","Gtl","CollgCr","Norm","Norm","1Fam","2Story","6","6",1977,1977,"Gable","CompShg","HdBoard","Plywood","BrkFace",62,"TA","TA","CBlock","Gd","TA","Av","GLQ",509,"Unf",0,166,675,"GasA","TA","Y","SBrkr",686,702,0,1388,0,0,1,1,3,1,"TA",6,"Typ",0,NA,"Attchd",1977,"Unf",1,317,"TA","TA","Y",406,36,0,0,0,0,NA,NA,NA,0,12,2006,"WD","Normal",0,"Test"
"2844",2844,80,"RL",42,10385,"Pave",NA,"IR1","Lvl","AllPub","CulDSac","Gtl","CollgCr","Norm","Norm","1Fam","SLvl","6","6",1978,1978,"Gable","CompShg","HdBoard","HdBoard","BrkFace",123,"TA","TA","CBlock","TA","Gd","Av","ALQ",595,"LwQ",400,0,995,"GasA","TA","Y","SBrkr",1282,0,0,1282,0,1,2,0,3,1,"TA",6,"Typ",0,NA,"Detchd",1989,"Unf",3,672,"Fa","TA","Y",386,0,0,0,0,0,NA,NA,NA,0,4,2006,"WD","Normal",0,"Test"
"2845",2845,20,"RL",60,7200,"Pave",NA,"Reg","Low","AllPub","Inside","Gtl","CollgCr","Norm","Norm","1Fam","1Story","5","8",1972,1972,"Gable","CompShg","VinylSd","VinylSd","None",0,"TA","TA","CBlock","TA","TA","No","BLQ",437,"Unf",0,427,864,"GasA","Ex","Y","SBrkr",864,0,0,864,0,0,1,0,3,1,"TA",5,"Typ",0,NA,"Detchd",1977,"Unf",1,297,"TA","TA","Y",0,0,0,0,0,0,NA,"MnPrv",NA,0,3,2006,"WD","Normal",0,"Test"
"2846",2846,60,"RL",NA,9930,"Pave",NA,"IR1","Lvl","AllPub","Inside","Gtl","CollgCr","Norm","Norm","1Fam","2Story","7","5",2002,2002,"Gable","CompShg","VinylSd","VinylSd","BrkFace",199,"Gd","TA","PConc","Gd","TA","No","GLQ",456,"Unf",0,370,826,"GasA","Ex","Y","SBrkr",878,884,0,1762,0,0,2,1,3,1,"Gd",6,"Typ",0,NA,"Attchd",2002,"Fin",2,591,"TA","TA","Y",320,54,0,0,0,0,NA,NA,NA,0,7,2006,"WD","Normal",0,"Test"
"2847",2847,60,"RL",45,9468,"Pave",NA,"IR2","Lvl","AllPub","CulDSac","Gtl","CollgCr","Norm","Norm","1Fam","2Story","6","5",1999,1999,"Gable","CompShg","VinylSd","VinylSd","BrkFace",148,"TA","TA","PConc","Gd","TA","Mn","GLQ",639,"Unf",0,201,840,"GasA","Ex","Y","SBrkr",840,915,0,1755,1,0,2,1,3,1,"TA",7,"Typ",1,"TA","Attchd",1999,"RFn",2,530,"TA","TA","Y",176,73,0,0,0,0,NA,NA,NA,0,8,2006,"WD","Normal",0,"Test"
"2848",2848,20,"RL",NA,11088,"Pave",NA,"Reg","Lvl","AllPub","Corner","Gtl","CollgCr","Norm","Norm","1Fam","1Story","8","5",2002,2002,"Hip","CompShg","Stucco","Stucco","None",0,"Gd","TA","PConc","Gd","TA","No","GLQ",872,"Unf",0,476,1348,"GasA","Ex","Y","SBrkr",1358,0,0,1358,1,0,1,1,1,1,"Gd",5,"Typ",1,"TA","Attchd",2002,"Unf",2,418,"TA","TA","Y",68,166,0,0,0,0,NA,NA,NA,0,6,2006,"WD","Normal",0,"Test"
"2849",2849,60,"RL",70,8726,"Pave",NA,"Reg","Lvl","AllPub","Inside","Gtl","CollgCr","Norm","Norm","1Fam","2Story","7","5",2002,2002,"Gable","CompShg","VinylSd","VinylSd","None",0,"Gd","TA","PConc","Gd","TA","No","Unf",0,"Unf",0,872,872,"GasA","Ex","Y","SBrkr",872,1037,0,1909,0,0,2,1,4,1,"Gd",8,"Typ",0,NA,"BuiltIn",2002,"RFn",2,529,"TA","TA","Y",0,108,0,0,0,0,NA,NA,NA,0,9,2006,"WD","Normal",0,"Test"
"2850",2850,60,"RL",67,10566,"Pave",NA,"IR1","Lvl","AllPub","Inside","Gtl","CollgCr","Norm","Norm","1Fam","2Story","8","5",1999,1999,"Gable","CompShg","VinylSd","VinylSd","BrkFace",261,"Gd","TA","PConc","Gd","TA","Av","GLQ",920,"Unf",0,170,1090,"GasA","Ex","Y","SBrkr",1090,1124,0,2214,1,0,2,1,3,1,"Gd",8,"Typ",1,"TA","Attchd",1999,"Fin",3,646,"TA","TA","Y",197,80,0,0,0,0,NA,NA,NA,0,7,2006,"WD","Normal",0,"Test"
"2851",2851,60,"RL",NA,21533,"Pave",NA,"IR2","Lvl","AllPub","FR2","Gtl","CollgCr","Feedr","Norm","1Fam","2Story","7","5",1996,1997,"Gable","CompShg","VinylSd","VinylSd","None",0,"Gd","TA","PConc","Gd","TA","No","Unf",0,"Unf",0,1065,1065,"GasA","Ex","Y","SBrkr",1065,984,0,2049,0,0,2,1,4,1,"Gd",9,"Typ",1,"TA","Attchd",1997,"Unf",2,467,"TA","TA","Y",120,48,0,0,0,0,NA,NA,NA,0,8,2006,"WD","Normal",0,"Test"
"2852",2852,60,"RL",90,11250,"Pave",NA,"IR1","Lvl","AllPub","Corner","Gtl","CollgCr","Norm","Norm","1Fam","2Story","7","5",1998,1998,"Gable","CompShg","VinylSd","VinylSd","BrkFace",227,"TA","TA","PConc","Gd","TA","Mn","ALQ",796,"Unf",0,258,1054,"GasA","Ex","Y","SBrkr",1070,869,0,1939,0,1,2,1,3,1,"Gd",8,"Typ",1,"TA","Attchd",1998,"RFn",3,555,"TA","TA","Y",128,84,0,0,0,0,NA,NA,NA,0,5,2006,"WD","Normal",0,"Test"
"2853",2853,60,"RL",90,11250,"Pave",NA,"Reg","Lvl","AllPub","Corner","Gtl","CollgCr","Norm","Norm","1Fam","2Story","7","5",1995,1996,"Gable","CompShg","VinylSd","VinylSd","None",0,"Gd","Gd","PConc","Gd","Gd","Av","GLQ",685,"Unf",0,245,930,"GasA","Ex","Y","SBrkr",950,1045,0,1995,1,0,2,1,4,1,"Gd",8,"Typ",1,"TA","Attchd",1995,"RFn",2,610,"TA","TA","Y",275,170,0,0,0,0,NA,NA,NA,0,7,2006,"WD","Normal",0,"Test"
"2854",2854,120,"RM",37,4435,"Pave",NA,"Reg","Lvl","AllPub","Inside","Gtl","CollgCr","Norm","Norm","TwnhsE","1Story","6","5",2003,2003,"Gable","CompShg","VinylSd","VinylSd","BrkFace",170,"Gd","TA","PConc","Gd","TA","Av","GLQ",717,"Unf",0,131,848,"GasA","Ex","Y","SBrkr",848,0,0,848,1,0,1,0,1,1,"Gd",4,"Typ",0,NA,"Attchd",2003,"Fin",2,420,"TA","TA","Y",140,0,0,0,0,0,NA,NA,NA,0,4,2006,"WD","Normal",0,"Test"
"2855",2855,20,"RL",70,8810,"Pave",NA,"Reg","Lvl","AllPub","Inside","Gtl","CollgCr","Norm","Norm","1Fam","1Story","7","5",2003,2003,"Gable","CompShg","VinylSd","VinylSd","None",0,"Gd","TA","PConc","Gd","TA","No","GLQ",1000,"Unf",0,390,1390,"GasA","Ex","Y","SBrkr",1390,0,0,1390,1,0,2,0,3,1,"Gd",7,"Typ",0,NA,"Attchd",2003,"RFn",2,545,"TA","TA","Y",0,68,0,0,0,0,NA,NA,NA,0,3,2006,"WD","Normal",0,"Test"
"2856",2856,60,"RL",74,8581,"Pave",NA,"IR1","Lvl","AllPub","Inside","Gtl","CollgCr","Norm","Norm","1Fam","2Story","7","5",2006,2006,"Gable","CompShg","VinylSd","VinylSd","None",0,"Gd","TA","PConc","Gd","Gd","Mn","Unf",0,"Unf",0,851,851,"GasA","Ex","Y","SBrkr",851,886,0,1737,0,0,2,1,3,1,"Gd",7,"Typ",0,NA,"Attchd",2006,"RFn",2,578,"TA","TA","Y",0,105,0,0,0,0,NA,NA,NA,0,8,2006,"New","Partial",0,"Test"
"2857",2857,60,"RL",70,8400,"Pave",NA,"Reg","Lvl","AllPub","Inside","Gtl","CollgCr","Norm","Norm","1Fam","2Story","7","5",2005,2005,"Gable","CompShg","VinylSd","VinylSd","None",0,"Gd","TA","PConc","Gd","TA","Av","Unf",0,"Unf",0,784,784,"GasA","Ex","Y","SBrkr",784,827,0,1611,0,0,2,1,3,1,"Gd",6,"Typ",0,NA,"Attchd",2005,"RFn",2,572,"TA","TA","Y",144,36,0,0,0,0,NA,NA,NA,0,3,2006,"WD","Normal",0,"Test"
"2858",2858,20,"RL",65,8772,"Pave",NA,"Reg","Lvl","AllPub","FR2","Gtl","CollgCr","Norm","Norm","1Fam","1Story","7","5",2005,2006,"Gable","CompShg","VinylSd","VinylSd","None",0,"Gd","TA","PConc","Gd","TA","Mn","GLQ",996,"Unf",0,340,1336,"GasA","Ex","Y","SBrkr",1336,0,0,1336,1,0,2,0,3,1,"Gd",6,"Typ",0,NA,"Attchd",2005,"Unf",2,502,"TA","TA","Y",136,43,0,0,0,0,NA,NA,NA,0,9,2006,"New","Partial",0,"Test"
"2859",2859,70,"RL",67,8777,"Pave",NA,"Reg","Bnk","AllPub","Inside","Gtl","Edwards","Feedr","Norm","1Fam","2Story","4","6",1910,2000,"Gable","CompShg","Plywood","Plywood","None",0,"TA","Gd","CBlock","Gd","TA","No","Rec",173,"BLQ",337,166,676,"GasA","Gd","Y","SBrkr",760,676,0,1436,1,0,2,0,3,1,"TA",6,"Min1",0,NA,"Attchd",1950,"Unf",2,528,"TA","TA","Y",147,0,0,0,0,0,NA,NA,"Shed",420,10,2006,"WD","Normal",0,"Test"
"2860",2860,90,"RL",38,7840,"Pave",NA,"IR1","Lvl","AllPub","CulDSac","Gtl","Edwards","Norm","Norm","Duplex","SFoyer","6","5",1975,1975,"Flat","Tar&Grv","Plywood","Wd Shng","BrkFace",355,"TA","TA","CBlock","Gd","TA","Gd","GLQ",976,"Unf",0,0,976,"GasA","TA","Y","SBrkr",1012,0,0,1012,0,2,2,0,4,0,"TA",4,"Typ",0,NA,NA,NA,NA,0,0,NA,NA,"Y",0,0,0,0,0,0,NA,NA,NA,0,10,2006,"WD","AdjLand",0,"Test"
"2861",2861,20,"RL",73,16133,"Pave",NA,"Reg","HLS","AllPub","Inside","Gtl","Edwards","Norm","Norm","1Fam","1Story","5","4",1969,1969,"Gable","CompShg","HdBoard","Plywood","None",0,"TA","TA","CBlock","Gd","TA","Mn","ALQ",847,"Unf",0,329,1176,"GasA","TA","Y","SBrkr",1176,0,0,1176,1,0,1,0,2,1,"TA",5,"Typ",0,NA,"Attchd",1969,"Unf",1,360,"TA","TA","Y",0,92,0,0,112,0,NA,NA,NA,0,12,2006,"WD","Abnorml",0,"Test"
"2862",2862,60,"RL",62,7162,"Pave",NA,"Reg","Lvl","AllPub","Inside","Gtl","Edwards","Norm","Norm","1Fam","2Story","7","5",2003,2004,"Hip","CompShg","HdBoard","Stucco","BrkFace",190,"Gd","TA","PConc","Gd","TA","No","Unf",0,"Unf",0,796,796,"GasA","Ex","Y","SBrkr",806,918,0,1724,0,0,2,1,3,1,"Gd",8,"Typ",1,"Gd","BuiltIn",2003,"Fin",2,616,"TA","TA","Y",168,57,0,0,0,0,NA,NA,NA,0,5,2006,"WD","Normal",0,"Test"
"2863",2863,20,"RL",75,8050,"Pave",NA,"Reg","Lvl","AllPub","Inside","Gtl","Edwards","Norm","Norm","1Fam","1Story","6","5",2002,2002,"Gable","CompShg","VinylSd","VinylSd",NA,NA,"TA","TA","PConc","Gd","TA","Av","GLQ",475,"ALQ",297,142,914,"GasA","Ex","Y","SBrkr",914,0,0,914,1,0,1,0,2,1,"Gd",4,"Typ",0,NA,NA,NA,NA,0,0,NA,NA,"N",32,0,0,0,0,0,NA,NA,NA,0,4,2006,"WD","Normal",0,"Test"
"2864",2864,60,"RL",90,11060,"Pave",NA,"IR1","Lvl","AllPub","Corner","Gtl","Edwards","Norm","Norm","1Fam","2Story","7","5",2003,2005,"Gable","CompShg","VinylSd","VinylSd","None",0,"Gd","TA","PConc","Ex","TA","No","Unf",0,"Unf",0,1150,1150,"GasA","Ex","Y","SBrkr",1164,1150,0,2314,0,0,2,1,3,1,"Gd",9,"Typ",1,"Ex","BuiltIn",2003,"Fin",2,502,"TA","TA","Y",0,274,0,0,0,0,NA,NA,NA,0,2,2006,"ConLD","Normal",0,"Test"
"2865",2865,180,"RM",35,3675,"Pave",NA,"Reg","Lvl","AllPub","Inside","Gtl","Edwards","Norm","Norm","TwnhsE","SFoyer","6","5",2005,2006,"Gable","CompShg","VinylSd","VinylSd","BrkFace",82,"TA","TA","PConc","Gd","TA","Gd","GLQ",547,"Unf",0,0,547,"GasA","Gd","Y","SBrkr",1072,0,0,1072,1,0,1,0,2,1,"TA",5,"Typ",0,NA,"Basment",2005,"Fin",2,525,"TA","TA","Y",0,44,0,0,0,0,NA,NA,NA,0,10,2006,"New","Partial",0,"Test"
"2866",2866,160,"RM",24,2522,"Pave",NA,"Reg","Lvl","AllPub","Inside","Gtl","Edwards","Norm","Norm","Twnhs","2Story","7","5",2004,2004,"Gable","CompShg","VinylSd","VinylSd","Stone",50,"Gd","TA","PConc","Gd","TA","No","Unf",0,"Unf",0,970,970,"GasA","Ex","Y","SBrkr",970,739,0,1709,0,0,2,0,3,1,"Gd",7,"Maj1",0,NA,"Detchd",2004,"Unf",2,380,"TA","TA","Y",0,40,0,0,0,0,NA,NA,NA,0,5,2006,"WD","Normal",0,"Test"
"2867",2867,50,"RL",56,6956,"Pave",NA,"Reg","Lvl","AllPub","Inside","Gtl","Edwards","Norm","Norm","1Fam","1.5Fin","4","7",1948,1950,"Gable","CompShg","VinylSd","VinylSd","None",0,"TA","Gd","CBlock","Fa","TA","Mn","Unf",0,"Unf",0,624,624,"GasA","Ex","Y","SBrkr",624,312,0,936,0,0,1,0,3,1,"TA",5,"Typ",0,NA,"Attchd",1948,"Unf",1,265,"TA","Po","Y",0,0,0,0,0,0,NA,NA,NA,0,4,2006,"WD","Normal",0,"Test"
"2868",2868,50,"RL",72,7822,"Pave",NA,"Reg","Bnk","AllPub","Corner","Gtl","Edwards","Artery","Norm","1Fam","1.5Fin","6","3",1915,1950,"Gable","CompShg","AsbShng","AsbShng","None",0,"TA","Fa","BrkTil","Fa","Fa","No","Unf",0,"Unf",0,832,832,"GasA","TA","Y","FuseF",846,492,0,1338,0,0,2,0,3,1,"TA",7,"Typ",0,NA,"Detchd",1974,"Unf",2,528,"TA","TA","N",0,0,208,0,0,0,NA,"GdPrv",NA,0,5,2006,"WD","AdjLand",0,"Test"
"2869",2869,50,"RL",62,8707,"Pave",NA,"Reg","Lvl","AllPub","FR2","Gtl","Edwards","Feedr","Norm","1Fam","1.5Fin","4","5",1924,1950,"Gable","CompShg","Wd Sdng","Wd Sdng","None",0,"TA","TA","BrkTil","TA","TA","No","Unf",0,"Unf",0,1093,1093,"GasA","TA","N","FuseF",1093,576,0,1669,0,0,1,1,4,1,"TA",9,"Min2",0,NA,"Attchd",1924,"Unf",1,288,"Fa","TA","Y",0,0,56,0,0,0,NA,NA,NA,0,5,2006,"WD","AdjLand",0,"Test"
"2870",2870,20,"RL",60,16012,"Pave",NA,"IR1","Lvl","AllPub","Inside","Gtl","Edwards","Norm","Norm","1Fam","1Story","4","4",1954,1968,"Hip","CompShg","Wd Sdng","Wd Sdng","BrkFace",60,"TA","TA","CBlock","TA","TA","No","Rec",691,"Unf",0,263,954,"GasA","Ex","Y","SBrkr",1482,0,0,1482,0,1,2,0,3,1,"TA",6,"Min1",1,"Gd","2Types",1956,"Unf",2,609,"TA","TA","Y",0,30,0,0,0,0,NA,"MnPrv",NA,0,10,2006,"WD","Abnorml",0,"Test"
"2871",2871,50,"RL",45,8248,"Pave","Grvl","Reg","Lvl","AllPub","Inside","Gtl","Edwards","Norm","Norm","1Fam","1.5Fin","4","4",1922,1950,"Gable","CompShg","Wd Sdng","Wd Sdng","None",0,"TA","TA","BrkTil","TA","TA","No","Unf",0,"Unf",0,864,864,"GasA","TA","N","SBrkr",964,0,450,1414,0,0,1,0,3,1,"TA",8,"Typ",1,"Gd",NA,NA,NA,0,0,NA,NA,"N",0,0,112,0,0,0,NA,NA,NA,0,9,2006,"COD","Abnorml",0,"Test"
"2872",2872,30,"RL",60,8088,"Pave","Grvl","Reg","Lvl","AllPub","Inside","Gtl","Edwards","Feedr","Norm","1Fam","1Story","2","3",1922,1955,"Gable","CompShg","MetalSd","MetalSd","None",0,"TA","TA","BrkTil","TA","TA","No","Unf",0,"Unf",0,498,498,"GasA","TA","N","FuseF",498,0,0,498,0,0,1,0,1,1,"TA",3,"Typ",0,NA,"Detchd",1922,"Unf",1,216,"Fa","Fa","N",0,0,100,0,0,0,NA,NA,NA,0,2,2006,"ConLD","Normal",0,"Test"
"2873",2873,50,"RL",76,11388,"Pave",NA,"Reg","Low","AllPub","Inside","Mod","Edwards","Norm","Norm","1Fam","1.5Fin","4","7",1910,1993,"Gable","CompShg","VinylSd","Wd Sdng","None",0,"TA","TA","BrkTil","TA","TA","No","Unf",0,"Unf",0,616,616,"GasA","TA","N","SBrkr",1055,218,0,1273,0,0,1,0,3,1,"Gd",5,"Min2",0,NA,"Detchd",1910,"Unf",1,275,"TA","Fa","N",212,0,0,0,0,0,NA,NA,NA,0,9,2006,"WD","Normal",0,"Test"
"2874",2874,50,"RL",60,10890,"Pave",NA,"Reg","Lvl","AllPub","Inside","Gtl","SWISU","Norm","Norm","1Fam","1.5Fin","5","5",1938,1950,"Gable","CompShg","MetalSd","MetalSd","None",0,"TA","TA","BrkTil","Fa","TA","No","LwQ",930,"Unf",0,128,1058,"GasA","TA","Y","SBrkr",1058,493,0,1551,1,0,2,0,3,1,"Fa",6,"Typ",0,NA,"Detchd",1938,"Unf",1,240,"Fa","TA","Y",0,0,0,0,0,0,NA,"MnPrv",NA,0,7,2006,"WD","Normal",0,"Test"
"2875",2875,190,"RH",58,6430,"Pave",NA,"Reg","Bnk","AllPub","Corner","Gtl","SWISU","Feedr","Norm","2fmCon","1.5Fin","6","6",1945,1950,"Gable","CompShg","Wd Sdng","Wd Sdng","None",0,"TA","TA","CBlock","TA","TA","Av","BLQ",780,"Unf",0,0,780,"GasA","TA","N","FuseF",816,524,0,1340,1,0,1,0,3,1,"TA",6,"Typ",0,NA,"Attchd",1945,"Unf",1,440,"TA","TA","Y",0,0,0,0,0,0,NA,NA,NA,0,7,2006,"WD","Abnorml",0,"Test"
"2876",2876,70,"RL",43,7000,"Pave",NA,"Reg","Lvl","AllPub","Inside","Gtl","SWISU","Feedr","Norm","1Fam","2Story","7","8",1926,1997,"Gable","CompShg","Wd Sdng","Stucco","None",0,"TA","TA","BrkTil","TA","TA","No","ALQ",424,"Unf",0,200,624,"GasA","Ex","Y","SBrkr",743,736,0,1479,1,0,1,0,3,1,"Gd",6,"Typ",2,"Gd","Detchd",1926,"Unf",1,312,"TA","TA","Y",530,0,56,0,0,0,NA,"MnPrv",NA,0,5,2006,"WD","Normal",0,"Test"
"2877",2877,70,"RL",69,4899,"Pave",NA,"Reg","HLS","AllPub","Corner","Gtl","SWISU","Norm","Norm","1Fam","2Story","6","8",1920,1950,"Gable","CompShg","MetalSd","MetalSd","None",0,"TA","TA","PConc","TA","TA","No","BLQ",305,"Unf",0,450,755,"GasA","Ex","Y","SBrkr",755,755,0,1510,0,0,1,0,3,1,"TA",6,"Typ",0,NA,"Detchd",1920,"Unf",1,216,"TA","TA","Y",0,0,164,0,0,0,NA,NA,NA,0,6,2006,"WD","Normal",0,"Test"
"2878",2878,70,"RL",54,9399,"Pave",NA,"Reg","Bnk","AllPub","Inside","Gtl","Crawfor","Norm","Norm","1Fam","2.5Unf","7","8",1919,1950,"Gable","CompShg","MetalSd","Stucco","None",0,"TA","TA","BrkTil","TA","TA","Mn","Unf",0,"Unf",0,818,818,"GasA","TA","Y","SBrkr",818,818,0,1636,0,0,1,1,4,1,"Gd",7,"Typ",1,"Gd","Detchd",1919,"Unf",1,288,"Fa","TA","N",0,0,212,0,0,0,NA,NA,NA,0,9,2006,"WD","Abnorml",0,"Test"
"2879",2879,50,"RL",84,10164,"Pave",NA,"Reg","Bnk","AllPub","Inside","Gtl","SWISU","Norm","Norm","1Fam","1.5Fin","5","5",1939,1950,"Gable","CompShg","VinylSd","VinylSd","None",0,"TA","TA","CBlock","TA","Fa","Av","LwQ",646,"Unf",0,346,992,"GasA","Fa","Y","SBrkr",992,473,0,1465,0,0,2,0,3,1,"TA",6,"Typ",2,"TA","Detchd",1939,"Unf",1,240,"TA","TA","Y",0,126,0,0,0,0,NA,NA,NA,0,7,2006,"WD","Normal",0,"Test"
"2880",2880,50,"RL",51,6191,"Pave",NA,"Reg","Lvl","AllPub","Corner","Gtl","SWISU","Norm","Norm","1Fam","1.5Fin","5","4",1941,1950,"Gable","CompShg","Wd Sdng","Wd Sdng","None",0,"TA","TA","CBlock","Fa","Fa","No","LwQ",384,"Unf",0,440,824,"GasA","TA","N","SBrkr",824,464,0,1288,0,0,1,0,4,1,"TA",6,"Typ",0,NA,"Detchd",1941,"Unf",1,240,"TA","TA","Y",0,0,0,0,0,0,NA,NA,NA,0,11,2006,"WD","Normal",0,"Test"
"2881",2881,50,"RL",66,21780,"Pave",NA,"Reg","Lvl","AllPub","Inside","Gtl","Crawfor","Norm","Norm","1Fam","2Story","6","5",1920,1950,"Gable","CompShg","Wd Sdng","Wd Shng","None",0,"TA","TA","PConc","TA","Fa","No","Unf",0,"Unf",0,817,817,"GasA","Gd","Y","FuseF",940,610,0,1550,0,0,1,1,3,1,"TA",7,"Min2",1,"TA","Detchd",1937,"Unf",1,318,"TA","TA","P",0,0,429,0,0,0,NA,"MnPrv",NA,0,9,2006,"WD","Normal",0,"Test"
"2882",2882,50,"RL",80,12400,"Pave",NA,"Reg","HLS","AllPub","Inside","Mod","Crawfor","Norm","Norm","1Fam","1.5Fin","5","6",1940,1950,"Gable","CompShg","Wd Sdng","Wd Sdng","None",0,"TA","TA","CBlock","Gd","TA","Mn","BLQ",602,"Unf",0,299,901,"GasA","TA","Y","SBrkr",1125,592,0,1717,0,0,1,1,2,1,"TA",7,"Typ",1,"Gd","Attchd",1940,"Unf",1,410,"TA","TA","Y",0,0,0,0,113,0,NA,NA,NA,0,2,2006,"WD","Normal",0,"Test"
"2883",2883,50,"RL",81,8170,"Pave",NA,"IR1","Lvl","AllPub","Inside","Gtl","Crawfor","Norm","Norm","1Fam","1.5Fin","7","7",1929,1950,"Gable","CompShg","Stucco","Wd Sdng","BrkFace",270,"Gd","Gd","BrkTil","TA","TA","No","ALQ",526,"Unf",0,496,1022,"GasA","Ex","Y","FuseA",1122,549,0,1671,0,0,2,0,4,1,"TA",7,"Typ",1,"Gd","Detchd",1963,"Unf",2,451,"TA","TA","Y",0,0,0,0,0,0,NA,NA,NA,0,2,2006,"WD","Normal",0,"Test"
"2884",2884,70,"RL",70,12320,"Pave",NA,"IR1","HLS","AllPub","Inside","Gtl","Crawfor","Norm","Norm","1Fam","2Story","7","7",1932,1990,"Gable","CompShg","Wd Sdng","Wd Sdng","None",0,"TA","TA","BrkTil","TA","TA","No","Unf",0,"Unf",0,637,637,"GasA","Ex","Y","SBrkr",959,650,0,1609,0,0,1,1,3,1,"Gd",8,"Typ",2,"Gd","2Types",1963,"Unf",3,579,"TA","TA","Y",0,0,0,0,104,0,NA,"GdWo",NA,0,5,2006,"WD","Normal",0,"Test"
"2885",2885,70,"RL",70,14210,"Pave",NA,"IR1","Lvl","AllPub","Inside","Gtl","Crawfor","Norm","Norm","1Fam","2Story","6","7",1930,1959,"Gable","CompShg","Wd Sdng","Wd Sdng","None",0,"TA","TA","PConc","TA","TA","No","Unf",0,"Unf",0,697,697,"GasA","Ex","Y","SBrkr",1104,697,0,1801,0,0,1,1,3,1,"TA",8,"Typ",1,"Gd","Attchd",1930,"Unf",2,365,"Fa","TA","Y",0,90,0,0,0,0,NA,"MnPrv",NA,0,11,2006,"WD","Normal",0,"Test"
"2886",2886,60,"RL",78,15600,"Pave",NA,"Reg","Lvl","AllPub","Inside","Gtl","Crawfor","Norm","Norm","1Fam","2Story","5","7",1950,1963,"Gable","CompShg","Wd Sdng","Wd Sdng","BrkFace",405,"TA","Gd","CBlock","Gd","TA","No","GLQ",760,"Unf",0,408,1168,"GasA","Gd","Y","SBrkr",1278,1037,0,2315,1,0,2,0,4,1,"TA",9,"Typ",3,"Gd","Attchd",1950,"Fin",1,342,"TA","TA","Y",0,0,0,0,192,0,NA,NA,NA,0,7,2006,"WD","Normal",0,"Test"
"2887",2887,30,"RM",50,7288,"Pave",NA,"Reg","Lvl","AllPub","Inside","Gtl","IDOTRR","Artery","Norm","1Fam","1Story","5","6",1942,1950,"Gable","CompShg","MetalSd","MetalSd","None",0,"TA","TA","CBlock","TA","TA","Mn","Rec",305,"Unf",0,671,976,"GasA","TA","N","SBrkr",976,0,0,976,1,0,1,0,2,1,"TA",5,"Typ",0,NA,"Detchd",1942,"Unf",1,215,"TA","TA","N",160,0,0,0,0,0,NA,NA,NA,0,8,2006,"WD","AdjLand",0,"Test"
"2888",2888,50,"RM",50,7000,"Pave",NA,"Reg","Lvl","AllPub","Inside","Gtl","IDOTRR","Norm","Norm","1Fam","1.5Fin","6","7",1926,1950,"Hip","CompShg","MetalSd","MetalSd","None",0,"TA","TA","PConc","TA","TA","No","ALQ",374,"Unf",0,487,861,"GasA","Ex","Y","SBrkr",861,424,0,1285,0,1,1,0,3,1,"TA",6,"Typ",0,NA,"Detchd",1950,"Fin",2,506,"TA","TA","Y",96,0,132,0,0,0,NA,"MnPrv",NA,0,5,2006,"WD","Normal",0,"Test"
"2889",2889,30,"RM",61,8534,"Pave",NA,"Reg","Low","AllPub","Inside","Gtl","IDOTRR","Norm","Norm","1Fam","1Story","4","4",1925,1950,"Gable","CompShg","Wd Sdng","Wd Sdng","None",0,"TA","TA","BrkTil","Fa","TA","No","Unf",0,"Unf",0,432,432,"GasA","TA","N","FuseA",672,0,0,672,0,0,1,0,2,1,"TA",4,"Min1",0,NA,NA,NA,NA,0,0,NA,NA,"N",0,0,112,0,0,0,NA,"GdWo",NA,0,6,2006,"WD","Normal",0,"Test"
"2890",2890,30,"RM",50,7030,"Pave",NA,"Reg","Lvl","AllPub","Inside","Gtl","IDOTRR","Norm","Norm","1Fam","1Story","4","6",1925,1950,"Gable","CompShg","MetalSd","MetalSd","None",0,"TA","TA","BrkTil","TA","TA","No","Unf",0,"Unf",0,641,641,"GasA","Gd","Y","SBrkr",641,0,0,641,0,0,1,0,2,1,"Fa",4,"Typ",0,NA,"Detchd",1925,"Unf",1,272,"TA","TA","N",184,0,70,0,0,0,NA,"MnPrv",NA,0,3,2006,"WD","Normal",0,"Test"
"2891",2891,50,"RM",75,9060,"Pave",NA,"Reg","Lvl","AllPub","Inside","Gtl","IDOTRR","Norm","Norm","1Fam","1.5Fin","6","5",1957,1957,"Gable","CompShg","MetalSd","MetalSd","BrkFace",327,"TA","TA","CBlock","TA","TA","No","Unf",0,"Unf",0,967,967,"GasA","Gd","Y","SBrkr",967,671,0,1638,0,0,2,0,4,1,"Gd",6,"Typ",0,NA,"Detchd",1957,"Unf",1,384,"TA","TA","Y",0,21,0,0,0,0,NA,NA,NA,0,4,2006,"WD","Normal",0,"Test"
"2892",2892,30,"C (all)",69,12366,"Pave",NA,"Reg","Lvl","AllPub","Inside","Gtl","IDOTRR","Feedr","Norm","1Fam","1Story","3","5",1945,1950,"Gable","CompShg","Wd Sdng","Wd Sdng","None",0,"TA","TA","Slab",NA,NA,NA,NA,0,NA,0,0,0,"GasA","TA","N","SBrkr",729,0,0,729,0,0,1,0,2,1,"TA",5,"Mod",0,NA,NA,NA,NA,0,0,NA,NA,"N",0,0,23,0,0,0,NA,NA,NA,0,10,2006,"WD","Abnorml",0,"Test"
"2893",2893,190,"C (all)",50,9000,"Pave",NA,"Reg","Lvl","AllPub","Inside","Gtl","IDOTRR","Norm","Norm","2fmCon","1.5Fin","5","6",1951,1951,"Gable","CompShg","WdShing","Wd Shng","None",0,"Fa","Fa","CBlock","TA","TA","Mn","Unf",0,"Unf",0,660,660,"GasA","TA","N","SBrkr",1060,336,0,1396,0,0,2,0,4,2,"TA",8,"Min2",0,NA,NA,NA,NA,0,0,NA,NA,"Y",0,0,0,0,0,0,NA,NA,NA,0,10,2006,"WD","Abnorml",0,"Test"
"2894",2894,50,"C (all)",60,8520,"Grvl",NA,"Reg","Bnk","AllPub","Inside","Gtl","IDOTRR","Norm","Norm","1Fam","1.5Fin","3","5",1916,1950,"Gable","CompShg","MetalSd","MetalSd","None",0,"TA","TA","PConc","Fa","Fa","No","Unf",0,"Unf",0,216,216,"GasA","Fa","N","SBrkr",576,360,0,936,0,0,1,0,2,1,"TA",6,"Typ",0,NA,NA,NA,NA,0,0,NA,NA,"N",0,0,0,0,0,0,NA,NA,NA,0,4,2006,"WD","Normal",0,"Test"
"2895",2895,120,"RM",41,5748,"Pave",NA,"IR1","HLS","AllPub","Inside","Mod","Crawfor","Norm","Norm","TwnhsE","1Story","8","5",2005,2006,"Hip","CompShg","CemntBd","CmentBd","Stone",473,"Gd","TA","PConc","Ex","TA","Gd","GLQ",1573,"Unf",0,0,1573,"GasA","Ex","Y","SBrkr",1778,0,0,1778,2,0,2,0,2,1,"Ex",5,"Typ",1,"Gd","Attchd",2005,"Fin",2,495,"TA","TA","Y",123,53,0,0,153,0,NA,NA,NA,0,2,2006,"New","Partial",0,"Test"
"2896",2896,120,"RM",44,3842,"Pave",NA,"IR1","HLS","AllPub","Inside","Mod","Crawfor","Norm","Norm","TwnhsE","1Story","8","5",2004,2005,"Hip","CompShg","CemntBd","CmentBd","Stone",186,"Gd","TA","PConc","Ex","TA","Gd","GLQ",1564,"Unf",0,30,1594,"GasA","Ex","Y","SBrkr",1646,0,0,1646,1,1,2,0,2,1,"Gd",5,"Typ",1,"Gd","Attchd",2004,"Fin",2,525,"TA","TA","Y",128,53,0,0,155,0,NA,NA,NA,0,12,2006,"WD","Normal",0,"Test"
"2897",2897,20,"RL",69,23580,"Pave",NA,"IR1","Lvl","AllPub","Inside","Mod","Mitchel","Norm","Norm","1Fam","1Story","6","6",1979,1979,"Gable","CompShg","Plywood","Plywood","None",0,"TA","TA","CBlock","Gd","TA","Gd","GLQ",776,"Unf",0,849,1625,"GasA","TA","Y","SBrkr",1625,0,0,1625,0,1,2,0,3,1,"Fa",6,"Typ",1,"TA","Attchd",1979,"Fin",2,576,"TA","TA","Y",136,28,0,0,0,0,NA,NA,NA,0,9,2006,"WD","Normal",0,"Test"
"2898",2898,90,"RL",65,8385,"Pave",NA,"Reg","Lvl","AllPub","Inside","Gtl","Mitchel","Norm","Norm","Duplex","1Story","6","5",1978,1978,"Gable","CompShg","Plywood","Plywood","None",0,"TA","TA","CBlock","TA","TA","Mn","Unf",0,"Unf",0,1664,1664,"GasA","TA","Y","SBrkr",1664,0,0,1664,0,0,2,0,4,2,"TA",10,"Typ",0,NA,"2Types",1978,"Unf",2,616,"TA","TA","Y",0,0,0,0,0,0,NA,NA,NA,0,10,2006,"WD","Normal",0,"Test"
"2899",2899,20,"RL",70,9116,"Pave",NA,"Reg","Lvl","AllPub","Corner","Gtl","Mitchel","Norm","Norm","1Fam","1Story","8","5",2001,2001,"Hip","CompShg","VinylSd","VinylSd","None",0,"Gd","TA","PConc","Ex","TA","No","Unf",0,"Unf",0,1491,1491,"GasA","Ex","Y","SBrkr",1491,0,0,1491,0,0,2,0,3,1,"Gd",7,"Typ",0,NA,"Attchd",2001,"RFn",2,490,"TA","TA","Y",120,100,0,0,0,0,NA,NA,NA,0,5,2006,"WD","Normal",0,"Test"
"2900",2900,80,"RL",140,11080,"Pave",NA,"Reg","Lvl","AllPub","Corner","Gtl","Mitchel","Norm","Norm","1Fam","SLvl","6","6",1975,1975,"Gable","CompShg","Plywood","Plywood","BrkFace",257,"TA","TA","CBlock","TA","TA","Av","GLQ",576,"Unf",0,552,1128,"GasA","TA","Y","SBrkr",1210,0,0,1210,1,0,2,0,3,1,"TA",6,"Typ",0,NA,"Attchd",1975,"Unf",2,528,"TA","TA","Y",0,0,0,0,0,0,NA,NA,NA,0,5,2006,"WD","Normal",0,"Test"
"2901",2901,20,"RL",NA,50102,"Pave",NA,"IR1","Low","AllPub","Inside","Mod","Timber","Norm","Norm","1Fam","1Story","6","5",1958,1958,"Gable","Tar&Grv","Plywood","Plywood","None",0,"TA","TA","CBlock","Gd","TA","Gd","BLQ",909,"Unf",0,723,1632,"GasA","TA","Y","SBrkr",1650,0,0,1650,1,0,1,0,2,1,"TA",6,"Typ",2,"Gd","Attchd",1958,"Unf",2,518,"TA","TA","Y",0,0,0,0,138,0,NA,NA,NA,0,3,2006,"WD","Alloca",0,"Test"
"2902",2902,20,"RL",NA,8098,"Pave",NA,"IR1","Lvl","AllPub","Inside","Gtl","Timber","Norm","Norm","1Fam","1Story","6","5",2000,2000,"Gable","CompShg","VinylSd","VinylSd","None",0,"Gd","TA","Wood","Gd","TA","Av","GLQ",1136,"BLQ",116,129,1381,"GasA","Ex","Y","SBrkr",1403,0,0,1403,1,0,2,0,2,1,"Gd",5,"Typ",0,NA,"Attchd",2000,"Unf",2,470,"TA","TA","Y",0,173,0,0,0,0,NA,NA,NA,0,10,2006,"WD","Normal",0,"Test"
"2903",2903,20,"RL",95,13618,"Pave",NA,"Reg","Lvl","AllPub","Corner","Gtl","Timber","Norm","Norm","1Fam","1Story","8","5",2005,2006,"Gable","CompShg","VinylSd","VinylSd","Stone",198,"Gd","TA","PConc","Ex","Gd","Av","GLQ",1350,"Unf",0,378,1728,"GasA","Ex","Y","SBrkr",1960,0,0,1960,1,0,2,0,3,1,"Gd",8,"Typ",2,"Gd","Attchd",2005,"Fin",3,714,"TA","TA","Y",172,38,0,0,0,0,NA,NA,NA,0,11,2006,"New","Partial",0,"Test"
"2904",2904,20,"RL",88,11577,"Pave",NA,"Reg","Lvl","AllPub","Inside","Gtl","Timber","Norm","Norm","1Fam","1Story","9","5",2005,2006,"Hip","CompShg","VinylSd","VinylSd","BrkFace",382,"Ex","TA","PConc","Gd","TA","Gd","GLQ",1455,"Unf",0,383,1838,"GasA","Ex","Y","SBrkr",1838,0,0,1838,1,0,2,0,3,1,"Ex",9,"Typ",1,"Gd","Attchd",2005,"Fin",3,682,"TA","TA","Y",161,225,0,0,0,0,NA,NA,NA,0,9,2006,"New","Partial",0,"Test"
"2905",2905,20,NA,125,31250,"Pave",NA,"Reg","Lvl","AllPub","Inside","Gtl","Mitchel","Artery","Norm","1Fam","1Story","1","3",1951,1951,"Gable","CompShg","CBlock","VinylSd","None",0,"TA","Fa","CBlock",NA,NA,NA,NA,0,NA,0,0,0,"GasA","TA","Y","FuseA",1600,0,0,1600,0,0,1,1,3,1,"TA",6,"Mod",0,NA,"Attchd",1951,"Unf",1,270,"Fa","TA","N",0,0,135,0,0,0,NA,NA,NA,0,5,2006,"WD","Normal",0,"Test"
"2906",2906,90,"RM",78,7020,"Pave",NA,"Reg","Lvl","AllPub","Inside","Gtl","Mitchel","Norm","Norm","Duplex","SFoyer","7","5",1997,1997,"Gable","CompShg","MetalSd","MetalSd","BrkFace",200,"TA","Gd","PConc","Gd","TA","Gd","GLQ",1243,"Unf",0,45,1288,"GasA","Gd","Y","SBrkr",1368,0,0,1368,2,0,2,0,2,2,"TA",8,"Typ",0,NA,"Attchd",1997,"Fin",4,784,"TA","TA","Y",0,48,0,0,0,0,NA,NA,NA,0,11,2006,"WD","Normal",0,"Test"
"2907",2907,160,"RM",41,2665,"Pave",NA,"Reg","Lvl","AllPub","Inside","Gtl","MeadowV","Norm","Norm","TwnhsE","2Story","5","6",1977,1977,"Gable","CompShg","CemntBd","CmentBd","None",0,"TA","TA","PConc","Gd","TA","Mn","Unf",0,"Unf",0,264,264,"GasA","TA","Y","SBrkr",616,688,0,1304,0,0,1,1,3,1,"TA",5,"Typ",1,"TA","BuiltIn",1977,"RFn",1,336,"TA","TA","Y",141,0,0,0,0,0,NA,NA,NA,0,5,2006,"WD","Normal",0,"Test"
"2908",2908,20,"RL",58,10172,"Pave",NA,"IR1","Lvl","AllPub","Inside","Gtl","Mitchel","Norm","Norm","1Fam","1Story","5","7",1968,2003,"Gable","CompShg","Plywood","Plywood","None",0,"TA","TA","CBlock","TA","TA","No","ALQ",441,"Unf",0,423,864,"GasA","Ex","Y","SBrkr",874,0,0,874,1,0,1,0,3,1,"TA",5,"Typ",0,NA,"Attchd",1968,"RFn",1,288,"TA","TA","Y",0,120,0,0,0,0,NA,NA,NA,0,10,2006,"WD","Normal",0,"Test"
"2909",2909,90,"RL",NA,11836,"Pave",NA,"IR1","Lvl","AllPub","Corner","Gtl","Mitchel","Norm","Norm","Duplex","1Story","5","5",1970,1970,"Gable","CompShg","Plywood","Plywood","None",0,"TA","TA","CBlock","TA","TA","No","BLQ",149,"Unf",0,1503,1652,"GasA","TA","Y","SBrkr",1652,0,0,1652,0,0,2,0,4,2,"TA",8,"Typ",0,NA,"2Types",1970,"Unf",3,928,"TA","TA","Y",0,0,0,0,0,0,NA,NA,NA,0,3,2006,"WD","Normal",0,"Test"
"2910",2910,180,"RM",21,1470,"Pave",NA,"Reg","Lvl","AllPub","Inside","Gtl","MeadowV","Norm","Norm","Twnhs","SFoyer","4","6",1970,1970,"Gable","CompShg","CemntBd","CmentBd","None",0,"TA","TA","CBlock","Gd","TA","Av","GLQ",522,"Unf",0,108,630,"GasA","TA","Y","SBrkr",630,0,0,630,1,0,1,0,1,1,"TA",3,"Typ",0,NA,NA,NA,NA,0,0,NA,NA,"Y",0,0,0,0,0,0,NA,NA,NA,0,4,2006,"WD","Normal",0,"Test"
"2911",2911,160,"RM",21,1484,"Pave",NA,"Reg","Lvl","AllPub","Inside","Gtl","MeadowV","Norm","Norm","TwnhsE","2Story","4","4",1972,1972,"Gable","CompShg","CemntBd","CmentBd","None",0,"TA","TA","CBlock","TA","TA","No","Rec",252,"Unf",0,294,546,"GasA","TA","Y","SBrkr",546,546,0,1092,0,0,1,1,3,1,"TA",5,"Typ",0,NA,"Attchd",1972,"Unf",1,253,"TA","Fa","Y",0,0,0,0,0,0,NA,NA,NA,0,5,2006,"WD","Normal",0,"Test"
"2912",2912,20,"RL",80,13384,"Pave",NA,"Reg","Lvl","AllPub","Inside","Mod","Mitchel","Norm","Norm","1Fam","1Story","5","5",1969,1979,"Gable","CompShg","Plywood","Plywood","BrkFace",194,"TA","TA","PConc","TA","TA","Av","Rec",119,"BLQ",344,641,1104,"GasA","Fa","Y","SBrkr",1360,0,0,1360,1,0,1,0,3,1,"TA",8,"Typ",1,"TA","Attchd",1969,"RFn",1,336,"TA","TA","Y",160,0,0,0,0,0,NA,NA,NA,0,5,2006,"WD","Normal",0,"Test"
"2913",2913,160,"RM",21,1533,"Pave",NA,"Reg","Lvl","AllPub","Inside","Gtl","MeadowV","Norm","Norm","Twnhs","2Story","4","5",1970,1970,"Gable","CompShg","CemntBd","CmentBd","None",0,"TA","TA","CBlock","TA","TA","No","Rec",408,"Unf",0,138,546,"GasA","TA","Y","SBrkr",546,546,0,1092,0,0,1,1,3,1,"TA",5,"Typ",0,NA,"CarPort",1970,"Unf",1,286,"TA","TA","Y",0,0,0,0,0,0,NA,NA,NA,0,12,2006,"WD","Abnorml",0,"Test"
"2914",2914,160,"RM",21,1526,"Pave",NA,"Reg","Lvl","AllPub","Inside","Gtl","MeadowV","Norm","Norm","Twnhs","2Story","4","5",1970,1970,"Gable","CompShg","CemntBd","CmentBd","None",0,"TA","TA","CBlock","TA","TA","No","Unf",0,"Unf",0,546,546,"GasA","TA","Y","SBrkr",546,546,0,1092,0,0,1,1,3,1,"TA",5,"Typ",0,NA,NA,NA,NA,0,0,NA,NA,"Y",0,34,0,0,0,0,NA,"GdPrv",NA,0,6,2006,"WD","Normal",0,"Test"
"2915",2915,160,"RM",21,1936,"Pave",NA,"Reg","Lvl","AllPub","Inside","Gtl","MeadowV","Norm","Norm","Twnhs","2Story","4","7",1970,1970,"Gable","CompShg","CemntBd","CmentBd","None",0,"TA","TA","CBlock","TA","TA","No","Unf",0,"Unf",0,546,546,"GasA","Gd","Y","SBrkr",546,546,0,1092,0,0,1,1,3,1,"TA",5,"Typ",0,NA,NA,NA,NA,0,0,NA,NA,"Y",0,0,0,0,0,0,NA,NA,NA,0,6,2006,"WD","Normal",0,"Test"
"2916",2916,160,"RM",21,1894,"Pave",NA,"Reg","Lvl","AllPub","Inside","Gtl","MeadowV","Norm","Norm","TwnhsE","2Story","4","5",1970,1970,"Gable","CompShg","CemntBd","CmentBd","None",0,"TA","TA","CBlock","TA","TA","No","Rec",252,"Unf",0,294,546,"GasA","TA","Y","SBrkr",546,546,0,1092,0,0,1,1,3,1,"TA",6,"Typ",0,NA,"CarPort",1970,"Unf",1,286,"TA","TA","Y",0,24,0,0,0,0,NA,NA,NA,0,4,2006,"WD","Abnorml",0,"Test"
"2917",2917,20,"RL",160,20000,"Pave",NA,"Reg","Lvl","AllPub","Inside","Gtl","Mitchel","Norm","Norm","1Fam","1Story","5","7",1960,1996,"Gable","CompShg","VinylSd","VinylSd","None",0,"TA","TA","CBlock","TA","TA","No","ALQ",1224,"Unf",0,0,1224,"GasA","Ex","Y","SBrkr",1224,0,0,1224,1,0,1,0,4,1,"TA",7,"Typ",1,"TA","Detchd",1960,"Unf",2,576,"TA","TA","Y",474,0,0,0,0,0,NA,NA,NA,0,9,2006,"WD","Abnorml",0,"Test"
"2918",2918,85,"RL",62,10441,"Pave",NA,"Reg","Lvl","AllPub","Inside","Gtl","Mitchel","Norm","Norm","1Fam","SFoyer","5","5",1992,1992,"Gable","CompShg","HdBoard","Wd Shng","None",0,"TA","TA","PConc","Gd","TA","Av","GLQ",337,"Unf",0,575,912,"GasA","TA","Y","SBrkr",970,0,0,970,0,1,1,0,3,1,"TA",6,"Typ",0,NA,NA,NA,NA,0,0,NA,NA,"Y",80,32,0,0,0,0,NA,"MnPrv","Shed",700,7,2006,"WD","Normal",0,"Test"
"2919",2919,60,"RL",74,9627,"Pave",NA,"Reg","Lvl","AllPub","Inside","Mod","Mitchel","Norm","Norm","1Fam","2Story","7","5",1993,1994,"Gable","CompShg","HdBoard","HdBoard","BrkFace",94,"TA","TA","PConc","Gd","TA","Av","LwQ",758,"Unf",0,238,996,"GasA","Ex","Y","SBrkr",996,1004,0,2000,0,0,2,1,3,1,"TA",9,"Typ",1,"TA","Attchd",1993,"Fin",3,650,"TA","TA","Y",190,48,0,0,0,0,NA,NA,NA,0,11,2006,"WD","Normal",0,"Test"
